#becを1度づつ計算したもの．
1.460404615776922482e-06 -1.066333997722345629e-05 5.348830942932770657e-03
4.192438588015233556e-06 -1.035181126975123810e-04 1.069583005501893030e-02
8.021404444968997647e-06 -2.784510452935999060e-04 1.603898044489728003e-02
1.308117301940919301e-05 -5.355558186353911966e-04 2.137592270081772536e-02
1.926753688059576711e-05 -8.747265262154191529e-04 2.670526976229046362e-02
2.660021530981016523e-05 -1.296064763592846489e-03 3.202472026469644489e-02
3.513946663497684444e-05 -1.799374614334624473e-03 3.733170619091602527e-02
4.459463636739474722e-05 -2.384737367423026520e-03 4.262445395361309786e-02
5.515928487143824513e-05 -3.052074896395161330e-03 4.790136282538962759e-02
6.672910066406901729e-05 -3.801226705255485953e-03 5.315953403584703502e-02
7.938628230822990912e-05 -4.632272202045704598e-03 5.839713142834891679e-02
9.279496787459724739e-05 -5.544820237400048188e-03 6.361136017960189459e-02
1.070415366748811106e-04 -6.539304593791013878e-03 6.880165407286717438e-02
1.219562991284394078e-04 -7.615105482925071945e-03 7.396562051988024578e-02
1.375198805035609412e-04 -8.772463703033476362e-03 7.910132253556845239e-02
1.536417893518924314e-04 -1.001082901635658856e-02 8.420546596982221577e-02
1.703518605031471541e-04 -1.133053834583629647e-02 8.927752013066389547e-02
1.874295023444851255e-04 -1.273095908634520185e-02 9.431540515818892523e-02
2.049260684116219850e-04 -1.421269223361598492e-02 9.931824654777714201e-02
2.227795857533163373e-04 -1.577474591557968472e-02 1.042828439097084059e-01
2.408246236552180955e-04 -1.741732088338598591e-02 1.092082838982391807e-01
2.590607747859434949e-04 -1.914001580729933483e-02 1.140927126113376738e-01
2.772581029150228654e-04 -2.094277751523163783e-02 1.189349385251861624e-01
2.955048100444380293e-04 -2.282546405138199258e-02 1.237331365550159989e-01
3.136698343245856915e-04 -2.478774438414304074e-02 1.284854816536713240e-01
3.315573393565105680e-04 -2.682988979132175378e-02 1.331917090591793473e-01
3.491885325222455431e-04 -2.895055369717659810e-02 1.378487810777861700e-01
3.664292510376745732e-04 -3.114963162437167990e-02 1.424560744205422280e-01
3.832438130008267250e-04 -3.342718956840351474e-02 1.470120161389180113e-01
3.995118893476551076e-04 -3.578305714136875704e-02 1.515162063654903746e-01
4.151763869578714637e-04 -3.821638821818791609e-02 1.559664601814622076e-01
4.302148075425540918e-04 -4.072699157038379286e-02 1.603617452997811998e-01
4.445710665781864280e-04 -4.331359819082225560e-02 1.647000947575932295e-01
4.580965610139955263e-04 -4.597657395581437878e-02 1.689813592088412753e-01
4.708384623247674526e-04 -4.871516554330939525e-02 1.732037459671538493e-01
4.826242028584813888e-04 -5.152988976608351146e-02 1.773673641766592701e-01
4.934544613182342051e-04 -5.441935049047286199e-02 1.814700916545521070e-01
5.034562192080050454e-04 -5.738312374667944166e-02 1.855108306638604543e-01
5.123350716704308137e-04 -6.042098438669185612e-02 1.894894391310391335e-01
5.202148537787247649e-04 -6.353167660342930179e-02 1.934041117068510396e-01
5.270083730328612532e-04 -6.671560933837844543e-02 1.972549247675940143e-01
5.326587442575417535e-04 -6.997104181669476508e-02 2.010402367777832933e-01
5.371805189887848397e-04 -7.329760146909941598e-02 2.047590773286151744e-01
5.406346208636833963e-04 -7.669497631460811538e-02 2.084110398713293066e-01
5.427919667596138109e-04 -8.016249827427045227e-02 2.119956121360292156e-01
5.437638839427591086e-04 -8.369875101469578804e-02 2.155113661981425399e-01
5.434696637447126045e-04 -8.730360711519910555e-02 2.189584037692273444e-01
5.420891351331855049e-04 -9.097607539133281684e-02 2.223353475929943368e-01
5.395157628525771827e-04 -9.471508400013356477e-02 2.256411895042240712e-01
5.358176995642489329e-04 -9.852063156745383132e-02 2.288759054325999465e-01
5.309581176852393690e-04 -1.023903130158594493e-01 2.320381289215553422e-01
5.250500127308880627e-04 -1.063252904474443483e-01 2.351283439083623195e-01
5.181185423280844880e-04 -1.103233302613694927e-01 2.381451194744671207e-01
5.101053695506796177e-04 -1.143836335569873019e-01 2.410880213410345474e-01
5.011797763793830176e-04 -1.185054063134507590e-01 2.439562776875668360e-01
4.913501774435528966e-04 -1.226872975672639587e-01 2.467495679098552497e-01
4.806880127434556534e-04 -1.269284935480830268e-01 2.494671804863689279e-01
4.692182453660833329e-04 -1.312277787332808698e-01 2.521087539318093151e-01
4.570361123414687756e-04 -1.355841438361884144e-01 2.546741372349815014e-01
4.441454087684255318e-04 -1.399966879666273423e-01 2.571630817226893684e-01
4.305917468334947030e-04 -1.444639770940026879e-01 2.595748307554495704e-01
4.164592840334893197e-04 -1.489846368172441649e-01 2.619088898426081280e-01
4.018607887710826066e-04 -1.535566573986480721e-01 2.641646387405410801e-01
3.867716386146554611e-04 -1.581801809575087148e-01 2.663424424500293597e-01
3.714716157379400812e-04 -1.628530311804196051e-01 2.684415564672448240e-01
3.559694552510338987e-04 -1.675737336808366396e-01 2.704617981106142710e-01
3.401934525436906996e-04 -1.723413016435061396e-01 2.724028591598680049e-01
3.244501570134377864e-04 -1.771541367437338144e-01 2.742643248265520528e-01
3.085823988122923345e-04 -1.820098514345584728e-01 2.760454649470782673e-01
2.929173519690053879e-04 -1.869083908464879429e-01 2.777469365190661232e-01
2.772676489033805056e-04 -1.918466843587693094e-01 2.793680348422244997e-01
2.620037899491498945e-04 -1.968242884209536747e-01 2.809089986810348050e-01
2.469758229551573888e-04 -2.018378539291711404e-01 2.823688034487182863e-01
2.325029540544553829e-04 -2.068874628210838895e-01 2.837479742911800940e-01
2.182862833648230240e-04 -2.119707677876689900e-01 2.850464225693832288e-01
2.047904161701217434e-04 -2.170859896435511638e-01 2.862635784126574268e-01
1.919221006592540133e-04 -2.222301006115595112e-01 2.873992785305494180e-01
1.797153221041519950e-04 -2.274020961044974642e-01 2.884535845786254660e-01
1.681661115330576671e-04 -2.326007380018485504e-01 2.894265920874331544e-01
1.575127166184239768e-04 -2.378232404744595740e-01 2.903179626375456679e-01
1.477506634096140679e-04 -2.430679970850662397e-01 2.911275885797183216e-01
1.388889440935223965e-04 -2.483318965574501103e-01 2.918553334179851411e-01
1.311561317338938155e-04 -2.536133127482699812e-01 2.925011711189658414e-01
1.243570999144104740e-04 -2.589113148121056640e-01 2.930652627829987700e-01
1.186870062852277065e-04 -2.642222422912423596e-01 2.935471780412686194e-01
1.142508871030292170e-04 -2.695445476255350359e-01 2.939470245189514941e-01
1.110225793513508783e-04 -2.748760355930578991e-01 2.942647618094805795e-01
1.088613860750004605e-04 -2.802149266889327750e-01 2.945005602265692857e-01
1.079492597715919116e-04 -2.855589939953001588e-01 2.946541519130556064e-01
1.081323637292238378e-04 -2.909070281400651936e-01 2.947256960697524075e-01
1.095899048065384468e-04 -2.962558609920236119e-01 2.947148782103998776e-01
1.123133490356514083e-04 -3.016024774035447331e-01 2.946220577966520704e-01
1.161494715582399003e-04 -3.069461123805328762e-01 2.944470580685100702e-01
1.212426277317370357e-04 -3.122841909732541610e-01 2.941898421134983566e-01
1.273744699344445249e-04 -3.176135122890413887e-01 2.938506842787610984e-01
1.347333575046205244e-04 -3.229335511309301965e-01 2.934293238726132791e-01
1.432554168088934264e-04 -3.282409889587182272e-01 2.929260827899550779e-01
1.529160847048157096e-04 -3.335342874506848077e-01 2.923406828256860934e-01
1.635186552665735882e-04 -3.388110340538861842e-01 2.916733639607920203e-01
1.750343120899788244e-04 -3.440685218758874342e-01 2.909242491329625535e-01
1.876715607211456617e-04 -3.493054561245501621e-01 2.900933413079962997e-01
2.010584393230555262e-04 -3.545196739723208701e-01 2.891807078949517607e-01
2.152694967133764322e-04 -3.597092082607118990e-01 2.881865250052714211e-01
2.302204503102475068e-04 -3.648725131339154992e-01 2.871107688536403968e-01
2.457840316853689860e-04 -3.700080836915836668e-01 2.859534106335319681e-01
2.618474791990243761e-04 -3.751120951578871265e-01 2.847151502926429378e-01
2.785575503502780688e-04 -3.801842852606518997e-01 2.833954468026436690e-01
2.956845292179123823e-04 -3.852231505078421159e-01 2.819946318522035256e-01
3.132499201038163074e-04 -3.902251109938643103e-01 2.805133169554349659e-01
3.310583134323631400e-04 -3.951905267792947263e-01 2.789509153779614059e-01
3.491416571929189237e-04 -4.001159792317285357e-01 2.773083787160137703e-01
3.673978523674575327e-04 -4.050009275892055283e-01 2.755854355655331100e-01
3.856666367520782059e-04 -4.098435663897742609e-01 2.737824191181107980e-01
4.038631896365127839e-04 -4.146414198444246524e-01 2.718997631195887443e-01
4.221642919800142686e-04 -4.193938008427227637e-01 2.699373599287299141e-01
4.400047074926845790e-04 -4.240993516239959238e-01 2.678955191441317885e-01
4.575870953182823147e-04 -4.287562766712060269e-01 2.657750504596375074e-01
4.749733463670839477e-04 -4.333629453593340064e-01 2.635758954652533403e-01
4.917481038748059688e-04 -4.379194514430352347e-01 2.612980696247437229e-01
5.080700417571150243e-04 -4.424234700544181775e-01 2.589424776210205170e-01
5.238733263677880503e-04 -4.468738846038476376e-01 2.565090742452296180e-01
5.389659135325952470e-04 -4.512691155555864642e-01 2.539984738776081552e-01
5.532719518506392514e-04 -4.556080936686829341e-01 2.514113881884605384e-01
5.668423975777210893e-04 -4.598900904232519071e-01 2.487478730079731859e-01
5.796575600933168019e-04 -4.641125448680462617e-01 2.460091322686679682e-01
5.914815968014325298e-04 -4.682758704016801166e-01 2.431945665304663384e-01
6.023118552611845871e-04 -4.723790067452651731e-01 2.403048165577540418e-01
6.123771925993391416e-04 -4.764201231502488421e-01 2.373407043540355366e-01
6.212560450617646930e-04 -4.803989125538634664e-01 2.343025207703197943e-01
6.290936268284798034e-04 -4.843139050493056041e-01 2.311914207973677082e-01
6.357987956025107660e-04 -4.881641644536914848e-01 2.280079246379240754e-01
6.414633319858125326e-04 -4.919497222273355175e-01 2.247523015218873821e-01
6.459851067170555104e-04 -4.956687778823158363e-01 2.214254967268381724e-01
6.493639160239179833e-04 -4.993203773130113210e-01 2.180283813560738582e-01
6.515232867473128410e-04 -5.029043933437360447e-01 2.145614249407628571e-01
6.524952039304586808e-04 -5.064199577661614438e-01 2.110253692643927759e-01
6.522884240316734888e-04 -5.098669872387586732e-01 2.074203840280625100e-01
6.508977743665449525e-04 -5.132435818226575019e-01 2.037483358391721511e-01
6.483527324031768862e-04 -5.165499563383921799e-01 2.000088609639787685e-01
6.446780509586190347e-04 -5.197843422466913443e-01 1.962038904348595014e-01
6.397585856355660116e-04 -5.229472894343283329e-01 1.923332338225064719e-01
6.338932817171747183e-04 -5.260374703756540704e-01 1.883983079475122224e-01
6.270818820147423117e-04 -5.290543720268221506e-01 1.843999775152971310e-01
6.190977095036697764e-04 -5.319967279277507677e-01 1.803404611854270145e-01
6.102673927023111568e-04 -5.348646100155650673e-01 1.762192485593012947e-01
6.004546758966753739e-04 -5.376574778686766809e-01 1.720378784960064078e-01
5.897925111965778055e-04 -5.403749093317592456e-01 1.677968193314601508e-01
5.783100990083522549e-04 -5.430167557920325683e-01 1.634972071738093613e-01
5.660497747280769393e-04 -5.455824338047007283e-01 1.591403245778563458e-01
5.531590711550334787e-04 -5.480711252460076510e-01 1.547283013784188366e-01
5.397732553911912786e-04 -5.504824553015761346e-01 1.502617694735213782e-01
5.256531799997893285e-04 -5.528160994960520380e-01 1.457418539791080769e-01
5.110739515346597855e-04 -5.550725601607096049e-01 1.411686811101370287e-01
4.961072312607947739e-04 -5.572501690653696160e-01 1.365456716734766707e-01
4.808140276715814785e-04 -5.593494813468466997e-01 1.318723703677424919e-01
4.652211484757731632e-04 -5.613699006673800174e-01 1.271513408921327026e-01
4.493819137789861794e-04 -5.633107741430615212e-01 1.223842439342847088e-01
4.335426420827572739e-04 -5.651722975186639353e-01 1.175710898200269805e-01
4.177951481444918389e-04 -5.669533698090172269e-01 1.127155416788336306e-01
4.020913383678175260e-04 -5.686545554582893569e-01 1.078177519735963735e-01
3.865297005625996157e-04 -5.702757514906370284e-01 1.028791008028645954e-01
3.712658416083693298e-04 -5.718165591482077259e-01 9.790154899744857309e-02
3.563450146442458761e-04 -5.732767167684943432e-01 9.288698400189815407e-02
3.417614300806039933e-04 -5.746558992899168938e-01 8.783753242425927643e-02
3.277028629629284121e-04 -5.759544202148412229e-01 8.275410391496632045e-02
3.142480758034788273e-04 -5.771715587144832238e-01 7.763911758843398958e-02
3.014095154889716451e-04 -5.783073227730105570e-01 7.249447060805702669e-02
2.891198769772892444e-04 -5.793619839351862311e-01 6.732201799101965312e-02
2.777850357155554699e-04 -5.803349696370294630e-01 6.212374126156158111e-02
2.671117077879269527e-04 -5.812264498187134087e-01 5.690104362413557493e-02
2.572419929291901077e-04 -5.820360297533603289e-01 5.165706044817094250e-02
2.485102072536112634e-04 -5.827638280872506904e-01 4.639285260610391537e-02
2.407631178737444145e-04 -5.834097029994119721e-01 4.111082857793361967e-02
2.339640860542609104e-04 -5.839737059407096309e-01 3.581277079408916320e-02
2.283097179096556044e-04 -5.844556389446493583e-01 3.050203808132328359e-02
2.238521439895512638e-04 -5.848556080901846643e-01 2.517858779220241358e-02
2.206038036784388099e-04 -5.851734555597906118e-01 1.984645144329615085e-02
2.184449959573000414e-04 -5.854092659046553626e-01 1.450739881838463904e-02
2.175300064061829429e-04 -5.855628747706279613e-01 9.163059586094798870e-03
2.177178829279187140e-04 -5.856344165410427571e-01 3.814860899569877568e-03
2.191773330308748556e-04 -5.856237469967322529e-01 -1.534462236873317294e-03
2.219093670031131542e-04 -5.855309179932413066e-01 -6.880914633866693636e-03
2.257311761944322107e-04 -5.853560113017525213e-01 -1.222389395248754326e-02
2.308042998084941467e-04 -5.850987930105739920e-01 -1.756148125103134533e-02
2.369618876966899420e-04 -5.847595321930947332e-01 -2.289120996411351042e-02
2.443050497822883715e-04 -5.843381677465763202e-01 -2.821082378192105167e-02
2.528023446381932513e-04 -5.838348750878553650e-01 -3.351790600330353809e-02
2.624201814734008391e-04 -5.832494837807264965e-01 -3.881076646353251447e-02
2.730146683014701247e-04 -5.825821966568657251e-01 -4.408701259015129076e-02
2.845844840941007411e-04 -5.818330811727476792e-01 -4.934503981421650698e-02
2.971600744193200793e-04 -5.810020913096813899e-01 -5.458306160118266137e-02
3.105578565034588026e-04 -5.800894124325403078e-01 -5.979761190639962254e-02
3.247862893246973148e-04 -5.790948751893084667e-01 -6.498810149269382275e-02
3.396947205398351309e-04 -5.780189870402896446e-01 -7.015183179913168920e-02
3.552309152247877739e-04 -5.768616890689923782e-01 -7.528713944075961229e-02
3.713528240731199959e-04 -5.756232799096682173e-01 -8.039152867058740881e-02
3.879580190418489231e-04 -5.743038210916839859e-01 -8.546394592692593828e-02
4.050356608831877348e-04 -5.729032086470546847e-01 -9.050239107997412602e-02
4.225836982980205655e-04 -5.714218416898729780e-01 -9.550431685905415302e-02
4.404919835817329822e-04 -5.698596140601543958e-01 -1.004691687728377081e-01
4.584407997622672168e-04 -5.682168547091558386e-01 -1.053950248080116614e-01
4.765967747177385578e-04 -5.664942260660952300e-01 -1.102793609989326101e-01
4.948186227572542442e-04 -5.646910472644911527e-01 -1.151221983174550018e-01
5.129955590249934277e-04 -5.628079878066027941e-01 -1.199206100076723319e-01
5.311700430168036320e-04 -5.608453849053041118e-01 -1.246732896020283365e-01
5.490036392419706110e-04 -5.588032394981253814e-01 -1.293796650953815963e-01
5.666836377478418497e-04 -5.566824053289564089e-01 -1.340370310567817747e-01
5.839788534576711510e-04 -5.544830183776446875e-01 -1.386446094782547989e-01
6.007453526929902327e-04 -5.522053958543402530e-01 -1.432007132224736301e-01
6.170735521399467113e-04 -5.498497562506461378e-01 -1.477045558416117954e-01
6.327212655786444056e-04 -5.474170532694578872e-01 -1.521539369211240000e-01
6.477747571156212232e-04 -5.449068619136414604e-01 -1.565486037487133775e-01
6.620807954336652276e-04 -5.423199361530807172e-01 -1.608872046686392054e-01
6.755600303121382872e-04 -5.396566913344740257e-01 -1.651688205058282344e-01
6.882568599554014224e-04 -5.369177113000235257e-01 -1.693917087851674608e-01
7.000746686564714117e-04 -5.341035515793298716e-01 -1.735545059472536344e-01
7.109488902491103079e-04 -5.312137673102401703e-01 -1.776577398838598276e-01
7.209708388945332974e-04 -5.282501373226710095e-01 -1.816984819003495399e-01
7.299518278007796970e-04 -5.252122436139147199e-01 -1.856770485432298889e-01
7.377694484194804656e-04 -5.221014943707067424e-01 -1.895916715056356339e-01
7.446166910987101883e-04 -5.189180397980556192e-01 -1.934419309100215423e-01
7.503080228992016184e-04 -5.156623583694650570e-01 -1.972275753265367582e-01
7.548129292077745229e-04 -5.123352077082322653e-01 -2.009469032759702845e-01
7.581795907834114421e-04 -5.089374389998180259e-01 -2.045991657858662882e-01
7.603389615068061914e-04 -5.054702566367436090e-01 -2.081834589211647990e-01
7.613108786899520312e-04 -5.019342413181041573e-01 -2.116990253684175871e-01
7.612170376432217779e-04 -4.983292184354898846e-01 -2.151460171947308375e-01
7.598365090316951120e-04 -4.946568879934249430e-01 -2.185227830248793190e-01
7.572631367510863562e-04 -4.909179109017610121e-01 -2.218286611749652748e-01
7.535884553065280711e-04 -4.871127974073151679e-01 -2.250630999152683220e-01
7.486963641960119736e-04 -4.832423814489279490e-01 -2.282259176449072668e-01
7.427882592416600168e-04 -4.793072581031258550e-01 -2.313163369046018214e-01
7.358567888388570927e-04 -4.753094150419087116e-01 -2.343330357886989901e-01
7.278858138239688823e-04 -4.712493122284444613e-01 -2.372757117035872720e-01
7.189919794426517536e-04 -4.671276160643298980e-01 -2.401439811248883560e-01
7.091933574056730888e-04 -4.629457220231552039e-01 -2.429371784164801873e-01
6.985607241444039255e-04 -4.587049230337013617e-01 -2.456546581015192632e-01
6.871203418170816323e-04 -4.544056545887428245e-01 -2.482962315469595949e-01
6.749066486407831944e-04 -4.500490051483096998e-01 -2.508618494238987751e-01
6.619216996388940137e-04 -4.456368405807290545e-01 -2.533506241374058887e-01
6.482935069653888126e-04 -4.411694086534410086e-01 -2.557624063624985844e-01
6.341610441653827788e-04 -4.366490070814983415e-01 -2.580965189626359679e-01
6.196070688474727452e-04 -4.320760495181524830e-01 -2.603528978815018990e-01
6.046403485736086009e-04 -4.274526970556705163e-01 -2.625307259936601745e-01
5.893403256968926789e-04 -4.227802979155829699e-01 -2.646296417466139639e-01
5.738198921879475878e-04 -4.180591008689219512e-01 -2.666501788721886701e-01
5.580242728639102411e-04 -4.132919886422598554e-01 -2.685909062329377428e-01
5.422217810333344271e-04 -4.084792632655354638e-01 -2.704522340653504053e-01
5.264742870950690464e-04 -4.036236626902523494e-01 -2.722332662676159587e-01
5.107704773183938118e-04 -3.987258279901301772e-01 -2.739345093756760940e-01
4.953119461112994544e-04 -3.937872917526910599e-01 -2.755556141281204074e-01
4.799960267438588670e-04 -3.888098953430940696e-01 -2.770964391391620985e-01
4.650751997797363891e-04 -3.837952810105173529e-01 -2.785566625421503906e-01
4.506023308790333532e-04 -3.787457925276572213e-01 -2.799357867860013949e-01
4.365437637613592357e-04 -3.736625579726421398e-01 -2.812339423275839190e-01
4.230752832568260052e-04 -3.685479714956009789e-01 -2.824509813235230871e-01
4.101686661898386798e-04 -3.634041540681478555e-01 -2.835866176054881449e-01
3.979324215511209802e-04 -3.582319329090653537e-01 -2.846411012106139782e-01
3.864477067895965168e-04 -3.530339341196424008e-01 -2.856138579393303623e-01
3.757943118749624742e-04 -3.478115591289581143e-01 -2.865053300137748171e-01
3.660051791815411085e-04 -3.425666316712374648e-01 -2.873149561747102565e-01
3.573057284407089385e-04 -3.373032513395138321e-01 -2.880427364384240962e-01
3.496199999385570466e-04 -3.320218779797547981e-01 -2.886885127785270844e-01
3.428766881279032256e-04 -3.267247673368319227e-01 -2.892525074319324818e-01
3.372295819967715560e-04 -3.214129018999111187e-01 -2.897344335565886775e-01
3.327677171290858039e-04 -3.160896151757658368e-01 -2.901343812473861083e-01
3.294748048557626682e-04 -3.107574721493399084e-01 -2.904522187007123613e-01
3.272375033852403087e-04 -3.054173885553460588e-01 -2.906879963365219810e-01
3.263182189625595930e-04 -3.000723400250590589e-01 -2.908416524460817887e-01
3.265041864586538316e-04 -2.947251808909793214e-01 -2.909131746489837522e-01
3.279622047923788576e-04 -2.893760141829370691e-01 -2.909025136952885782e-01
3.306842173976375240e-04 -2.840297258004714220e-01 -2.908097147558986184e-01
3.345535081205906541e-04 -2.786870695399237818e-01 -2.906348366910723735e-01
3.396132766950297924e-04 -2.733500827120411980e-01 -2.903777152239310766e-01
3.457579917404821393e-04 -2.680199049528486088e-01 -2.900385475466385476e-01
3.531326047952356817e-04 -2.627002911350410641e-01 -2.896173044808962316e-01
3.616360907632327907e-04 -2.573934372693411632e-01 -2.891139774381335514e-01
3.711597598834852655e-04 -2.521002300593762624e-01 -2.885284790533528820e-01
3.818220070932958716e-04 -2.468244651513603061e-01 -2.878612833471733135e-01
3.933649621641535773e-04 -2.415660330476030737e-01 -2.871121401272822005e-01
4.059305859828759764e-04 -2.363281867158293914e-01 -2.862810904651769683e-01
4.193401966330474436e-04 -2.311135055688256779e-01 -2.853684988158937119e-01
4.334620952243975044e-04 -2.259235854326709647e-01 -2.843741920165525072e-01
4.483322248834141531e-04 -2.207604486432901691e-01 -2.832984273185617519e-01
4.638273395331166723e-04 -2.156260000416514444e-01 -2.821413712598487278e-01
4.800369403834632478e-04 -2.105207587375836908e-01 -2.809027083096554134e-01
4.967353325738843323e-04 -2.054479801368542802e-01 -2.795827719438344072e-01
5.138294200906537131e-04 -2.004095185381309374e-01 -2.781821101621789194e-01
5.313259861577908708e-04 -1.954067633268325999e-01 -2.767004290753213303e-01
5.491343794863383539e-04 -1.904414141360390722e-01 -2.751379727299057554e-01
5.671794173882397597e-04 -1.855162881975533640e-01 -2.734955313755300654e-01
5.853554363875255843e-04 -1.806317577149153808e-01 -2.717728749903840502e-01
6.034517101109019037e-04 -1.757891030635336804e-01 -2.699699264083595396e-01
6.216482629953379996e-04 -1.709908352971787893e-01 -2.680870937572767398e-01
6.397635212658471168e-04 -1.662383182208173882e-01 -2.661247000261295903e-01
6.576442070102691499e-04 -1.615322411762505073e-01 -2.640826465248936050e-01
6.752509975059352342e-04 -1.568751446161295582e-01 -2.619620315632230079e-01
6.924977023713065494e-04 -1.522672053564982919e-01 -2.597623840986392763e-01
7.093122643344583218e-04 -1.477114737266934930e-01 -2.574850088261315673e-01
7.255471483489003273e-04 -1.432084503376423734e-01 -2.551300512457419511e-01
7.411948617875980215e-04 -1.387590692581301688e-01 -2.526972649923533987e-01
7.562799134762572019e-04 -1.343635615043418940e-01 -2.501865082422206621e-01
7.706361725118901886e-04 -1.300250569304229886e-01 -2.475996791861926893e-01
7.841770868001437297e-04 -1.257440057405771472e-01 -2.449368845346317769e-01
7.969696345014969357e-04 -1.215206610118785696e-01 -2.421975666996163401e-01
8.088889475795506441e-04 -1.173573227128533597e-01 -2.393829947334077390e-01
8.198167990605209968e-04 -1.132544519134360689e-01 -2.364933713539830451e-01
8.298084615724674431e-04 -1.092133919997042013e-01 -2.335293560230276844e-01
8.387135806989542454e-04 -1.052353496782852393e-01 -2.304919107308703308e-01
8.466355631488269289e-04 -1.013205778756611636e-01 -2.273811215653662732e-01
8.534585325629975806e-04 -9.746949708921405497e-02 -2.241970355113007407e-01
8.591136255072186114e-04 -9.368393931556998067e-02 -2.209413446392710367e-01
8.637394974619948609e-04 -8.996475257388987512e-02 -2.176143618506032329e-01
8.670745866192265151e-04 -8.631301590887989483e-02 -2.142170327498660320e-01
8.691969743245167145e-04 -8.272903888600065259e-02 -2.107503083568008917e-01
8.701729411625923078e-04 -7.921279257062974199e-02 -2.072135424399008108e-01
8.699661612638075496e-04 -7.576588008612808456e-02 -2.036085551789484638e-01
8.685957537058825373e-04 -7.238884228619119066e-02 -1.999359927643125090e-01
8.660223814252743235e-04 -6.908296413610520714e-02 -1.961969888772313320e-01
8.622827313443812364e-04 -6.584829497141692078e-02 -1.923915660702888164e-01
8.574106013818792640e-04 -6.268595457254687309e-02 -1.885217357816649231e-01
8.515190307994263946e-04 -5.959617146796685611e-02 -1.845871367573240218e-01
8.445804722002279693e-04 -5.657947859823243136e-02 -1.805892573956103808e-01
8.365672994228226652e-04 -5.363657673166501855e-02 -1.765289101368597013e-01
8.277052238314851164e-04 -5.076868841584369213e-02 -1.724077482629224611e-01
8.179066017945064515e-04 -4.797567977300650627e-02 -1.682261697234203324e-01
8.072444370944089915e-04 -4.525818793878014917e-02 -1.639850501877302968e-01
7.957705742886948385e-04 -4.261684583683782862e-02 -1.596862973118103601e-01
7.835418101601012352e-04 -4.005157228507283396e-02 -1.553301443243213509e-01
7.706704719013908944e-04 -3.756263877059360518e-02 -1.509174394604248792e-01
7.571230715311065129e-04 -3.515105569949522613e-02 -1.464504710097158657e-01
7.429906087311003706e-04 -3.281686613267659203e-02 -1.419296931942229945e-01
7.284173666159129501e-04 -3.056091121866597038e-02 -1.373573144578132121e-01
7.133523414414071539e-04 -2.838339853624548270e-02 -1.327346969911586128e-01
6.979816842858089761e-04 -2.628406952929638815e-02 -1.280614169570885030e-01
6.824114847672247981e-04 -2.426361430912018363e-02 -1.233404687404757033e-01
6.665853278149029646e-04 -2.232268629705448301e-02 -1.185730795870999915e-01
6.507950959395452815e-04 -2.046145803166548802e-02 -1.137605945864344215e-01
6.350799920473425850e-04 -1.868001725048209355e-02 -1.089045237022222556e-01
6.193761822706672420e-04 -1.697885121121394184e-02 -1.040067976877242367e-01
6.038811391022275805e-04 -1.535770994680843091e-02 -9.906823355037606971e-02
5.885658088003007000e-04 -1.381700758819516192e-02 -9.409114832512707749e-02
5.736943188624731276e-04 -1.235694017598381635e-02 -8.907697335436016994e-02
5.591748513509273199e-04 -1.097759660361054095e-02 -8.402677596448303310e-02
5.451162842332514134e-04 -9.679090294019867050e-03 -7.894360253590076981e-02
5.316204170385501870e-04 -8.462010218045436585e-03 -7.382891198752966622e-02
5.187818567240434385e-04 -7.326092953293620452e-03 -6.868402675616488984e-02
5.066939565675685452e-04 -6.271539085895971345e-03 -6.351128979433176558e-02
4.952310487705016912e-04 -5.298642462078161433e-03 -5.831326919794409952e-02
4.846175198818559473e-04 -4.407499282348169636e-03 -5.309146579327404802e-02
4.747478050231178012e-04 -3.597846479453738894e-03 -4.784691657328636605e-02
4.660241030812257339e-04 -2.870139563244634810e-03 -4.258314703454300215e-02
4.582470925774767231e-04 -2.224393295812102100e-03 -3.730205617792885231e-02
4.514542518700859902e-04 -1.660227338434072664e-03 -3.200389109801261150e-02
4.458176293953382469e-04 -1.178295153222039000e-03 -2.669271037366742830e-02
4.413858011607202608e-04 -7.784198995661290813e-04 -2.137056860434991684e-02
4.381374608496084303e-04 -4.605523974007534496e-04 -1.603826849071827987e-02
4.359714964628350390e-04 -2.247277392046949645e-04 -1.069922063691705616e-02
4.350550752878635098e-04 -7.110169374586162929e-05 -5.354661286966491511e-03
0.000000000000000000e+00 0.000000000000000000e+00 0.000000000000000000e+00
