1.460404615776922482e-06 -1.066333997722345629e-05 5.348830942932770657e-03
5.792498398672464043e-06 -4.229470317697348882e-05 1.063661922862045410e-02
1.293007959171311477e-05 -9.441070860053794595e-05 1.586180845020349062e-02
2.280613139277476453e-05 -1.665220240878321817e-04 2.102289745384124109e-02
3.535286212023690386e-05 -2.581336595923048910e-04 2.611844076841404391e-02
5.050174559662940252e-05 -3.687452620475458473e-04 3.114704900724993633e-02
6.818356173191927460e-05 -4.978514116915920594e-04 3.610738924176546544e-02
8.832843728811810868e-05 -6.449419197151705623e-04 4.099818534692178246e-02
1.108658868067711540e-04 -8.095021270992440281e-04 4.581821831840937609e-02
1.357248536808738925e-04 -9.910132045071126401e-04 5.056632656148651872e-02
1.628337513527512064e-04 -1.188952453096248519e-03 5.524140615140857302e-02
1.921205046193908122e-04 -1.402793606114721833e-03 5.984241106539733152e-02
2.235125910266901647e-04 -1.632007131146842290e-03 6.436835338611149315e-02
2.569370823341141866e-04 -1.876060532872912603e-03 6.881830347659122216e-02
2.923206860312114867e-04 -2.134418656207633276e-03 7.319139012666223132e-02
3.295897868874707423e-04 -2.406543989681947208e-03 7.748680067079606604e-02
3.686704885170063398e-04 -2.691896968933160748e-03 8.170378107743575535e-02
4.094886549395749652e-04 -2.989936280168275628e-03 8.584163600980800057e-02
4.519699521194703784e-04 -3.300119163465792781e-03 8.989972885825460447e-02
4.960398894638614904e-04 -3.621901715781391043e-03 9.387748174412792468e-02
5.416238612621854590e-04 -3.954739193523205791e-03 9.777437549530733352e-02
5.886471880482762545e-04 -4.298086314562953383e-03 1.015899495934047964e-01
6.370351578669385855e-04 -4.651397559549349386e-03 1.053238020927404345e-01
6.867130674267593084e-04 -5.014127472390877450e-03 1.089755895111796102e-01
7.376062631210262947e-04 -5.385730959775520375e-03 1.125450266929357152e-01
7.896401818986828382e-04 -5.765663589595513769e-03 1.160318866434539575e-01
8.427403919673538907e-04 -6.153381888145944244e-03 1.194360003365033257e-01
8.968326333105585855e-04 -6.548343635966604771e-03 1.227572564936150745e-01
9.518428580013443959e-04 -6.950008162197398448e-03 1.259956013360180593e-01
1.007697270294650701e-03 -7.357836637318098880e-03 1.291510383092321634e-01
1.064322366480878988e-03 -7.771292364144535662e-03 1.322236277804928473e-01
1.121644974483201147e-03 -8.189841066953647275e-03 1.352134867091903114e-01
1.179592293181334168e-03 -8.612951178611289588e-03 1.381207882905192696e-01
1.238091931444598509e-03 -9.040094125577340448e-03 1.409457615725446811e-01
1.297071946857231411e-03 -9.470744610663764038e-03 1.436886910469012402e-01
1.356460884119094863e-03 -9.904380893422526019e-03 1.463499162133548304e-01
1.416187813105045492e-03 -1.034048506804118549e-02 1.489298311184640011e-01
1.476182366566413003e-03 -1.077854333862528213e-02 1.514288838685921845e-01
1.536374777458210730e-03 -1.121804629174797362e-02 1.538475761175296941e-01
1.596695915875848658e-03 -1.165848916614839297e-02 1.561864625289968722e-01
1.657077325585335457e-03 -1.209937211946181257e-02 1.584461502143088008e-01
1.717451260131118516e-03 -1.254020049186587403e-02 1.606272981454930082e-01
1.777750718505928616e-03 -1.298048506652874426e-02 1.627306165441609886e-01
1.837909480367167902e-03 -1.341974232674628294e-02 1.647568662464453659e-01
1.897862140784617631e-03 -1.385749470965709322e-02 1.667068580443228365e-01
1.957544144504432156e-03 -1.429327085642565984e-02 1.685814520036543751e-01
2.016891819714622391e-03 -1.472660585878555507e-02 1.703815567592823488e-01
2.075842411297434964e-03 -1.515704150183613819e-02 1.721081287875345645e-01
2.134334113554295625e-03 -1.558412650298811146e-02 1.737621716564939078e-01
2.192306102389180236e-03 -1.600741674695472377e-02 1.753447352544016680e-01
2.249698566936561561e-03 -1.642647551668744918e-02 1.768569149965714682e-01
2.306452740620299098e-03 -1.684087372015664885e-02 1.782998510111996893e-01
2.362510931630092473e-03 -1.725019011287946477e-02 1.796747273044665416e-01
2.417816552802402093e-03 -1.765401151609936881e-02 1.809827709053306866e-01
2.472314150892968888e-03 -1.805193303052339895e-02 1.822252509904288276e-01
2.525949435228356816e-03 -1.844355824552522047e-02 1.834034779894991030e-01
2.578669305724215054e-03 -1.882849944372422951e-02 1.845188026717557717e-01
2.630421880258215252e-03 -1.920637780085271765e-02 1.855726152136503992e-01
2.681156521385922361e-03 -1.957682358082538446e-02 1.865663442484615242e-01
2.730823862388142512e-03 -1.993947632592754302e-02 1.875014558981635826e-01
2.779375832638560691e-03 -2.029398504204031964e-02 1.883794527880316705e-01
2.826765682280814925e-03 -2.064000837882361619e-02 1.892018730444469110e-01
2.872948006204418658e-03 -2.097721480477952524e-02 1.899702892763733553e-01
2.917878767309268258e-03 -2.130528277712124413e-02 1.906863075409840902e-01
2.961515319048776181e-03 -2.162390090637478224e-02 1.913515662939210271e-01
3.003816427241980808e-03 -2.193276811564300738e-02 1.919677353246787843e-01
3.044742291145298863e-03 -2.223159379446386710e-02 1.925365146776091552e-01
3.084254563774917191e-03 -2.252009794719705624e-02 1.930596335590486767e-01
3.122316371471122506e-03 -2.279801133587559120e-02 1.935388492310771424e-01
3.158892332696228156e-03 -2.306507561746138843e-02 1.939759458924209534e-01
3.193948576058043987e-03 -2.332104347544604328e-02 1.943727335470196438e-01
3.227452757551210576e-03 -2.356567874574075350e-02 1.947310468607794665e-01
3.259374077009027839e-03 -2.379875653680154149e-02 1.950527440070426166e-01
3.289683293758759782e-03 -2.402006334393855594e-02 1.953397055013052497e-01
3.318352741473731913e-03 -2.422939715776065497e-02 1.955938330257216140e-01
3.345356342215890892e-03 -2.442656756670904053e-02 1.958170482439361704e-01
3.370669619662837284e-03 -2.461139585363620458e-02 1.960112916067890398e-01
3.394269711513686616e-03 -2.478371508638899101e-02 1.961785211494443959e-01
3.416135381068486927e-03 -2.494337020235725885e-02 1.963207112804941368e-01
3.436247027976240161e-03 -2.509021808695200556e-02 1.964398515635931985e-01
3.454586698146966395e-03 -2.522412764597962986e-02 1.965379454921854785e-01
3.471138092823582069e-03 -2.534497987188146645e-02 1.966170092578820860e-01
3.485886576809735498e-03 -2.545266790381043101e-02 1.966790705130564976e-01
3.498819185850095530e-03 -2.554709708151917807e-02 1.967261671282233837e-01
3.509924633159959562e-03 -2.562818499303692182e-02 1.967603459447699044e-01
3.519193315101401456e-03 -2.569586151611458202e-02 1.967836615236103481e-01
3.526617316003554173e-03 -2.575006885342072394e-02 1.967981748903364358e-01
3.532190412124973193e-03 -2.579076156147329379e-02 1.968059522774372183e-01
3.535908074756411498e-03 -2.581790657329493394e-02 1.968090638641635803e-01
0.000000000000000000e+00 0.000000000000000000e+00 0.000000000000000000e+00
0.000000000000000000e+00 0.000000000000000000e+00 0.000000000000000000e+00
