1.460404615776922482e-06 -1.066333997722345629e-05 5.348830942932770657e-03
4.148325853995313927e-06 -1.024626761733781898e-04 1.068552155004930115e-02
8.037948693690010057e-06 -2.757627970552894254e-04 1.601027472190734435e-02
1.310412710811243188e-05 -5.308671691451520656e-04 2.132330311986795068e-02
1.932239902326557640e-05 -8.680177360627986099e-04 2.662482854246984304e-02
2.666900075060869686e-05 -1.287394747458658201e-03 3.191508129732516935e-02
3.512088088736727698e-05 -1.789116617918857892e-03 3.719429956889867828e-02
4.465571367823258499e-05 -2.373239815912060648e-03 4.246272878253407740e-02
5.525191183242209860e-05 -3.039758782834508198e-03 4.772062096509307322e-02
6.688863879035916455e-05 -3.788605882197298297e-03 5.296823410257363307e-02
7.954582043452005638e-05 -4.619651378987516509e-03 5.820583149507550791e-02
9.299017046241763482e-05 -5.529793757172553684e-03 6.341060944829016166e-02
1.071636532346954926e-04 -6.519651021507090818e-03 6.858286237484925718e-02
1.220092409042506260e-04 -7.589781458060699919e-03 7.372290912746795599e-02
1.374709468435845452e-04 -8.740683202253204595e-03 7.883109232477558681e-02
1.534938583754625490e-04 -9.972793836086669278e-03 8.390777766565590823e-02
1.700241687921366369e-04 -1.128649001477318066e-02 8.895335323248290682e-02
1.870092086487116145e-04 -1.268208712294523199e-02 9.396822878364274878e-02
2.043974763165950137e-04 -1.415983896062334574e-02 9.895283503573705508e-02
2.221386677832974698e-04 -1.571993745910280071e-02 1.039076229358662368e-01
2.401837056851992280e-04 -1.736251242690910190e-02 1.088330629243970116e-01
2.582641281463142176e-04 -1.908110428511843384e-02 1.137085482353626942e-01
2.763149529065654468e-04 -2.087654789398772984e-02 1.185345263521075110e-01
2.942727167757271957e-04 -2.274962099597799617e-02 1.233114812919090808e-01
3.120755126215514724e-04 -2.470104357534464584e-02 1.280399328633174405e-01
3.296630254185422214e-04 -2.673147724571216244e-02 1.327204359062379158e-01
3.469765673411687071e-04 -2.884152466593954342e-02 1.373535795151729355e-01
3.639591118857295388e-04 -3.103172898457078749e-02 1.419399862460439254e-01
3.805553270055376429e-04 -3.330257331315328306e-02 1.464803113070225482e-01
3.967116072445050633e-04 -3.565448022869413536e-02 1.509752417338058872e-01
4.123761048547214193e-04 -3.808781130551329441e-02 1.554254955497777202e-01
4.273352525626421196e-04 -4.059256015139005302e-02 1.598126971647559624e-01
4.415432349973489701e-04 -4.316968141847590118e-02 1.641374184845149353e-01
4.549562299236119549e-04 -4.582007662165358403e-02 1.684002773665614627e-01
4.675324336209227467e-04 -4.854459335019310068e-02 1.726019368424457634e-01
4.792320851065787484e-04 -5.134402450546175778e-02 1.767431043182921269e-01
4.900174891919405716e-04 -5.421910756507317825e-02 1.808245307539731728e-01
4.998530383614859440e-04 -5.717052387385073570e-02 1.848470098213641777e-01
5.087052334648611883e-04 -6.019889796196863790e-02 1.888113770421190607e-01
5.165427032125954020e-04 -6.330479689062271098e-02 1.927185089054204437e-01
5.233362224667318903e-04 -6.648872962557185462e-02 1.965693219661634183e-01
5.289823441438262818e-04 -6.973745673924386379e-02 2.003478893697505370e-01
5.334710567666360852e-04 -7.305194909338805220e-02 2.040548264309450521e-01
5.367946055792031544e-04 -7.643312999049746426e-02 2.076908013128494213e-01
5.389474968547109269e-04 -7.988187430377310938e-02 2.112565342758915277e-01
5.399265009339832390e-04 -8.339900763040439258e-02 2.147527969016566340e-01
5.397306539933013382e-04 -8.698530546860054613e-02 2.181804112919710492e-01
5.383612585407365671e-04 -9.064149241879748686e-02 2.215402492436538417e-01
5.358218826408172241e-04 -9.436824140945535011e-02 2.248332313993631482e-01
5.321183578678506318e-04 -9.816617294785044689e-02 2.280603263749731990e-01
5.272587759888410679e-04 -1.020358543962560649e-01 2.312225498639285948e-01
5.213601032888925306e-04 -1.059617879835330068e-01 2.343065990526970455e-01
5.144544513350208072e-04 -1.099448660416073725e-01 2.373130182542266264e-01
5.065760679829113024e-04 -1.139859401756461860e-01 2.402424094225483198e-01
4.977613171532140578e-04 -1.180858203756648406e-01 2.430954315070971983e-01
4.880486574089484462e-04 -1.222452741481059174e-01 2.458727997794579179e-01
4.774786193437032607e-04 -1.264650256678438167e-01 2.485752851328839885e-01
4.660937817908147548e-04 -1.307457549510597505e-01 2.512037133549507861e-01
4.539387468642852369e-04 -1.350880970494242328e-01 2.537589643737140355e-01
4.410601138426721688e-04 -1.394926412660154880e-01 2.562419714777567359e-01
4.275064519077413400e-04 -1.439599303933908336e-01 2.586537205105169379e-01
4.134811145404846755e-04 -1.484715787991480462e-01 2.609838791195220886e-01
3.990378539803422059e-04 -1.530282834573309103e-01 2.632328491010567095e-01
3.842321635601131835e-04 -1.576307098228637016e-01 2.654010929429287402e-01
3.691212452384972937e-04 -1.622794910033397431e-01 2.674891333340374544e-01
3.537639761253204328e-04 -1.669752269462747019e-01 2.694975526447564995e-01
3.382208740145620837e-04 -1.717184836422597782e-01 2.714269923783993455e-01
3.225540619406949390e-04 -1.765097923444462480e-01 2.732781525940478629e-01
3.068272317743341222e-04 -1.813496488047821598e-01 2.750517913010352977e-01
2.911056068735859426e-04 -1.862385125274200470e-01 2.767487238253890647e-01
2.754559038079610602e-04 -1.911768060397014135e-01 2.783698221485474411e-01
2.601561916299980509e-04 -1.961439689589764002e-01 2.799082546037210406e-01
2.452565009043762567e-04 -2.011404527178160817e-01 2.813641948799037174e-01
2.308080523121862565e-04 -2.061666887867714404e-01 2.827378786354658446e-01
2.168632268287995317e-04 -2.112230879479040924e-01 2.840296032194942755e-01
2.034755351529885458e-04 -2.163100395781601959e-01 2.852397273631814278e-01
1.906995864010767154e-04 -2.214279109429864167e-01 2.863686708414239779e-01
1.785910560802056902e-04 -2.265770465005806089e-01 2.874169141048039666e-01
1.672066533551856389e-04 -2.317577672171698688e-01 2.883849978821377280e-01
1.566040876236867558e-04 -2.369703698936979075e-01 2.892735227537898135e-01
1.468420344148768197e-04 -2.422151265043045731e-01 2.900831486959624672e-01
1.405820763302486709e-04 -2.469401582031454379e-01 2.907923195823115536e-01
1.372645994969550951e-04 -2.511431298988859306e-01 2.914051750529079721e-01
1.363287555453684703e-04 -2.548221854791206664e-01 2.919259314239033287e-01
1.372128035965904211e-04 -2.579759485511724515e-01 2.923588790620035294e-01
1.393544525727134168e-04 -2.606035229392481556e-01 2.927083797223747341e-01
1.421912036734075744e-04 -2.627044929377781446e-01 2.929788638512057508e-01
1.451606928623766838e-04 -2.642789233208670541e-01 2.931748278541651542e-01
1.477010332072062999e-04 -2.653273591078896265e-01 2.933008313320064064e-01
0.000000000000000000e+00 0.000000000000000000e+00 0.000000000000000000e+00
0.000000000000000000e+00 0.000000000000000000e+00 0.000000000000000000e+00
