1.460404615776922482e-06 -1.066333997722345629e-05 5.348830942932770657e-03
2.920809231554593317e-06 -1.146750274565059094e-04 1.069666113206202591e-02
4.381213847332265211e-06 -3.120033794702519207e-04 1.604186156650656489e-02
5.841618463110579155e-06 -6.025882878908802275e-04 2.138280404643393834e-02
7.302023078886543431e-06 -9.863412377403043933e-04 2.671786166902587883e-02
8.762427694664701522e-06 -1.463145334152535617e-03 3.204540932404868758e-02
1.022283231044257840e-05 -2.032855337980883810e-03 3.736382418887754242e-02
1.168323692621890690e-05 -2.695297710039267977e-03 4.267148622282395526e-02
1.314364154199638397e-05 -3.450270663963955937e-03 4.796677866061591772e-02
1.460404615777457595e-05 -4.297544227679593425e-03 5.324808850488023382e-02
1.606445077355136693e-05 -5.236860313450930442e-03 5.851380701747713187e-02
1.752485538932933867e-05 -6.267932796498902788e-03 6.376233020953751829e-02
1.898526000510674798e-05 -7.390447602156942006e-03 6.899205933005353453e-02
2.044566462088408953e-05 -8.604062801541195390e-03 7.420140135287350835e-02
2.190606923666158016e-05 -9.908408715705377401e-03 7.938876946195325135e-02
2.336647385243871165e-05 -1.130308802824855560e-02 8.455258353471561961e-02
2.482687846821662918e-05 -1.278767590634157653e-02 8.969127062337105272e-02
2.628728308399441797e-05 -1.436172013013522521e-02 9.480326543405270812e-02
2.774768769977101413e-05 -1.602474123051083471e-02 9.988701080362030749e-02
2.920809231554877581e-05 -1.777623263513119015e-02 1.049409581739869091e-01
3.066849693132571078e-05 -1.961566082274735986e-02 1.099635680638248320e-01
3.212890154710292359e-05 -2.154246548571444805e-02 1.149533105375064868e-01
3.358930616288114605e-05 -2.355605970066676144e-02 1.199086656711376847e-01
3.504971077865858925e-05 -2.565583010730028077e-02 1.248281240155411365e-01
3.651011539443571396e-05 -2.784113709520821822e-02 1.297101870560492531e-01
3.797052001021297419e-05 -3.011131499871250519e-02 1.345533676689662783e-01
3.943092462599083074e-05 -3.246567229963204931e-02 1.393561905745606122e-01
4.089132924176730493e-05 -3.490349183792579302e-02 1.441171927864491886e-01
4.235173385754550029e-05 -3.742403103014671495e-02 1.488349240572374166e-01
4.381213847332231329e-05 -4.002652209563979657e-02 1.535079473202784761e-01
4.527254308910015629e-05 -4.271017229041566138e-02 1.581348391274179366e-01
4.673294770487832454e-05 -4.547416414862784362e-02 1.627141900825895826e-01
4.819335232065513754e-05 -4.831765573158092880e-02 1.672446052711313025e-01
4.965375693643237068e-05 -5.123978088419327281e-02 1.717247046846895886e-01
5.111416155221063380e-05 -5.423964949883604975e-02 1.761531236415832535e-01
5.257456616798721641e-05 -5.731634778646892830e-02 1.805285132024991301e-01
5.403497078376591321e-05 -6.046893855498883252e-02 1.848495405813915249e-01
5.549537539954290240e-05 -6.369646149470781227e-02 1.891148895514620787e-01
5.695578001531981027e-05 -6.699793347087273920e-02 1.933232608460951907e-01
5.841618463109662327e-05 -7.037234882313760098e-02 1.974733725546271024e-01
5.987658924687550981e-05 -7.381867967189741087e-02 2.015639605128283496e-01
6.133699386265189591e-05 -7.733587623139025202e-02 2.055937786879804829e-01
6.279739847842919680e-05 -8.092286712947226179e-02 2.095615995584295677e-01
6.425780309420653835e-05 -8.457855973396792570e-02 2.134662144875013601e-01
6.571820770998470661e-05 -8.830184048549644116e-02 2.173064340916635862e-01
6.717861232576139764e-05 -9.209157523667263479e-02 2.210810886028237998e-01
6.863901694153967431e-05 -9.594660959757934926e-02 2.247890282246519933e-01
7.009942155731651442e-05 -9.986576928740562020e-02 2.284291234828197126e-01
7.155982617309433031e-05 -1.038478604921442422e-01 2.320002655690489579e-01
7.302023078887107555e-05 -1.078916702282388812e-01 2.355013666788658422e-01
7.448063540464840355e-05 -1.119959667120705854e-01 2.389313603429563393e-01
7.594104002042711390e-05 -1.161594997351712566e-01 2.422892017520233143e-01
7.740144463620415730e-05 -1.203810010450489382e-01 2.455738680750454150e-01
7.886184925198121425e-05 -1.246591847315100393e-01 2.487843587708413462e-01
8.032225386775953158e-05 -1.289927476183600485e-01 2.519196958928445196e-01
8.178265848353585669e-05 -1.333803696603633737e-01 2.549789243869948208e-01
8.324306309931380811e-05 -1.378207143453422101e-01 2.579611123826575092e-01
8.470346771509156979e-05 -1.423124291012909659e-01 2.608653514764800452e-01
8.616387233086926370e-05 -1.468541457083826218e-01 2.636907570091003850e-01
8.762427694664539908e-05 -1.514444807157422357e-01 2.664364683346230889e-01
8.908468156242272708e-05 -1.560820358628589033e-01 2.691016490827800034e-01
9.054508617820062428e-05 -1.607653985055098322e-01 2.716854874136970799e-01
9.200549079397898227e-05 -1.654931420460653002e-01 2.741871962651885042e-01
9.346589540975526673e-05 -1.702638263680442132e-01 2.766060135925035857e-01
9.492630002553287933e-05 -1.750759982747873422e-01 2.789412026004527423e-01
9.638670464131062746e-05 -1.799281919321154277e-01 2.811920519678426933e-01
9.784710925708837558e-05 -1.848189293148361223e-01 2.833578760641516370e-01
9.930751387286491753e-05 -1.897467206569651565e-01 2.854380151583790770e-01
1.007679184886421371e-04 -1.947100649055229227e-01 2.874318356200060709e-01
1.022283231044209423e-04 -1.997074501777704736e-01 2.893387301120055044e-01
1.036887277201982568e-04 -2.047373542217430786e-01 2.911581177758426064e-01
1.051491323359754493e-04 -2.097982448799431687e-01 2.928894444084101933e-01
1.066095369517527095e-04 -2.148885805560502849e-01 2.945321826308441859e-01
1.080699415675296445e-04 -2.200068106845063376e-01 2.960858320491684958e-01
1.095303461833073790e-04 -2.251513762028327648e-01 2.975499194067197650e-01
1.109907507990843140e-04 -2.303207100265360907e-01 2.989239987283059397e-01
1.124511554148624958e-04 -2.355132375264573641e-01 3.002076514560546583e-01
1.139115600306394172e-04 -2.407273770084187026e-01 3.014004865769100427e-01
1.153719646464163929e-04 -2.459615401950235591e-01 3.025021407417390340e-01
1.168323692621945476e-04 -2.512141327094608023e-01 3.035122783760110243e-01
1.182927738779712928e-04 -2.564835545611675038e-01 3.044305917820172014e-01
1.197531784937495559e-04 -2.617682006332014977e-01 3.052568012325981850e-01
1.212135831095273312e-04 -2.670664611711759950e-01 3.059906550563517014e-01
1.226739877253043339e-04 -2.723767222736054872e-01 3.066319297142940381e-01
1.241343923410810656e-04 -2.776973663835166084e-01 3.071804298679521872e-01
1.255947969568597760e-04 -2.830267727811711098e-01 3.076359884388658594e-01
1.270552015726363721e-04 -2.883633180777533389e-01 3.079984666594813292e-01
1.285156061884135917e-04 -2.937053767098696255e-01 3.082677541154211776e-01
1.299760108041908926e-04 -2.990513214347109705e-01 3.084437687791176663e-01
0.000000000000000000e+00 0.000000000000000000e+00 0.000000000000000000e+00
