0.000000000000000000e+00 0.000000000000000000e+00 0.000000000000000000e+00
-1.387778780781445676e-17 -4.477886263287711444e-06 5.131149423411547139e-04
-1.387778780781445676e-17 -1.791018104555647250e-05 1.026073584900216978e-03
0.000000000000000000e+00 -4.029279273973923603e-05 1.538719675505520468e-03
-1.387778780781445676e-17 -7.161890338548693169e-05 2.050897057191750777e-03
-1.387778780781445676e-17 -1.118789707460279836e-04 2.562449715766881159e-03
0.000000000000000000e+00 -1.610607312148362724e-04 3.073221827335580365e-03
-1.387778780781445676e-17 -2.191492035512263015e-04 3.583057805764703826e-03
0.000000000000000000e+00 -2.861266934437861620e-04 4.091802350076330190e-03
0.000000000000000000e+00 -3.619727989003160284e-04 4.599300491753935058e-03
-1.387778780781445676e-17 -4.466644164624056224e-04 5.105397641947331464e-03
0.000000000000000000e+00 -5.401757482427702040e-04 5.609939638561911232e-03
-1.387778780781445676e-17 -6.424783097840058854e-04 6.112772793217839326e-03
0.000000000000000000e+00 -7.535409387347952181e-04 6.613743938065240122e-03
0.000000000000000000e+00 -8.733298043424805868e-04 7.112700472440310409e-03
-1.387778780781445676e-17 -1.001808417758161263e-03 7.609490409349172618e-03
0.000000000000000000e+00 -1.138937643151594070e-03 8.103962421764601687e-03
0.000000000000000000e+00 -1.284675709632400464e-03 8.595965888721484108e-03
0.000000000000000000e+00 -1.438978223973631787e-03 9.085350941197689947e-03
0.000000000000000000e+00 -1.601798184134632652e-03 9.571968507765451356e-03
0.000000000000000000e+00 -1.773085993578386865e-03 1.005567035999993877e-02
0.000000000000000000e+00 -1.952789476378738454e-03 1.053630915763136694e-02
0.000000000000000000e+00 -2.140853893114094686e-03 1.101373849342586128e-02
-1.387778780781445676e-17 -2.337221957541213424e-03 1.148781293778275425e-02
-1.387778780781445676e-17 -2.541833854045452701e-03 1.195838808303383016e-02
-1.387778780781445676e-17 -2.754627255861008539e-03 1.242532058743137449e-02
-1.387778780781445676e-17 -2.975537344056214395e-03 1.288846821881117419e-02
-1.387778780781445676e-17 -3.204496827278371929e-03 1.334768989791808996e-02
-1.387778780781445676e-17 -3.441435962250799507e-03 1.380284574138016321e-02
-1.387778780781445676e-17 -3.686282575017754692e-03 1.425379710431826097e-02
-1.387778780781445676e-17 -3.938962082929070574e-03 1.470040662257871347e-02
-1.387778780781445676e-17 -4.199397517358913201e-03 1.514253825457590255e-02
-1.387778780781445676e-17 -4.467509547151034266e-03 1.558005732273168645e-02
-1.387778780781445676e-17 -4.743216502783850763e-03 1.601283055449954570e-02
-1.387778780781445676e-17 -5.026434401247996397e-03 1.644072612296076930e-02
-1.387778780781445676e-17 -5.317076971627865412e-03 1.686361368698002447e-02
-1.387778780781445676e-17 -5.615055681381007913e-03 1.728136443090875704e-02
0.000000000000000000e+00 -5.920279763305905107e-03 1.769385110382346721e-02
-1.387778780781445676e-17 -6.232656243190456968e-03 1.810094805828780379e-02
-1.387778780781445676e-17 -6.552089968132689124e-03 1.850253128862570928e-02
-1.387778780781445676e-17 -6.878483635525699247e-03 1.889847846869508602e-02
-1.387778780781445676e-17 -7.211737822696545619e-03 1.928866898914919498e-02
0.000000000000000000e+00 -7.551751017191403459e-03 1.967298399417572591e-02
-1.387778780781445676e-17 -7.898419647697600687e-03 2.005130641770112160e-02
-1.387778780781445676e-17 -8.251638115591916622e-03 2.042352101905035161e-02
-1.387778780781445676e-17 -8.611298827107330411e-03 2.078951441805002714e-02
0.000000000000000000e+00 -8.977292226107068396e-03 2.114917512956552420e-02
-1.387778780781445676e-17 -9.349506827456284530e-03 2.150239359745981238e-02
0.000000000000000000e+00 -9.727829250981701037e-03 2.184906222796596104e-02
0.000000000000000000e+00 -1.011214425600819034e-02 2.218907542246085357e-02
0.000000000000000000e+00 -1.050233477646233399e-02 2.252232960963168606e-02
-1.387778780781445676e-17 -1.089828195653171766e-02 2.284872327702472394e-02
0.000000000000000000e+00 -1.129986518686965091e-02 2.316815700196698385e-02
-1.387778780781445676e-17 -1.170696214133395627e-02 2.348053348185150102e-02
0.000000000000000000e+00 -1.211944881424868031e-02 2.378575756377637740e-02
0.000000000000000000e+00 -1.253719955817737472e-02 2.408373627352956153e-02
-1.387778780781445676e-17 -1.296008712219663683e-02 2.437437884390942361e-02
0.000000000000000000e+00 -1.338798269065785002e-02 2.465759674237352067e-02
-1.387778780781445676e-17 -1.382075592242574744e-02 2.493330369800638574e-02
0.000000000000000000e+00 -1.425827499058151746e-02 2.520141572779847211e-02
-1.387778780781445676e-17 -1.470040662257871694e-02 2.546185116222829392e-02
-1.387778780781445676e-17 -1.514701614083914863e-02 2.571453067013967919e-02
-1.387778780781445676e-17 -1.559796750377721863e-02 2.595937728290659274e-02
0.000000000000000000e+00 -1.605312334723931617e-02 2.619631641787903420e-02
-1.387778780781445676e-17 -1.651234502634624582e-02 2.642527590110119173e-02
-1.387778780781445676e-17 -1.697549265772604551e-02 2.664618598929642534e-02
-1.387778780781445676e-17 -1.744242516212358984e-02 2.685897939111196731e-02
0.000000000000000000e+00 -1.791300030737467616e-02 2.706359128761618577e-02
0.000000000000000000e+00 -1.838707475173158301e-02 2.725995935204332532e-02
0.000000000000000000e+00 -1.886450408752605654e-02 2.744802376877866767e-02
0.000000000000000000e+00 -1.934514288515746042e-02 2.762772725157900539e-02
0.000000000000000000e+00 -1.982884473739201375e-02 2.779901506102273878e-02
0.000000000000000000e+00 -2.031546230395974567e-02 2.796183502118377434e-02
0.000000000000000000e+00 -2.080484735643593763e-02 2.811613753552501954e-02
0.000000000000000000e+00 -2.129685082339281832e-02 2.826187560200581206e-02
-1.387778780781445676e-17 -2.179132283580824045e-02 2.839900482739925874e-02
-1.387778780781445676e-17 -2.228811277271710439e-02 2.852748344081495330e-02
0.000000000000000000e+00 -2.278706930709217468e-02 2.864727230642262479e-02
0.000000000000000000e+00 -2.328804045193955119e-02 2.875833493537344882e-02
0.000000000000000000e+00 -2.379087360659551398e-02 2.886063749691466368e-02
-1.387778780781445676e-17 -2.429541560321008681e-02 2.895414882869502826e-02
0.000000000000000000e+00 -2.480151275340349015e-02 2.903884044625709010e-02
0.000000000000000000e+00 -2.530901089508108895e-02 2.911468655171361303e-02
-1.387778780781445676e-17 -2.581775543939271444e-02 2.918166404160620758e-02
0.000000000000000000e+00 -2.632759141782184398e-02 2.923975251394258373e-02
0.000000000000000000e+00 -2.683836352939053538e-02 2.928893427441139202e-02
-1.387778780781445676e-17 -2.734991618796565882e-02 2.932919434177193307e-02
0.000000000000000000e+00 -2.786209356965189607e-02 2.936052045241766689e-02
-1.387778780781445676e-17 -2.837473966025719913e-02 2.938290306411187741e-02
0.000000000000000000e+00 0.000000000000000000e+00 0.000000000000000000e+00
