1.460404615776922482e-06 -1.066333997722345629e-05 5.348830942932770657e-03
4.130466529527480149e-06 -9.291488031427844847e-05 1.066393110384980004e-02
7.950847048727105530e-06 -2.479157659588024343e-04 1.594532218329013790e-02
1.286290811289014429e-05 -4.767741811002856054e-04 2.119305545536625049e-02
1.880874766252568168e-05 -7.805446596606756791e-04 2.640721124648206380e-02
2.573123445842897102e-05 -1.160227421616872060e-03 3.158789839947483136e-02
3.357404233542839015e-05 -1.616767735461249484e-03 3.673525372349976253e-02
4.228168387506718205e-05 -2.151055307096195069e-03 4.184944142998248823e-02
5.179954348190518750e-05 -2.763923695447028685e-03 4.693065255497032989e-02
6.207390984843478004e-05 -3.456149755066720460e-03 5.197910436821896740e-02
7.305200779391703278e-05 -4.228453105994796346e-03 5.699503976935683947e-02
8.468202946272209764e-05 -5.081495631121309836e-03 6.197872667147500542e-02
9.691316486804463009e-05 -6.015881001295122696e-03 6.693045737249538052e-02
1.096956317672228182e-04 -7.032154228404662033e-03 7.185054791467546109e-02
1.229807048551515860e-04 -8.130801246647244296e-03 7.673933743261281137e-02
1.367207442626347362e-04 -9.312248522191531735e-03 8.159718749011690697e-02
1.508692233468352298e-04 -1.057686269142586385e-02 8.642448140632101594e-02
1.653807557613063393e-04 -1.192495022797320468e-02 9.122162357141112843e-02
1.802111217934395640e-04 -1.335675713864169743e-02 9.598903875235330341e-02
1.953172939574899418e-04 -1.487246868846745125e-02 1.007271713890045134e-01
2.106574618316823253e-04 -1.647220915499430713e-02 1.054364848809969807e-01
2.261910561282785826e-04 -1.815604161192315921e-02 1.101174608657885801e-01
2.418787719858021921e-04 -1.992396774225102529e-02 1.147705984882767954e-01
2.576825914730026461e-04 -2.177592768100782006e-02 1.193964136623758415e-01
2.735658052945028756e-04 -2.371179988768663469e-02 1.239954383249609465e-01
2.894930336884211268e-04 -2.573140104845061255e-02 1.285682196825863322e-01
3.054302465066511185e-04 -2.783448600818744234e-02 1.331153194513864657e-01
3.213447824688442128e-04 -3.002074773246966866e-02 1.376373130905726161e-01
3.372053675815336600e-04 -3.228981729946703294e-02 1.421347890299400341e-01
3.529821327141849136e-04 -3.464126392184388448e-02 1.466083478918025207e-01
3.686466303244012696e-04 -3.707459499866304353e-02 1.510586017077743537e-01
3.834759348727539551e-04 -3.956203207367638142e-02 1.554333448933840900e-01
3.974402571956992978e-04 -4.210492820240252509e-02 1.597325981889270441e-01
4.105119125972273475e-04 -4.470459894105439924e-02 1.639564399231414060e-01
4.226653364192024115e-04 -4.736232130912886723e-02 1.681050055665735954e-01
4.338770984029674082e-04 -5.007933277020613916e-02 1.721784872571295311e-01
4.441259158358370931e-04 -5.285683023146053872e-02 1.761771332980867910e-01
4.533926654766223200e-04 -5.569596906237800349e-02 1.801012476288573749e-01
4.616603942549313494e-04 -5.859786213316686698e-02 1.839511892687992201e-01
4.689143287394688235e-04 -6.156357887334030360e-02 1.877273717343875548e-01
4.751418833711607763e-04 -6.459414435094110174e-02 1.914302624300679712e-01
4.803326674574436798e-04 -6.769053837287011821e-02 1.950603820131236732e-01
4.844784909246495569e-04 -7.085369460677176656e-02 1.986183037329005696e-01
4.875733688259110987e-04 -7.408449972492026081e-02 2.021046527447446228e-01
4.896135246026327810e-04 -7.738379257054167626e-02 2.055201053990159676e-01
4.905973920980757474e-04 -8.075236334699752161e-02 2.088653885055550552e-01
4.905256163221964139e-04 -8.419095283024589926e-02 2.121412785739862084e-01
4.894010529673958627e-04 -8.770025160498649830e-02 2.153486010302539666e-01
4.872287666754445703e-04 -9.128089932488664404e-02 2.184882294097973687e-01
4.840160280563424958e-04 -9.493348399727419284e-02 2.215610845277772856e-01
4.797723094604884847e-04 -9.865854129267426220e-02 2.245681336267808526e-01
4.745092795060381263e-04 -1.024565538795559894e-01 2.275103895024376821e-01
4.682407963639159221e-04 -1.063279507846441319e-01 2.303889096073896414e-01
4.609828998034956821e-04 -1.102731067791414832e-01 2.332047951340670278e-01
4.527538020024930287e-04 -1.142923417911954342e-01 2.359591900767314399e-01
4.435738771251898659e-04 -1.183859203449319081e-01 2.386532802732544700e-01
4.334656496736608001e-04 -1.225540510263693761e-01 2.412882924271100848e-01
4.224537816171791173e-04 -1.267968859765130074e-01 2.438654931100665280e-01
4.105650583055860505e-04 -1.311145204119185670e-01 2.463861877460709615e-01
3.978283731728915950e-04 -1.355069921730051030e-01 2.488517195768294166e-01
3.842747112379607663e-04 -1.399742813003804487e-01 2.512634686095896464e-01
3.732896875884998190e-04 -1.443078047252915053e-01 2.535732881557892782e-01
3.647305433603946143e-04 -1.485052435235916790e-01 2.557819842529733823e-01
3.584535722446373146e-04 -1.525644114058066769e-01 2.578904420319331758e-01
3.543142088301777558e-04 -1.564832556595963098e-01 2.598996249725289420e-01
3.521671172583869377e-04 -1.602598580236684889e-01 2.618105741210818849e-01
3.518662801485615706e-04 -1.638924354928029126e-01 2.636244072697221941e-01
3.532650877537618444e-04 -1.673793410536729143e-01 2.653423180980972185e-01
3.562164273062264465e-04 -1.707190643511811434e-01 2.669655752778582469e-01
3.605727725115269455e-04 -1.739102322850580307e-01 2.684955215403615481e-01
3.661862731505970917e-04 -1.769516095364975783e-01 2.699335727080329206e-01
3.729088447487427732e-04 -1.798420990246385465e-01 2.712812166898621591e-01
3.805922582707098496e-04 -1.825807422927268886e-01 2.725400124415073844e-01
3.890882298009170097e-04 -1.851667198238261536e-01 2.737115888905052863e-01
3.982485101679693654e-04 -1.875993512859724377e-01 2.747976438270967603e-01
4.079249744726081762e-04 -1.898780957067005004e-01 2.757999427611932952e-01
4.179697114783166058e-04 -1.920025515768980506e-01 2.767203177460221819e-01
4.282351128238560066e-04 -1.939724568839746310e-01 2.775606661690036558e-01
4.385739620171220411e-04 -1.957876890743630860e-01 2.783229495104271312e-01
4.488395231697848682e-04 -1.974482649453996042e-01 2.790091920705057293e-01
4.588856294323236129e-04 -1.989543404666604398e-01 2.796214796654033496e-01
4.685667710891938112e-04 -2.003062105308623109e-01 2.801619582928407404e-01
4.777381832740146294e-04 -2.015043086344637524e-01 2.806328327678996870e-01
4.862559332648460448e-04 -2.025492064881344867e-01 2.810363653296574227e-01
4.939770073198039872e-04 -2.034416135572903461e-01 2.813748742192958563e-01
5.007593970134652153e-04 -2.041823765329201235e-01 2.816507322303413718e-01
5.064621850347350964e-04 -2.047724787329612273e-01 2.818663652317039414e-01
5.109456304070867294e-04 -2.052130394345100806e-01 2.820242506641946756e-01
5.140712530923256937e-04 -2.055053131371829822e-01 2.821269160112129248e-01
0.000000000000000000e+00 0.000000000000000000e+00 0.000000000000000000e+00
0.000000000000000000e+00 0.000000000000000000e+00 0.000000000000000000e+00
