#wanを回転させたもの．
0.000000000000000000e+00 0.000000000000000000e+00 0.000000000000000000e+00
0.000000000000000000e+00 -4.849296176979207178e-05 5.556743029973799756e-03
0.000000000000000000e+00 -1.939570756532798645e-04 1.111179342219129063e-02
0.000000000000000000e+00 -4.363480318722464638e-04 1.666345905449002213e-02
0.000000000000000000e+00 -7.755919957932899027e-04 2.221004883573820740e-02
0.000000000000000000e+00 -1.211585630418666754e-03 2.774987322095744807e-02
0.000000000000000000e+00 -1.744196127863767258e-03 3.328124472597452504e-02
0.000000000000000000e+00 -2.373261249811498951e-03 3.880247844144541630e-02
0.000000000000000000e+00 -3.098589376931810968e-03 4.431189254609499417e-02
0.000000000000000000e+00 -3.919959567250835483e-03 4.980780881901609308e-02
0.000000000000000000e+00 -4.837121623451804721e-03 5.528855315087183309e-02
0.000000000000000000e+00 -5.849796169087577262e-03 6.075245605384558406e-02
0.000000000000000000e+00 -6.957674733681612489e-03 6.619785317018307691e-02
0.000000000000000000e+00 -8.160419846690882689e-03 7.162308577917193830e-02
0.000000000000000000e+00 -9.457665140302688386e-03 7.702650130240402959e-02
0.000000000000000000e+00 -1.084901546103388646e-02 8.240645380716694890e-02
0.000000000000000000e+00 -1.233404699009849059e-02 8.776130450781095826e-02
0.000000000000000000e+00 -1.391230737250694592e-02 9.308942226493906180e-02
0.000000000000000000e+00 -1.558331585485776480e-02 9.838918408226773882e-02
0.000000000000000000e+00 -1.734656343177980523e-02 1.036589756010075497e-01
0.000000000000000000e+00 -1.920151300098021582e-02 1.088971915916122635e-01
0.000000000000000000e+00 -2.114759952685091662e-02 1.141022364427473762e-01
0.000000000000000000e+00 -2.318423021258392280e-02 1.192725246473288481e-01
0.000000000000000000e+00 -2.531078468074309668e-02 1.244064812854838442e-01
0.000000000000000000e+00 -2.752661516223707874e-02 1.295025425042866385e-01
0.000000000000000000e+00 -2.983104669363590908e-02 1.345591559941233528e-01
0.000000000000000000e+00 -3.222337732277160555e-02 1.395747814615404259e-01
0.000000000000000000e+00 -3.470287832255954802e-02 1.445478910984330234e-01
0.000000000000000000e+00 -3.726879441297570317e-02 1.494769700474302410e-01
0.000000000000000000e+00 -3.992034399112238952e-02 1.543605168633350178e-01
0.000000000000000000e+00 -4.265671936931185459e-02 1.591970439704793183e-01
0.000000000000000000e+00 -4.547708702109615198e-02 1.639850781158538606e-01
0.000000000000000000e+00 -4.838058783516701461e-02 1.687231608178751674e-01
0.000000000000000000e+00 -5.136633737704957708e-02 1.734098488106534108e-01
0.000000000000000000e+00 -5.443342615850984417e-02 1.780437144836250207e-01
0.000000000000000000e+00 -5.758091991459334674e-02 1.826233463164166626e-01
0.000000000000000000e+00 -6.080785988821158644e-02 1.871473493088082751e-01
0.000000000000000000e+00 -6.411326312218854073e-02 1.916143454056633555e-01
0.000000000000000000e+00 -6.749612275867891698e-02 1.960229739166979845e-01
0.000000000000000000e+00 -7.095540834586699930e-02 2.003718919309604440e-01
0.000000000000000000e+00 -7.449006615185203850e-02 2.046597747258946109e-01
0.000000000000000000e+00 -7.809901948562540663e-02 2.088853161708635053e-01
0.000000000000000000e+00 -8.178116902504083130e-02 2.130472291250093131e-01
0.000000000000000000e+00 -8.553539315167883739e-02 2.171442458293287581e-01
0.000000000000000000e+00 -8.936054829250252018e-02 2.211751182928450299e-01
0.000000000000000000e+00 -9.325546926820083016e-02 2.251386186727578342e-01
0.000000000000000000e+00 -9.721896964811362063e-02 2.290335396484561303e-01
0.000000000000000000e+00 -1.012498421116299480e-01 2.328586947892798131e-01
0.000000000000000000e+00 -1.053468588159493374e-01 2.366129189159178192e-01
0.000000000000000000e+00 -1.095087717700951174e-01 2.402950684553332439e-01
0.000000000000000000e+00 -1.137343132150640534e-01 2.439040217891066120e-01
0.000000000000000000e+00 -1.180221960099981787e-01 2.474386795950916651e-01
0.000000000000000000e+00 -1.223711140242606799e-01 2.508979651822797474e-01
0.000000000000000000e+00 -1.267797425352953089e-01 2.542808248187701792e-01
0.000000000000000000e+00 -1.312467386321503615e-01 2.575862280527470571e-01
0.000000000000000000e+00 -1.357707416245420018e-01 2.608131680263652830e-01
0.000000000000000000e+00 -1.403503734573336714e-01 2.639606617824488688e-01
0.000000000000000000e+00 -1.449842391303052536e-01 2.670277505639090943e-01
0.000000000000000000e+00 -1.496709271230835248e-01 2.700135001057916706e-01
0.000000000000000000e+00 -1.544090098251047760e-01 2.729170009198624847e-01
0.000000000000000000e+00 -1.591970439704793183e-01 2.757373685716468237e-01
0.000000000000000000e+00 -1.640335710776236189e-01 2.784737439498363165e-01
0.000000000000000000e+00 -1.689171178935284512e-01 2.811252935279829335e-01
0.000000000000000000e+00 -1.738461968425256687e-01 2.836912096183991094e-01
0.000000000000000000e+00 -1.788193064794182663e-01 2.861707106181871074e-01
0.000000000000000000e+00 -1.838349319468353116e-01 2.885630412473227935e-01
0.000000000000000000e+00 -1.888915454366720537e-01 2.908674727787216030e-01
0.000000000000000000e+00 -1.939876066554748202e-01 2.930833032602155330e-01
0.000000000000000000e+00 -1.991215632936298718e-01 2.952098577283747693e-01
0.000000000000000000e+00 -2.042918514982112743e-01 2.972464884141077790e-01
0.000000000000000000e+00 -2.094968963493463732e-01 2.991925749399784173e-01
0.000000000000000000e+00 -2.147351123399511286e-01 3.010475245091788765e-01
0.000000000000000000e+00 -2.200049038586909256e-01 3.028107720861009100e-01
0.000000000000000000e+00 -2.253046656760196442e-01 3.044817805684517653e-01
0.000000000000000000e+00 -2.306327834331477478e-01 3.060600409508602016e-01
0.000000000000000000e+00 -2.359876341337917571e-01 3.075450724799247970e-01
0.000000000000000000e+00 -2.413675866385545932e-01 3.089364228006560298e-01
0.000000000000000000e+00 -2.467710021617867955e-01 3.102336680942678337e-01
0.000000000000000000e+00 -2.521962347707755736e-01 3.114364132072770519e-01
0.000000000000000000e+00 -2.576416318871130873e-01 3.125442917718710967e-01
0.000000000000000000e+00 -2.631055347900868036e-01 3.135569663175069022e-01
0.000000000000000000e+00 -2.685862791219425505e-01 3.144741283737078619e-01
0.000000000000000000e+00 -2.740821953948636147e-01 3.152954985640268326e-01
0.000000000000000000e+00 -2.795916094995132828e-01 3.160208266911471719e-01
0.000000000000000000e+00 -2.851128432149842018e-01 3.166498918130949414e-01
0.000000000000000000e+00 -2.906442147200012371e-01 3.171825023105400154e-01
0.000000000000000000e+00 -2.961840391052204535e-01 3.176184959451653911e-01
0.000000000000000000e+00 -3.017306288864686215e-01 3.179577399090864342e-01
0.000000000000000000e+00 -3.072822945187673738e-01 3.182001308653054084e-01
0.000000000000000000e+00 -3.128373449109849158e-01 3.183455949791889061e-01
0.000000000000000000e+00 -3.183940879409586366e-01 3.183940879409586922e-01
0.000000000000000000e+00 -3.239508309709324685e-01 3.183455949791889061e-01
0.000000000000000000e+00 -3.295058813631498995e-01 3.182001308653054084e-01
0.000000000000000000e+00 -3.350575469954485963e-01 3.179577399090864342e-01
0.000000000000000000e+00 -3.406041367766969308e-01 3.176184959451653911e-01
0.000000000000000000e+00 -3.461439611619161472e-01 3.171825023105400154e-01
0.000000000000000000e+00 -3.516753326669331825e-01 3.166498918130949414e-01
0.000000000000000000e+00 -3.571965663824041015e-01 3.160208266911472275e-01
0.000000000000000000e+00 -3.627059804870536586e-01 3.152954985640268881e-01
0.000000000000000000e+00 -3.682018967599748338e-01 3.144741283737078064e-01
0.000000000000000000e+00 -3.736826410918305252e-01 3.135569663175069022e-01
0.000000000000000000e+00 -3.791465439948042970e-01 3.125442917718710967e-01
0.000000000000000000e+00 -3.845919411111416997e-01 3.114364132072770519e-01
0.000000000000000000e+00 -3.900171737201305611e-01 3.102336680942678337e-01
0.000000000000000000e+00 -3.954205892433627634e-01 3.089364228006560298e-01
0.000000000000000000e+00 -4.008005417481256272e-01 3.075450724799247970e-01
0.000000000000000000e+00 -4.061553924487696365e-01 3.060600409508602016e-01
0.000000000000000000e+00 -4.114835102058977401e-01 3.044817805684517653e-01
0.000000000000000000e+00 -4.167832720232264587e-01 3.028107720861009655e-01
0.000000000000000000e+00 -4.220530635419662002e-01 3.010475245091788765e-01
0.000000000000000000e+00 -4.272912795325709556e-01 2.991925749399784729e-01
0.000000000000000000e+00 -4.324963243837060545e-01 2.972464884141077790e-01
0.000000000000000000e+00 -4.376666125882875402e-01 2.952098577283747693e-01
0.000000000000000000e+00 -4.428005692264425086e-01 2.930833032602155885e-01
0.000000000000000000e+00 -4.478966304452453584e-01 2.908674727787216585e-01
0.000000000000000000e+00 -4.529532439350820172e-01 2.885630412473227935e-01
0.000000000000000000e+00 -4.579688694024990903e-01 2.861707106181870519e-01
0.000000000000000000e+00 -4.629419790393917156e-01 2.836912096183991649e-01
0.000000000000000000e+00 -4.678710579883888498e-01 2.811252935279830445e-01
0.000000000000000000e+00 -4.727546048042937099e-01 2.784737439498363165e-01
0.000000000000000000e+00 -4.775911319114379827e-01 2.757373685716468792e-01
0.000000000000000000e+00 -4.823791660568125805e-01 2.729170009198625402e-01
0.000000000000000000e+00 -4.871172487588337763e-01 2.700135001057917261e-01
0.000000000000000000e+00 -4.918039367516120475e-01 2.670277505639090943e-01
0.000000000000000000e+00 -4.964378024245835741e-01 2.639606617824489243e-01
0.000000000000000000e+00 -5.010174342573753270e-01 2.608131680263653940e-01
0.000000000000000000e+00 -5.055414372497668563e-01 2.575862280527471126e-01
0.000000000000000000e+00 -5.100084333466221587e-01 2.542808248187701792e-01
0.000000000000000000e+00 -5.144170618576566767e-01 2.508979651822798029e-01
0.000000000000000000e+00 -5.187659798719190807e-01 2.474386795950917484e-01
0.000000000000000000e+00 -5.230538626668532753e-01 2.439040217891066398e-01
0.000000000000000000e+00 -5.272794041118222808e-01 2.402950684553332439e-01
0.000000000000000000e+00 -5.314413170659679775e-01 2.366129189159178747e-01
0.000000000000000000e+00 -5.355383337702873670e-01 2.328586947892798964e-01
0.000000000000000000e+00 -5.395692062338036665e-01 2.290335396484562414e-01
0.000000000000000000e+00 -5.435327066137165541e-01 2.251386186727578620e-01
0.000000000000000000e+00 -5.474276275894148780e-01 2.211751182928450021e-01
0.000000000000000000e+00 -5.512527827302384775e-01 2.171442458293287581e-01
0.000000000000000000e+00 -5.550070068568765391e-01 2.130472291250093686e-01
0.000000000000000000e+00 -5.586891563962920193e-01 2.088853161708635331e-01
0.000000000000000000e+00 -5.622981097300652209e-01 2.046597747258946942e-01
0.000000000000000000e+00 -5.658327675360502740e-01 2.003718919309605551e-01
0.000000000000000000e+00 -5.692920531232383841e-01 1.960229739166980401e-01
0.000000000000000000e+00 -5.726749127597288158e-01 1.916143454056633000e-01
0.000000000000000000e+00 -5.759803159937058048e-01 1.871473493088083306e-01
0.000000000000000000e+00 -5.792072559673240306e-01 1.826233463164167459e-01
0.000000000000000000e+00 -5.823547497234075054e-01 1.780437144836250207e-01
0.000000000000000000e+00 -5.854218385048678419e-01 1.734098488106533553e-01
0.000000000000000000e+00 -5.884075880467503072e-01 1.687231608178751674e-01
0.000000000000000000e+00 -5.913110888608211768e-01 1.639850781158539161e-01
0.000000000000000000e+00 -5.941314565126055713e-01 1.591970439704793183e-01
0.000000000000000000e+00 -5.968678318907949532e-01 1.543605168633350733e-01
0.000000000000000000e+00 -5.995193814689415701e-01 1.494769700474303242e-01
0.000000000000000000e+00 -6.020852975593578016e-01 1.445478910984330789e-01
0.000000000000000000e+00 -6.045647985591457996e-01 1.395747814615403981e-01
0.000000000000000000e+00 -6.069571291882814856e-01 1.345591559941233806e-01
0.000000000000000000e+00 -6.092615607196802952e-01 1.295025425042867218e-01
0.000000000000000000e+00 -6.114773912011741697e-01 1.244064812854839830e-01
0.000000000000000000e+00 -6.136039456693335170e-01 1.192725246473289175e-01
0.000000000000000000e+00 -6.156405763550664156e-01 1.141022364427473623e-01
0.000000000000000000e+00 -6.175866628809372205e-01 1.088971915916123190e-01
0.000000000000000000e+00 -6.194416124501375132e-01 1.036589756010076607e-01
0.000000000000000000e+00 -6.212048600270596577e-01 9.838918408226778045e-02
0.000000000000000000e+00 -6.228758685094104575e-01 9.308942226493913119e-02
0.000000000000000000e+00 -6.244541288918188382e-01 8.776130450781111092e-02
0.000000000000000000e+00 -6.259391604208834892e-01 8.240645380716703217e-02
0.000000000000000000e+00 -6.273305107416146109e-01 7.702650130240402959e-02
0.000000000000000000e+00 -6.286277560352265814e-01 7.162308577917185504e-02
0.000000000000000000e+00 -6.298305011482357996e-01 6.619785317018306303e-02
0.000000000000000000e+00 -6.309383797128298443e-01 6.075245605384563957e-02
0.000000000000000000e+00 -6.319510542584656498e-01 5.528855315087180533e-02
0.000000000000000000e+00 -6.328682163146664985e-01 4.980780881901612778e-02
0.000000000000000000e+00 -6.336895865049855248e-01 4.431189254609509826e-02
0.000000000000000000e+00 -6.344149146321059751e-01 3.880247844144544406e-02
0.000000000000000000e+00 -6.350439797540535780e-01 3.328124472597461525e-02
0.000000000000000000e+00 -6.355765902514987076e-01 2.774987322095759726e-02
0.000000000000000000e+00 -6.360125838861241387e-01 2.221004883573827679e-02
0.000000000000000000e+00 -6.363518278500450709e-01 1.666345905449001519e-02
0.000000000000000000e+00 -6.365942188062641005e-01 1.111179342219120562e-02
0.000000000000000000e+00 -6.367396829201475983e-01 5.556743029973775470e-03
0.000000000000000000e+00 -6.367881758819173843e-01 3.899203006643359239e-17
0.000000000000000000e+00 -6.367396829201475983e-01 -5.556743029973698275e-03
0.000000000000000000e+00 -6.365942188062641005e-01 -1.111179342219126634e-02
0.000000000000000000e+00 -6.363518278500450709e-01 -1.666345905448993539e-02
0.000000000000000000e+00 -6.360125838861241387e-01 -2.221004883573805821e-02
0.000000000000000000e+00 -6.355765902514987076e-01 -2.774987322095737521e-02
0.000000000000000000e+00 -6.350439797540536890e-01 -3.328124472597440014e-02
0.000000000000000000e+00 -6.344149146321059751e-01 -3.880247844144550651e-02
0.000000000000000000e+00 -6.336895865049855248e-01 -4.431189254609502193e-02
0.000000000000000000e+00 -6.328682163146664985e-01 -4.980780881901605839e-02
0.000000000000000000e+00 -6.319510542584656498e-01 -5.528855315087188166e-02
0.000000000000000000e+00 -6.309383797128298443e-01 -6.075245605384557018e-02
0.000000000000000000e+00 -6.298305011482357996e-01 -6.619785317018299364e-02
0.000000000000000000e+00 -6.286277560352265814e-01 -7.162308577917192443e-02
0.000000000000000000e+00 -6.273305107416146109e-01 -7.702650130240396020e-02
0.000000000000000000e+00 -6.259391604208834892e-01 -8.240645380716682400e-02
0.000000000000000000e+00 -6.244541288918188382e-01 -8.776130450781090275e-02
0.000000000000000000e+00 -6.228758685094104575e-01 -9.308942226493893690e-02
0.000000000000000000e+00 -6.212048600270595466e-01 -9.838918408226784984e-02
0.000000000000000000e+00 -6.194416124501375132e-01 -1.036589756010076052e-01
0.000000000000000000e+00 -6.175866628809372205e-01 -1.088971915916122357e-01
0.000000000000000000e+00 -6.156405763550664156e-01 -1.141022364427474317e-01
0.000000000000000000e+00 -6.136039456693335170e-01 -1.192725246473288481e-01
0.000000000000000000e+00 -6.114773912011742807e-01 -1.244064812854837887e-01
0.000000000000000000e+00 -6.092615607196804062e-01 -1.295025425042865275e-01
0.000000000000000000e+00 -6.069571291882814856e-01 -1.345591559941232973e-01
0.000000000000000000e+00 -6.045647985591457996e-01 -1.395747814615403148e-01
0.000000000000000000e+00 -6.020852975593579126e-01 -1.445478910984328846e-01
0.000000000000000000e+00 -5.995193814689416811e-01 -1.494769700474302410e-01
0.000000000000000000e+00 -5.968678318907950642e-01 -1.543605168633349900e-01
0.000000000000000000e+00 -5.941314565126054603e-01 -1.591970439704793738e-01
0.000000000000000000e+00 -5.913110888608211768e-01 -1.639850781158538606e-01
0.000000000000000000e+00 -5.884075880467504183e-01 -1.687231608178751396e-01
0.000000000000000000e+00 -5.854218385048678419e-01 -1.734098488106534108e-01
0.000000000000000000e+00 -5.823547497234076165e-01 -1.780437144836249375e-01
0.000000000000000000e+00 -5.792072559673240306e-01 -1.826233463164165793e-01
0.000000000000000000e+00 -5.759803159937058048e-01 -1.871473493088082474e-01
0.000000000000000000e+00 -5.726749127597289268e-01 -1.916143454056632722e-01
0.000000000000000000e+00 -5.692920531232384951e-01 -1.960229739166978735e-01
0.000000000000000000e+00 -5.658327675360503850e-01 -2.003718919309604996e-01
0.000000000000000000e+00 -5.622981097300653319e-01 -2.046597747258946109e-01
0.000000000000000000e+00 -5.586891563962919083e-01 -2.088853161708636164e-01
0.000000000000000000e+00 -5.550070068568765391e-01 -2.130472291250093131e-01
0.000000000000000000e+00 -5.512527827302385885e-01 -2.171442458293287026e-01
0.000000000000000000e+00 -5.474276275894148780e-01 -2.211751182928450576e-01
0.000000000000000000e+00 -5.435327066137165541e-01 -2.251386186727578342e-01
0.000000000000000000e+00 -5.395692062338038886e-01 -2.290335396484560748e-01
0.000000000000000000e+00 -5.355383337702875890e-01 -2.328586947892797299e-01
0.000000000000000000e+00 -5.314413170659680885e-01 -2.366129189159177915e-01
0.000000000000000000e+00 -5.272794041118223918e-01 -2.402950684553331884e-01
0.000000000000000000e+00 -5.230538626668534974e-01 -2.439040217891065843e-01
0.000000000000000000e+00 -5.187659798719190807e-01 -2.474386795950917484e-01
0.000000000000000000e+00 -5.144170618576566767e-01 -2.508979651822798029e-01
0.000000000000000000e+00 -5.100084333466220476e-01 -2.542808248187701792e-01
0.000000000000000000e+00 -5.055414372497670783e-01 -2.575862280527470571e-01
0.000000000000000000e+00 -5.010174342573754380e-01 -2.608131680263652830e-01
0.000000000000000000e+00 -4.964378024245839072e-01 -2.639606617824487578e-01
0.000000000000000000e+00 -4.918039367516120475e-01 -2.670277505639090943e-01
0.000000000000000000e+00 -4.871172487588339428e-01 -2.700135001057916706e-01
0.000000000000000000e+00 -4.823791660568126360e-01 -2.729170009198624847e-01
0.000000000000000000e+00 -4.775911319114382048e-01 -2.757373685716467127e-01
0.000000000000000000e+00 -4.727546048042936544e-01 -2.784737439498363165e-01
0.000000000000000000e+00 -4.678710579883889054e-01 -2.811252935279829890e-01
0.000000000000000000e+00 -4.629419790393917711e-01 -2.836912096183991094e-01
0.000000000000000000e+00 -4.579688694024992568e-01 -2.861707106181869964e-01
0.000000000000000000e+00 -4.529532439350821837e-01 -2.885630412473227380e-01
0.000000000000000000e+00 -4.478966304452453584e-01 -2.908674727787216585e-01
0.000000000000000000e+00 -4.428005692264425641e-01 -2.930833032602155330e-01
0.000000000000000000e+00 -4.376666125882876512e-01 -2.952098577283747138e-01
0.000000000000000000e+00 -4.324963243837062210e-01 -2.972464884141077235e-01
0.000000000000000000e+00 -4.272912795325711222e-01 -2.991925749399784173e-01
0.000000000000000000e+00 -4.220530635419662557e-01 -3.010475245091788765e-01
0.000000000000000000e+00 -4.167832720232264587e-01 -3.028107720861009100e-01
0.000000000000000000e+00 -4.114835102058977956e-01 -3.044817805684517098e-01
0.000000000000000000e+00 -4.061553924487695810e-01 -3.060600409508602571e-01
0.000000000000000000e+00 -4.008005417481256272e-01 -3.075450724799247970e-01
0.000000000000000000e+00 -3.954205892433627634e-01 -3.089364228006560298e-01
0.000000000000000000e+00 -3.900171737201307276e-01 -3.102336680942677782e-01
0.000000000000000000e+00 -3.845919411111419217e-01 -3.114364132072770519e-01
0.000000000000000000e+00 -3.791465439948045191e-01 -3.125442917718710967e-01
0.000000000000000000e+00 -3.736826410918305252e-01 -3.135569663175069022e-01
0.000000000000000000e+00 -3.682018967599748893e-01 -3.144741283737078064e-01
0.000000000000000000e+00 -3.627059804870535475e-01 -3.152954985640268881e-01
0.000000000000000000e+00 -3.571965663824040460e-01 -3.160208266911472275e-01
0.000000000000000000e+00 -3.516753326669331825e-01 -3.166498918130949414e-01
0.000000000000000000e+00 -3.461439611619161472e-01 -3.171825023105400154e-01
0.000000000000000000e+00 -3.406041367766969863e-01 -3.176184959451653911e-01
0.000000000000000000e+00 -3.350575469954488739e-01 -3.179577399090864342e-01
0.000000000000000000e+00 -3.295058813631501771e-01 -3.182001308653053528e-01
0.000000000000000000e+00 -3.239508309709324685e-01 -3.183455949791889061e-01
0.000000000000000000e+00 -3.183940879409587477e-01 -3.183940879409586922e-01
0.000000000000000000e+00 -3.128373449109849713e-01 -3.183455949791889061e-01
0.000000000000000000e+00 -3.072822945187673183e-01 -3.182001308653054084e-01
0.000000000000000000e+00 -3.017306288864686215e-01 -3.179577399090864342e-01
0.000000000000000000e+00 -2.961840391052205090e-01 -3.176184959451654466e-01
0.000000000000000000e+00 -2.906442147200013482e-01 -3.171825023105400154e-01
0.000000000000000000e+00 -2.851128432149843128e-01 -3.166498918130949414e-01
0.000000000000000000e+00 -2.795916094995132273e-01 -3.160208266911471719e-01
0.000000000000000000e+00 -2.740821953948637257e-01 -3.152954985640268881e-01
0.000000000000000000e+00 -2.685862791219426615e-01 -3.144741283737078619e-01
0.000000000000000000e+00 -2.631055347900869701e-01 -3.135569663175069022e-01
0.000000000000000000e+00 -2.576416318871133093e-01 -3.125442917718711522e-01
0.000000000000000000e+00 -2.521962347707758512e-01 -3.114364132072771074e-01
0.000000000000000000e+00 -2.467710021617867955e-01 -3.102336680942678337e-01
0.000000000000000000e+00 -2.413675866385547597e-01 -3.089364228006560298e-01
0.000000000000000000e+00 -2.359876341337916184e-01 -3.075450724799247970e-01
0.000000000000000000e+00 -2.306327834331476923e-01 -3.060600409508601460e-01
0.000000000000000000e+00 -2.253046656760196442e-01 -3.044817805684517653e-01
0.000000000000000000e+00 -2.200049038586910088e-01 -3.028107720861009655e-01
0.000000000000000000e+00 -2.147351123399512673e-01 -3.010475245091789320e-01
0.000000000000000000e+00 -2.094968963493465952e-01 -2.991925749399785284e-01
0.000000000000000000e+00 -2.042918514982115241e-01 -2.972464884141078900e-01
0.000000000000000000e+00 -1.991215632936298718e-01 -2.952098577283747693e-01
0.000000000000000000e+00 -1.939876066554749034e-01 -2.930833032602156440e-01
0.000000000000000000e+00 -1.888915454366719149e-01 -2.908674727787216030e-01
0.000000000000000000e+00 -1.838349319468352838e-01 -2.885630412473227380e-01
0.000000000000000000e+00 -1.788193064794182663e-01 -2.861707106181871074e-01
0.000000000000000000e+00 -1.738461968425256965e-01 -2.836912096183991649e-01
0.000000000000000000e+00 -1.689171178935285900e-01 -2.811252935279830445e-01
0.000000000000000000e+00 -1.640335710776238687e-01 -2.784737439498364275e-01
0.000000000000000000e+00 -1.591970439704793461e-01 -2.757373685716468237e-01
0.000000000000000000e+00 -1.544090098251048870e-01 -2.729170009198625402e-01
0.000000000000000000e+00 -1.496709271230836080e-01 -2.700135001057917261e-01
0.000000000000000000e+00 -1.449842391303054201e-01 -2.670277505639092053e-01
0.000000000000000000e+00 -1.403503734573338935e-01 -2.639606617824489798e-01
0.000000000000000000e+00 -1.357707416245420295e-01 -2.608131680263653385e-01
0.000000000000000000e+00 -1.312467386321504725e-01 -2.575862280527471126e-01
0.000000000000000000e+00 -1.267797425352954477e-01 -2.542808248187702347e-01
0.000000000000000000e+00 -1.223711140242606105e-01 -2.508979651822796919e-01
0.000000000000000000e+00 -1.180221960099982204e-01 -2.474386795950916651e-01
0.000000000000000000e+00 -1.137343132150640812e-01 -2.439040217891066398e-01
0.000000000000000000e+00 -1.095087717700952146e-01 -2.402950684553333549e-01
0.000000000000000000e+00 -1.053468588159495040e-01 -2.366129189159180135e-01
0.000000000000000000e+00 -1.012498421116301145e-01 -2.328586947892800074e-01
0.000000000000000000e+00 -9.721896964811387043e-02 -2.290335396484563524e-01
0.000000000000000000e+00 -9.325546926820085791e-02 -2.251386186727578897e-01
0.000000000000000000e+00 -8.936054829250261733e-02 -2.211751182928451409e-01
0.000000000000000000e+00 -8.553539315167879575e-02 -2.171442458293286748e-01
0.000000000000000000e+00 -8.178116902504083130e-02 -2.130472291250092853e-01
0.000000000000000000e+00 -7.809901948562543439e-02 -2.088853161708635886e-01
0.000000000000000000e+00 -7.449006615185210789e-02 -2.046597747258947220e-01
0.000000000000000000e+00 -7.095540834586711032e-02 -2.003718919309605828e-01
0.000000000000000000e+00 -6.749612275867905575e-02 -1.960229739166982066e-01
0.000000000000000000e+00 -6.411326312218854073e-02 -1.916143454056633555e-01
0.000000000000000000e+00 -6.080785988821162807e-02 -1.871473493088083306e-01
0.000000000000000000e+00 -5.758091991459341613e-02 -1.826233463164167459e-01
0.000000000000000000e+00 -5.443342615850992050e-02 -1.780437144836251595e-01
0.000000000000000000e+00 -5.136633737704957708e-02 -1.734098488106533831e-01
0.000000000000000000e+00 -4.838058783516718808e-02 -1.687231608178754450e-01
0.000000000000000000e+00 -4.547708702109622830e-02 -1.639850781158539716e-01
0.000000000000000000e+00 -4.265671936931195868e-02 -1.591970439704794849e-01
0.000000000000000000e+00 -3.992034399112235482e-02 -1.543605168633349622e-01
0.000000000000000000e+00 -3.726879441297570317e-02 -1.494769700474302410e-01
0.000000000000000000e+00 -3.470287832255958271e-02 -1.445478910984331067e-01
0.000000000000000000e+00 -3.222337732277153616e-02 -1.395747814615402871e-01
0.000000000000000000e+00 -2.983104669363598194e-02 -1.345591559941235194e-01
0.000000000000000000e+00 -2.752661516223704405e-02 -1.295025425042866385e-01
0.000000000000000000e+00 -2.531078468074323892e-02 -1.244064812854841495e-01
0.000000000000000000e+00 -2.318423021258395750e-02 -1.192725246473289313e-01
0.000000000000000000e+00 -2.114759952685098948e-02 -1.141022364427475427e-01
0.000000000000000000e+00 -1.920151300098021582e-02 -1.088971915916122080e-01
0.000000000000000000e+00 -1.734656343177990931e-02 -1.036589756010078411e-01
0.000000000000000000e+00 -1.558331585485776480e-02 -9.838918408226780821e-02
0.000000000000000000e+00 -1.391230737250687653e-02 -9.308942226493889527e-02
0.000000000000000000e+00 -1.233404699009856172e-02 -8.776130450781115255e-02
0.000000000000000000e+00 -1.084901546103388646e-02 -8.240645380716692114e-02
0.000000000000000000e+00 -9.457665140302688386e-03 -7.702650130240408510e-02
0.000000000000000000e+00 -8.160419846690919118e-03 -7.162308577917203545e-02
0.000000000000000000e+00 -6.957674733681648051e-03 -6.619785317018324344e-02
0.000000000000000000e+00 -5.849796169087577262e-03 -6.075245605384554243e-02
0.000000000000000000e+00 -4.837121623451839415e-03 -5.528855315087213840e-02
0.000000000000000000e+00 -3.919959567250871045e-03 -4.980780881901617635e-02
0.000000000000000000e+00 -3.098589376931846096e-03 -4.431189254609513989e-02
0.000000000000000000e+00 -2.373261249811498951e-03 -3.880247844144562447e-02
0.000000000000000000e+00 -1.744196127863767258e-03 -3.328124472597451117e-02
0.000000000000000000e+00 -1.211585630418666754e-03 -2.774987322095749664e-02
0.000000000000000000e+00 -7.755919957932545577e-04 -2.221004883573803393e-02
0.000000000000000000e+00 -4.363480318722464638e-04 -1.666345905449019560e-02
0.000000000000000000e+00 -1.939570756532798645e-04 -1.111179342219124205e-02
0.000000000000000000e+00 -4.849296176979207178e-05 -5.556743029974098129e-03
