# wanを1度づつ計算したもの．
0.000000000000000000e+00 0.000000000000000000e+00 0.000000000000000000e+00
-4.399999999993298161e-05 -4.517692311545307149e-05 8.236450349465688353e-03
-7.399999999996298428e-05 -6.066407938387641252e-05 1.645990313522188372e-02
-8.600000000003049649e-05 -2.833064285734376853e-05 2.465336231586594262e-02
-1.799999999996249045e-05 1.160413854325303973e-04 3.281183489414343790e-02
-6.799999999995698374e-05 1.187571110691232334e-04 4.090233243786507711e-02
-8.799999999992147437e-05 1.722086533121336416e-04 4.893187259942977096e-02
-9.599999999987396393e-05 2.288750256558280682e-04 5.688348063349706052e-02
-8.600000000003049649e-05 3.073219899152324075e-04 6.475019091234279767e-02
-9.199999999998098588e-05 3.562018838908498353e-04 7.251904843843656745e-02
-1.419999999999754792e-04 3.382534226595845794e-04 8.017511035378305229e-02
-2.019999999998689511e-04 3.323014735553408983e-04 8.768944744556370074e-02
-1.499999999999834799e-04 3.092568049062327518e-04 9.516314564762269612e-02
-2.519999999999744666e-04 9.211580860535306670e-05 1.024553075373398903e-01
-2.179999999999404636e-04 5.596019660114581740e-05 1.096490538274317583e-01
-2.980000000001314930e-04 -1.980433286036253904e-04 1.166895248522314410e-01
-3.279999999999394511e-04 -4.506434293402028501e-04 1.236158820479880682e-01
-3.360000000001139853e-04 -7.465045139429804522e-04 1.304133094267416748e-01
-3.399999999999514522e-04 -1.102207143584443827e-03 1.370830150433187122e-01
-4.379999999998274163e-04 -1.648248464650170497e-03 1.435882324550059042e-01
-4.580000000000694627e-04 -2.181042666521526563e-03 1.499862221734539203e-01
-4.959999999999409326e-04 -2.814921464629471792e-03 1.562482731083723597e-01
-5.419999999999314255e-04 -3.554134608630854508e-03 1.623717040025725589e-01
-5.979999999998764082e-04 -4.392850415550819676e-03 1.683578648579244774e-01
-6.459999999998689013e-04 -5.309156327730879532e-03 1.742241383517915687e-01
-6.479999999997598792e-04 -6.295059495413535267e-03 1.799719412435109023e-01
-7.179999999999964189e-04 -7.418487383783256561e-03 1.855727257704932742e-01
-7.459999999999133991e-04 -8.625288404280229138e-03 1.910539810335159516e-01
-8.219999999999894058e-04 -9.985232569995172724e-03 1.964012343707861319e-01
-8.500000000001284306e-04 -1.140401217494568797e-02 2.016360527203563402e-01
-8.939999999999503899e-04 -1.293924249702460560e-02 2.067420439704792390e-01
-9.460000000000023945e-04 -1.460046252441116188e-02 2.117208582974867692e-01
-9.799999999999808864e-04 -1.634513570521700654e-02 2.165861894907884500e-01
-1.043999999999822847e-03 -1.823665072014601929e-02 2.213077762645853097e-01
-1.031999999999921869e-03 -2.017032227792697752e-02 2.259554035558981600e-01
-1.117999999999841343e-03 -2.230139193327868030e-02 2.304309038085168848e-01
-1.117999999999952365e-03 -2.448102892716064183e-02 2.348221582424792064e-01
-1.147999999999926857e-03 -2.679433104904793694e-02 2.390890981086898348e-01
-1.173999999999841837e-03 -2.921632552097364055e-02 2.432337059283011804e-01
-1.229999999999842331e-03 -3.179196990306615289e-02 2.472400167164769957e-01
-1.190000000000024372e-03 -3.439015302030451471e-02 2.511961191901642132e-01
-1.162000000000051880e-03 -3.711169591021390435e-02 2.550301569595079809e-01
-1.271999999999939845e-03 -4.008335279120728289e-02 2.586323297025461265e-01
-1.253999999999977355e-03 -4.305381205128244737e-02 2.622208943228223621e-01
-1.247999999999860332e-03 -4.614969725677187107e-02 2.656801660895716788e-01
-1.278000000000001357e-03 -4.937356818083504795e-02 2.689765197601235447e-01
-1.272000000000106379e-03 -5.274392185138687683e-02 2.722083906841867851e-01
-1.259999999999816822e-03 -5.618119361813633805e-02 2.753322758896760147e-01
-1.205999999999929351e-03 -5.971175823841246011e-02 2.783667351497514098e-01
-1.222000000000111886e-03 -6.340993098145053519e-02 2.812263920307446763e-01
-1.168000000000057881e-03 -6.717596875079445695e-02 2.840299349206540924e-01
-1.178000000000012371e-03 -7.112007122448149588e-02 2.866521180378925893e-01
-1.143999999999922856e-03 -7.514038201265749173e-02 2.892017624199847980e-01
-1.139999999999807834e-03 -7.930098983226874232e-02 2.916097568919108207e-01
-1.123999999999902855e-03 -8.357792969847932518e-02 2.939070590137979888e-01
-1.085999999999920362e-03 -8.795318413244168632e-02 2.961146960076798118e-01
-1.052000000000052893e-03 -9.245068438506048869e-02 2.982057656630316966e-01
-1.034000000000090402e-03 -9.708231167637315639e-02 3.001654372208125698e-01
-9.820000000000383977e-04 -1.018138984501701927e-01 3.020429522357415131e-01
-9.280000000000399041e-04 -1.066652296434717484e-01 3.038156254165471637e-01
-8.879999999997778559e-04 -1.116500439704792846e-01 3.054608454439338150e-01
-8.339999999998903846e-04 -1.167480352206022309e-01 3.070100757660130242e-01
-8.219999999999338947e-04 -1.219948535701724790e-01 3.084048553709634044e-01
-7.319999999998438867e-04 -1.273341069074426235e-01 3.097607995366783440e-01
-6.960000000000299281e-04 -1.328173621704654139e-01 3.109876005571753366e-01
-6.760000000000099263e-04 -1.384261466974477939e-01 3.120790284455450259e-01
-5.919999999999259188e-04 -1.441439495891670419e-01 3.131409316132278686e-01
-5.699999999999594280e-04 -1.500102230830340222e-01 3.140432375254079700e-01
-5.599999999998939160e-04 -1.560323839383861988e-01 3.148239533323278216e-01
-4.719999999999169304e-04 -1.621378148325862689e-01 3.155971664763290718e-01
-4.260000000000374598e-04 -1.683938657675046469e-01 3.162510452744372591e-01
-3.980000000000094573e-04 -1.747958554859526670e-01 3.167878394763082861e-01
-4.020000000000134577e-04 -1.813970728976399549e-01 3.171478807973741043e-01
-3.159999999998164277e-04 -1.879727785142169538e-01 3.176735834270157932e-01
-2.980000000000204707e-04 -1.947742058929705089e-01 3.179714445116186283e-01
-2.499999999998614442e-04 -2.016905630887272927e-01 3.182540446123549582e-01
-2.759999999998319353e-04 -2.087570341135267238e-01 3.183840481375599385e-01
-2.480000000000259774e-04 -2.159407804036189704e-01 3.185242037495640277e-01
-1.559999999999339693e-04 -2.232229422933358354e-01 3.187173447458648834e-01
-1.499999999998724576e-04 -2.306686404953948444e-01 3.187283894145140906e-01
-1.439999999998664570e-04 -2.382209775871755586e-01 3.187283413636183838e-01
-1.720000000000609930e-04 -2.458930395025219762e-01 3.186562898248496145e-01
-1.240000000000684999e-04 -2.536518970286157360e-01 3.186574099308738806e-01
-7.200000000001649525e-05 -2.615066073074616693e-01 3.186569629666143877e-01
-1.199999999997869438e-04 -2.694662153415289252e-01 3.185202965942708353e-01
-2.239999999999464642e-04 -2.774597555030936524e-01 3.183108450520278909e-01
-8.800000000008800782e-05 -2.855882530468150104e-01 3.184201293263912991e-01
-8.799999999997698552e-05 -2.937367256250926206e-01 3.183617572981014554e-01
-8.399999999986196286e-05 -3.019361848057368070e-01 3.183214238615748037e-01
-1.599999999990497912e-05 -3.101556375914932273e-01 3.183769110178432671e-01
-6.800000000001249489e-05 -3.183960879409586942e-01 3.183080879409586617e-01
-5.000000000005000445e-05 -3.266305382904243215e-01 3.183329110178432231e-01
-3.199999999986546939e-05 -3.348539910761804128e-01 3.183934238615746537e-01
-5.800000000000249401e-05 -3.430474502568243156e-01 3.184017572981011623e-01
-7.599999999985396215e-05 -3.511999228351022628e-01 3.184361293263912041e-01
-6.000000000000449418e-05 -3.593004203788238704e-01 3.185228450520279919e-01
-5.999999999994898303e-05 -3.673299605403883006e-01 3.185942965942710758e-01
-7.800000000007800693e-05 -3.752815685744556595e-01 3.186509629666143262e-01
-8.999999999992347455e-05 -3.831402788533012083e-01 3.186914099308738590e-01
-1.359999999998584563e-04 -3.909051363793953904e-01 3.186962898248493214e-01
-1.439999999999774793e-04 -3.985671982947418535e-01 3.187263413636182152e-01
-1.799999999999024602e-04 -4.061135353865222841e-01 3.186903894145141081e-01
-2.080000000000414850e-04 -4.135432335885812494e-01 3.186373447458648034e-01
-2.320000000000099760e-04 -4.208513954782983624e-01 3.185402037495639327e-01
-2.360000000000139764e-04 -4.280371417683904722e-01 3.184300481375598180e-01
-2.820000000000044693e-04 -4.350896127931901947e-01 3.182140446123550293e-01
-3.259999999998264286e-04 -4.420259699889466654e-01 3.179634445116186203e-01
-3.260000000000484732e-04 -4.488133973677002064e-01 3.176615834270160033e-01
-3.859999999998864340e-04 -4.554631029842773904e-01 3.172378807973743609e-01
-3.819999999999934559e-04 -4.620043203959643963e-01 3.168138394763084786e-01
-4.579999999999584404e-04 -4.683823101144126699e-01 3.162150452744372231e-01
-5.159999999999609344e-04 -4.746303610493312064e-01 3.155531664763291388e-01
-4.939999999999944436e-04 -4.807817919435312670e-01 3.148859533323278281e-01
-6.080000000000529425e-04 -4.867519527988831141e-01 3.139892375254079715e-01
-6.379999999999164118e-04 -4.926222262927502649e-01 3.130869316132279812e-01
-6.799999999997918820e-04 -4.983580291844695864e-01 3.120770284455451904e-01
-7.399999999999073985e-04 -5.039588137114521249e-01 3.109436005571754036e-01
-7.779999999998343796e-04 -5.094380689744746338e-01 3.097307995366784805e-01
-7.979999999998543814e-04 -5.148073223117444197e-01 3.084328553709638765e-01
-8.599999999998608757e-04 -5.200261406613149173e-01 3.069800757660131607e-01
-8.799999999997698552e-04 -5.251441319114378281e-01 3.054688454439341561e-01
-9.160000000000279030e-04 -5.301289462384454199e-01 3.038236254165475048e-01
-9.659999999999113740e-04 -5.349862774317470926e-01 3.020589522357417511e-01
-9.859999999999313758e-04 -5.397378642055439268e-01 3.002174372208126218e-01
-1.077999999999912362e-03 -5.443194914968565445e-01 2.981817656630320057e-01
-1.067999999999846850e-03 -5.488589917494752779e-01 2.961526960076802384e-01
-1.099999999999878852e-03 -5.532302461834377461e-01 2.939330590137981813e-01
-1.149999999999873346e-03 -5.574791860496486340e-01 2.915997568919107552e-01
-1.159999999999827835e-03 -5.616537938692599541e-01 2.892157624199849786e-01
-1.171999999999950859e-03 -5.656781046574356209e-01 2.866701180378926628e-01
-1.195999999999919350e-03 -5.695822071311227308e-01 2.839979349206542270e-01
-1.217999999999941352e-03 -5.733722449004670096e-01 2.812243920307446188e-01
-1.268000000000046867e-03 -5.770244176435048722e-01 2.783127351497515223e-01
-1.263999999999820822e-03 -5.806069822637810462e-01 2.753322758896762368e-01
-1.271999999999828823e-03 -5.840562540305301864e-01 2.722203906841869081e-01
-1.263999999999931845e-03 -5.873786077010820783e-01 2.689885197601235012e-01
-1.234000000000068376e-03 -5.906524786251454717e-01 2.656961660895715838e-01
-1.295999999999963848e-03 -5.937103638306346909e-01 2.622008943228224531e-01
-1.237999999999961354e-03 -5.967348230907099094e-01 2.586623297025462120e-01
-1.251999999999919844e-03 -5.995864799717035565e-01 2.549521569595081250e-01
-1.184000000000073882e-03 -6.024020228616127071e-01 2.511961191901643242e-01
-1.193999999999917350e-03 -6.050342059788510474e-01 2.472600167164772933e-01
-1.153999999999988368e-03 -6.075878503609436487e-01 2.432457059283014145e-01
-1.137999999999861345e-03 -6.100018448328694554e-01 2.390890981086896683e-01
-1.125999999999960366e-03 -6.123031469547567385e-01 2.348181582424793135e-01
-1.111999999999835342e-03 -6.144947839486385455e-01 2.304309038085171069e-01
-1.075999999999965873e-03 -6.165778536039905333e-01 2.259334035558981379e-01
-1.008000000000008889e-03 -6.185855251617715655e-01 2.213277762645850522e-01
-9.620000000000183960e-04 -6.204610401767003403e-01 2.165941894907885135e-01
-9.739999999999193747e-04 -6.221657133575060339e-01 2.117068582974870328e-01
-9.259999999997603481e-04 -6.238089333848926277e-01 2.067200439704792170e-01
-8.899999999998908784e-04 -6.253481637069717713e-01 2.016200527203564907e-01
-8.379999999998943849e-04 -6.267729433119220150e-01 1.964132343707863659e-01
-7.519999999998638884e-04 -6.281308874776370121e-01 1.910499810335161142e-01
-7.259999999998933973e-04 -6.293536884981341117e-01 1.855727257704931632e-01
-6.659999999999444142e-04 -6.304851163865037300e-01 1.799739412435109043e-01
-6.400000000000849454e-04 -6.314790195541863937e-01 1.742281383517918503e-01
-5.699999999999594280e-04 -6.324273254663665966e-01 1.683718648579250465e-01
-5.540000000000544489e-04 -6.332200412732863493e-01 1.623637040025727729e-01
-5.200000000000759570e-04 -6.339572544172877855e-01 1.562422731083721872e-01
-4.519999999998969287e-04 -6.346151332153958657e-01 1.499882221734540888e-01
-4.159999999999719478e-04 -6.351599274172671228e-01 1.435982324550061917e-01
-3.600000000000269651e-04 -6.356559687383327439e-01 1.370730150433188688e-01
-3.179999999999294502e-04 -6.360636713679744814e-01 1.304173094267419009e-01
-3.059999999999174491e-04 -6.363655324525770984e-01 1.236158820479884568e-01
-2.360000000001249987e-04 -6.366641325533135554e-01 1.167115248522316573e-01
-2.099999999998214406e-04 -6.368561360785185421e-01 1.096550538274318198e-01
-2.079999999998749516e-04 -6.369822916905226728e-01 1.024633075373395930e-01
-1.819999999999044604e-04 -6.370594326868236346e-01 9.515514564762266037e-02
-1.320000000000209894e-04 -6.371444773554728602e-01 8.772944744556390728e-02
-1.500000000000945022e-04 -6.371104293045771749e-01 8.017311035378296702e-02
-1.240000000000684999e-04 -6.371083777658080871e-01 7.251504843843667447e-02
-6.000000000006000533e-05 -6.371154978718325257e-01 6.476619091234306347e-02
-1.039999999998819646e-04 -6.370070509075730358e-01 5.688148063349710709e-02
-1.180000000000624993e-04 -6.369223845352295355e-01 4.892987259942987999e-02
-6.000000000000449418e-05 -6.369209329929865770e-01 4.090433243786557871e-02
-4.599999999999049294e-05 -6.367322172673500758e-01 3.279983489414374509e-02
-9.399999999992747490e-05 -6.367518452390600325e-01 2.465136231586585042e-02
-6.799999999984596144e-05 -6.367375118025333514e-01 1.645790313522153825e-02
-7.599999999996498445e-05 -6.366849989588018177e-01 8.240450349465400920e-03
-2.999999999997449152e-05 -6.367501758819172908e-01 1.151251374877467439e-16
-3.200000000003200284e-05 -6.367549989588019432e-01 -8.238450349465253203e-03
-4.999999999988347099e-05 -6.367675118025334369e-01 -1.645990313522177617e-02
-5.800000000005800516e-05 -6.367918452390600725e-01 -2.465536231586572952e-02
-7.199999999996098410e-05 -6.368322172673500647e-01 -3.280383489414305520e-02
-6.799999999984596144e-05 -6.368769329929864220e-01 -4.093233243786489894e-02
-8.599999999991947419e-05 -6.369603845352296290e-01 -4.893387259942934275e-02
-9.199999999998098588e-05 -6.370230509075729408e-01 -5.688748063349729350e-02
-5.279999999999729354e-04 -6.366914978718324347e-01 -6.455619091234279794e-02
-1.239999999999019664e-04 -6.371083777658081981e-01 -7.251504843843648018e-02
-1.260000000000705001e-04 -6.371364293045770344e-01 -8.017511035378319106e-02
-1.479999999998149462e-04 -6.371264773554727867e-01 -8.772344744556362373e-02
-1.559999999999339693e-04 -6.370894326868234980e-01 -9.516114564762254147e-02
-2.359999999999584652e-04 -6.369362916905227934e-01 -1.024533075373398050e-01
-2.599999999998159339e-04 -6.368241360785185101e-01 -1.096530538274316791e-01
-2.559999999999784670e-04 -6.366301325533137989e-01 -1.166995248522310902e-01
-3.620000000000289653e-04 -6.362955324525773060e-01 -1.235998820479879967e-01
-3.379999999998384297e-04 -6.360416713679745149e-01 -1.304133094267413140e-01
-3.900000000001124789e-04 -6.356219687383327654e-01 -1.370670150433190571e-01
-3.960000000000629683e-04 -6.350919274172670548e-01 -1.436222324550060492e-01
-4.539999999999544400e-04 -6.346351332153958857e-01 -1.500082221734538868e-01
-5.179999999999629345e-04 -6.339452544172876625e-01 -1.562382731083724607e-01
-5.100000000001214673e-04 -6.332720412732865123e-01 -1.623837040025724598e-01
-5.339999999999234248e-04 -6.324753254663665336e-01 -1.683898648579244539e-01
-6.319999999999659224e-04 -6.314910195541867388e-01 -1.742301383517912416e-01
-6.579999999998253912e-04 -6.304951163865039065e-01 -1.799719412435107913e-01
-7.019999999998693951e-04 -6.293756884981341893e-01 -1.855827257704930067e-01
-7.599999999999829114e-04 -6.281408874776374107e-01 -1.910559810335155095e-01
-8.100000000000329159e-04 -6.268149433119221126e-01 -1.964072343707862212e-01
-8.179999999998188720e-04 -6.254221637069717898e-01 -2.016540527203562472e-01
-9.200000000000319034e-04 -6.238209333848925287e-01 -2.067240439704794430e-01
-9.560000000000679066e-04 -6.221817133575060499e-01 -2.117108582974868147e-01
-9.899999999999353761e-04 -6.204310401767003658e-01 -2.165781894907883309e-01
-1.033999999999979380e-03 -6.185595251617713730e-01 -2.213137762645853712e-01
-1.055999999999834849e-03 -6.165958536039906068e-01 -2.259414035558978684e-01
-1.128000000000017877e-03 -6.145007839486389400e-01 -2.304309038085166628e-01
-1.087999999999977874e-03 -6.123391469547567745e-01 -2.348401582424790579e-01
-1.175999999999954859e-03 -6.099678448328698099e-01 -2.390710981086896503e-01
-1.150000000000095390e-03 -6.075918503609439858e-01 -2.432517059283008098e-01
-1.215999999999994863e-03 -6.050122059788511919e-01 -2.472500167164770613e-01
-1.240000000000129887e-03 -6.023540228616128811e-01 -2.511561191901641732e-01
-1.186000000000131394e-03 -5.996524799717033449e-01 -2.550041569595082880e-01
-1.234000000000068376e-03 -5.967368230907102999e-01 -2.586643297025461030e-01
-1.295999999999908336e-03 -5.937043638306349624e-01 -2.621928943228223341e-01
-1.262000000000096378e-03 -5.906224786251452752e-01 -2.656721660895718373e-01
-1.281999999999783313e-03 -5.873886077010823659e-01 -2.689945197601234517e-01
-1.251999999999919844e-03 -5.840762540305306505e-01 -2.722403906841864840e-01
-1.253999999999977355e-03 -5.806089822637814368e-01 -2.753362758896755746e-01
-1.269999999999882334e-03 -5.770304176435050447e-01 -2.783147351497513022e-01
-1.229999999999897842e-03 -5.733662449004671702e-01 -2.812183920307444462e-01
-1.226000000000004864e-03 -5.695642071311232124e-01 -2.839739349206539809e-01
-1.175999999999954859e-03 -5.656701046574355018e-01 -2.866541180378928688e-01
-1.187999999999855838e-03 -5.616137938692598031e-01 -2.891437624199850731e-01
-1.145999999999869345e-03 -5.574731860496484614e-01 -2.916057568919108167e-01
-1.072000000000017383e-03 -5.532322461834380256e-01 -2.939490590137980308e-01
-1.113999999999948365e-03 -5.488209917494757395e-01 -2.960906960076796768e-01
-1.080000000000080895e-03 -5.443234914968571037e-01 -2.981797656630316151e-01
-1.024000000000024890e-03 -5.397138642055437918e-01 -3.001754372208127464e-01
-9.139999999998593694e-04 -5.350122774317473962e-01 -3.021029522357414621e-01
-9.519999999999528839e-04 -5.301089462384458439e-01 -3.037896254165473042e-01
-8.759999999999323883e-04 -5.251481319114384982e-01 -3.054748454439336625e-01
-8.379999999998943849e-04 -5.200361406613147608e-01 -3.070100757660130242e-01
-7.779999999999454019e-04 -5.148153223117448718e-01 -3.084488553709635594e-01
-7.319999999998438867e-04 -5.094620689744748798e-01 -3.097827995366784215e-01
-7.359999999998478870e-04 -5.039588137114523470e-01 -3.109456005571752391e-01
-6.719999999998949036e-04 -4.983580291844701415e-01 -3.120830284455448078e-01
-6.819999999999604157e-04 -4.926042262927502469e-01 -3.130429316132279371e-01
-5.699999999998484057e-04 -4.867679527988834076e-01 -3.140392375254077439e-01
-1.331999999999999851e-03 -4.809897919435314750e-01 -3.157479533323276355e-01
-5.060000000000064446e-04 -4.746363610493314344e-01 -3.155631664763289823e-01
-4.619999999999624407e-04 -4.683803101144132230e-01 -3.162070452744371041e-01
-3.799999999998249223e-04 -4.620003203959646698e-01 -3.168138394763084786e-01
-3.499999999999614531e-04 -4.554731029842776779e-01 -3.172778807973741788e-01
-3.439999999998999414e-04 -4.488033973677006405e-01 -3.176395834270157037e-01
-3.219999999998779394e-04 -4.420079699889465363e-01 -3.179494445116187729e-01
-2.899999999999569589e-04 -4.350796127931899626e-01 -3.181900446123548942e-01
-2.459999999999684661e-04 -4.280371417683905277e-01 -3.184180481375596949e-01
-2.139999999999364633e-04 -4.208533954782987530e-01 -3.185682037495639607e-01
-2.099999999999324629e-04 -4.135452335885819175e-01 -3.186373447458648034e-01
-1.480000000000369909e-04 -4.061155353865230078e-01 -3.187283894145139795e-01
-1.480000000000369909e-04 -3.985651982947417959e-01 -3.187203413636181537e-01
-1.559999999997674358e-04 -3.909031363793954439e-01 -3.186742898248493550e-01
-1.299999999999634781e-04 -3.831382788533009842e-01 -3.186494099308737615e-01
-9.400000000003849721e-05 -3.752815685744554930e-01 -3.186309629666144172e-01
-6.399999999989747224e-05 -3.673279605403882986e-01 -3.185902965942710718e-01
-5.399999999988747135e-05 -3.593004203788239259e-01 -3.185308450520278889e-01
-9.199999999986996357e-05 -3.511979228351023719e-01 -3.184341293263912576e-01
-3.799999999992698108e-05 -3.430514502568250412e-01 -3.184277572981014659e-01
-2.999999999991898036e-05 -3.348559910761813585e-01 -3.183914238615743741e-01
-7.999999999985796251e-05 -3.266305382904243770e-01 -3.183049110178433061e-01
-4.799999999993698196e-05 -3.183940879409588587e-01 -3.183320879409585746e-01
-7.599999999996498445e-05 -3.101576375914934514e-01 -3.183049110178431951e-01
-8.999999999986796340e-05 -3.019361848057364739e-01 -3.183174238615746887e-01
-8.799999999997698552e-05 -2.937387256250926226e-01 -3.183617572981014554e-01
-7.199999999996098410e-05 -2.855862530468152305e-01 -3.184641293263913431e-01
-8.799999999986596322e-05 -2.774957555030939105e-01 -3.185008450520279144e-01
-1.160000000000049880e-04 -2.694622153415293653e-01 -3.185322965942709583e-01
-1.260000000000705001e-04 -2.615126073074615087e-01 -3.186049629666143357e-01
-1.419999999999754792e-04 -2.536598970286158550e-01 -3.186334099308737455e-01
-9.599999999987396393e-05 -2.458770395025222932e-01 -3.187442898248497025e-01
-1.159999999999494769e-04 -2.382149775871759412e-01 -3.187623413636183622e-01
-1.439999999999219682e-04 -2.306646404953955065e-01 -3.187383894145142671e-01
-1.740000000000074820e-04 -2.232369422933366265e-01 -3.186773447458650654e-01
-1.819999999999044604e-04 -2.159347804036190199e-01 -3.186042037495639967e-01
-2.359999999999029541e-04 -2.087470341135271024e-01 -3.184340481375599330e-01
-2.499999999998614442e-04 -2.016905630887268763e-01 -3.182580446123549622e-01
-2.860000000000084697e-04 -1.947682058929704751e-01 -3.179914445116183153e-01
-3.359999999998919407e-04 -1.879807785142170451e-01 -3.176475834270159337e-01
-3.660000000000329656e-04 -1.813230728976401585e-01 -3.172558807973742123e-01
-4.199999999998649258e-04 -1.748038554859530636e-01 -3.167638394763087062e-01
-4.799999999999249312e-04 -1.684198657675051725e-01 -3.161890452744373636e-01
-5.080000000000084448e-04 -1.621538148325871176e-01 -3.155611664763293689e-01
-5.299999999999194245e-04 -1.560183839383862958e-01 -3.148479533323278456e-01
-5.919999999998704077e-04 -1.500322230830343218e-01 -3.140152375254081640e-01
-6.679999999999464144e-04 -1.441799495891666893e-01 -3.130649316132276816e-01
-6.480000000000929461e-04 -1.384201466974476769e-01 -3.121090284455450004e-01
-7.260000000000044196e-04 -1.328233621704653644e-01 -3.109556005571754156e-01
-7.420000000001314433e-04 -1.273341069074427900e-01 -3.097607995366785660e-01
-9.900000000000463984e-04 -1.231868535701730050e-01 -3.064788553709636432e-01
-8.699999999998153655e-04 -1.167660352206028596e-01 -3.069720757660132637e-01
-9.279999999998733706e-04 -1.116660439704793006e-01 -3.054228454439338325e-01
-9.099999999998553690e-04 -1.066572296434718514e-01 -3.038336254165474593e-01
-9.999999999998898659e-04 -1.018178984501703077e-01 -3.020289522357418321e-01
-1.040000000000040892e-03 -9.708831167637377302e-02 -3.001534372208127799e-01
-1.121999999999845343e-03 -9.247268438506117683e-02 -2.981817656630323388e-01
-1.079999999999858851e-03 -8.794718413244184685e-02 -2.961206960076799288e-01
-1.131999999999910855e-03 -8.358192969847977327e-02 -2.939030590137983179e-01
-1.145999999999980368e-03 -7.929698983226912690e-02 -2.916197568919111083e-01
-1.187999999999966860e-03 -7.516838201265724217e-02 -2.891637624199848711e-01
-1.231999999999899842e-03 -7.115407122448164090e-02 -2.866101180378924362e-01
-1.197999999999921350e-03 -6.720396875079454047e-02 -2.839979349206542825e-01
-1.197999999999921350e-03 -6.340193098145086026e-02 -2.812403920307449678e-01
-1.218000000000052374e-03 -5.971575823841290820e-02 -2.783547351497518973e-01
-1.271999999999939845e-03 -5.604319361813697720e-02 -2.753002758896765934e-01
-1.275999999999943846e-03 -5.273392185138758848e-02 -2.722203906841871857e-01
-1.221999999999945352e-03 -4.935156818083519248e-02 -2.690425197601238327e-01
-1.253999999999866333e-03 -4.615369725677220814e-02 -2.656781660895719543e-01
-1.272000000000050868e-03 -4.306981205128257439e-02 -2.622048943228222351e-01
-1.223999999999947352e-03 -4.003535279120717938e-02 -2.586743297025461130e-01
-1.221999999999945352e-03 -3.716769591021407138e-02 -2.549821569595082105e-01
-1.239999999999907843e-03 -3.443415302030455871e-02 -2.511581191901645638e-01
-1.209999999999988862e-03 -3.177196990306629942e-02 -2.472500167164773943e-01
-1.181999999999794326e-03 -2.922832552097398562e-02 -2.432237059283019476e-01
-1.151999999999930857e-03 -2.679033104904798845e-02 -2.390890981086896683e-01
-1.113999999999837343e-03 -2.449902892716065983e-02 -2.348181582424794245e-01
-1.087999999999922363e-03 -2.228339193327899537e-02 -2.304369038085171129e-01
-1.066000000000066894e-03 -2.019832227792728307e-02 -2.259334035558984155e-01
-1.020000000000020890e-03 -1.821265072014621733e-02 -2.213217762645852682e-01
-9.900000000000463984e-04 -1.635713570521762916e-02 -2.165741894907893261e-01
-9.179999999999188809e-04 -1.456646252441151645e-02 -2.117368582974871738e-01
-8.939999999999503899e-04 -1.293924249702504969e-02 -2.067440439704797406e-01
-8.259999999999934062e-04 -1.137401217494560246e-02 -2.016480527203561302e-01
-7.860000000000089138e-04 -9.945232569995132721e-03 -1.964232343707861261e-01
-7.639999999999869118e-04 -8.653288404280368162e-03 -1.910559810335161757e-01
-7.099999999999884182e-04 -7.420487383782981006e-03 -1.855767257704928341e-01
-6.819999999999604157e-04 -6.323059495413896336e-03 -1.799619412435115584e-01
-6.159999999999499209e-04 -5.283156327730686996e-03 -1.742381383517915827e-01
-5.859999999998644071e-04 -4.376850415551025719e-03 -1.683658648579254291e-01
-4.999999999998339106e-04 -3.500134608631078059e-03 -1.623957040025728604e-01
-4.839999999998734204e-04 -2.836921464629660328e-03 -1.562282731083728948e-01
-4.560000000000119513e-04 -2.179042666521358029e-03 -1.499882221734538112e-01
-4.239999999998689262e-04 -1.630248464650430051e-03 -1.435922324550068518e-01
-3.799999999999359446e-04 -1.150207143584491831e-03 -1.370690150433189480e-01
-3.199999999999869615e-04 -7.245045139426808944e-04 -1.304173094267412070e-01
-2.799999999999469580e-04 -3.946434293403688898e-04 -1.236278820479886353e-01
-3.060000000000284714e-04 -2.120433286036949028e-04 -1.166815248522313497e-01
-2.240000000000019753e-04 5.196019660103079474e-05 -1.096490538274318971e-01
-2.039999999998709512e-04 1.841158086052230303e-04 -1.024593075373401718e-01
-1.979999999999204618e-04 -1.167431950938047081e-04 -9.471714564762323540e-02
-1.759999999999539710e-04 3.083014735553168961e-04 -8.770144744556357397e-02
-1.259999999999594777e-04 3.522534226594320472e-04 -8.017511035378396822e-02
-1.539999999999874802e-04 5.622018838905562532e-04 -7.267504843843684836e-02
-1.459999999999794795e-04 4.393219899151423746e-04 -6.483819091234302445e-02
-4.999999999988347099e-05 2.828750256554934950e-04 -5.689348063349761175e-02
-8.000000000008000711e-05 1.782086533119731087e-04 -4.893387259942967582e-02
-8.199999999991547384e-05 1.067571110692222547e-04 -4.091233243786528140e-02
-1.379999999998604565e-04 1.100413854328019525e-04 -3.281783489414316635e-02
-4.999999999999449329e-05 9.669357142638723701e-06 -2.465136231586637430e-02
4.200000000009751489e-05 -3.066407938401294331e-05 -1.660990313522169026e-02
-3.600000000003600320e-05 -2.917692311532604776e-05 -8.238450349466484857e-03
