0.000000000000000000e+00 0.000000000000000000e+00 0.000000000000000000e+00
-7.564788011602541218e-04 -8.102300026104902742e-04 8.639087529521000119e-04
-1.180620585001790346e-04 -4.874405983201768322e-04 4.552437218315183096e-04
9.376397190008489702e-06 -5.895348097901820239e-04 8.951121583663547432e-05
-7.203710308500976822e-04 -8.615425288804878790e-04 8.946332969759201309e-04
1.106556027297145306e-04 -1.409939181300501332e-04 2.070102889922025707e-03
5.897570103599036884e-04 3.470938936893652738e-04 1.982813327888603358e-03
2.288758990898198675e-04 2.575273978893122262e-04 1.443425790837173442e-03
4.240194279958586776e-05 5.677558954975125971e-05 2.217530346510235978e-03
6.765858417598913377e-04 1.896159297796184973e-04 3.365766603988075770e-03
5.961450808902313270e-04 -1.984955982803349173e-04 2.988052371543687899e-03
-1.337778870400541109e-04 -1.022419636940163912e-03 1.949869266863952719e-03
2.642722317101053875e-04 -1.095885046850320066e-03 2.605562183526840062e-03
3.281475335499273172e-04 -6.486958484805960268e-04 3.280895707942784942e-03
6.549310561629662075e-03 4.355364801472982883e-02 2.496282184112855879e-03
6.068987455010166343e-05 -5.223059215107017650e-04 1.748941095464369433e-03
2.532826806800336783e-04 -6.245181112605191487e-04 1.797633682832852631e-03
1.220480498500542410e-04 -7.664655201602421641e-04 2.541462056885872289e-03
-9.515399211013075842e-05 -1.318170055190082124e-03 2.086255955439288851e-03
5.863813730977440741e-05 -1.510233088620305253e-03 7.786758984595293712e-04
5.651774532999809253e-05 -1.588139639860264296e-03 1.241778237061237633e-03
1.879254875980507222e-05 -1.429583068260464884e-03 2.116630022802238817e-03
2.990745293998120502e-04 -1.024419681800337045e-03 1.510484305826462550e-03
5.321419016099948607e-04 -7.801273794101337700e-04 7.966987868571282633e-04
1.009660826469804817e-03 -4.921107361104404276e-04 1.221966725216518460e-03
7.978234772096914895e-04 -5.279870187102631007e-04 1.955386826152082438e-03
9.354324063901575670e-04 -9.143425162805307593e-04 1.688934073377111253e-03
9.805382645702298561e-04 -8.759760444203568142e-04 8.976906296211282707e-04
9.880945326603551848e-04 -8.783369523703843385e-04 8.229826091682808029e-04
9.507626157601034578e-04 -9.978708222802001870e-04 1.782957411434521813e-03
