0.000000000000000000e+00 -1.066333997722345629e-05 5.348830942932770657e-03
0.000000000000000000e+00 -4.264036901369571070e-05 1.069440389476461646e-02
0.000000000000000000e+00 -9.587591048502103555e-05 1.603183862792112099e-02
0.000000000000000000e+00 -1.702694954728922261e-04 2.135627225983487143e-02
0.000000000000000000e+00 -2.656756243000836818e-04 2.666286960675082890e-02
0.000000000000000000e+00 -3.819041475434012379e-04 3.194683346402864971e-02
0.000000000000000000e+00 -5.187207654853742732e-04 3.720341478566985965e-02
0.000000000000000000e+00 -6.758476446426993920e-04 4.242792273607293163e-02
0.000000000000000000e+00 -8.529641496891899721e-04 4.761573458736838294e-02
0.000000000000000000e+00 -1.049707688776065464e-03 5.276230543610749280e-02
0.000000000000000000e+00 -1.265674669942958366e-03 5.786317771357171735e-02
0.000000000000000000e+00 -1.500421566009561532e-03 6.291399046453338695e-02
0.000000000000000000e+00 -1.753466085041559264e-03 6.791048836993049398e-02
0.000000000000000000e+00 -2.024288443196668990e-03 7.284853048961764665e-02
0.000000000000000000e+00 -2.312332736476797792e-03 7.772409870211978433e-02
0.000000000000000000e+00 -2.617008407642626780e-03 8.253330581914214426e-02
0.000000000000000000e+00 -2.937691804287216341e-03 8.727240335347828670e-02
0.000000000000000000e+00 -3.273727823816467014e-03 9.193778891990425639e-02
0.000000000000000000e+00 -3.624431640847360428e-03 9.652601324964885099e-02
0.000000000000000000e+00 -3.989090512310019751e-03 1.010337868000844158e-01
0.000000000000000000e+00 -4.366965655327806339e-03 1.054579859423886434e-01
0.000000000000000000e+00 -4.757294192751499243e-03 1.097956587110783117e-01
0.000000000000000000e+00 -5.159291161039057834e-03 1.140440301005132689e-01
0.000000000000000000e+00 -5.572151575002850035e-03 1.182005068947038079e-01
0.000000000000000000e+00 -5.995052543791529014e-03 1.222626820180295476e-01
0.000000000000000000e+00 -6.427155432334234753e-03 1.262283383957843452e-01
0.000000000000000000e+00 -6.867608062351475418e-03 1.300954523147996311e-01
0.000000000000000000e+00 -7.315546946929549557e-03 1.338621962757622075e-01
0.000000000000000000e+00 -7.770099552564625062e-03 1.375269413302293298e-01
0.000000000000000000e+00 -8.230386582508075755e-03 1.410882588967494744e-01
0.000000000000000000e+00 -8.695524275187818328e-03 1.445449220519177402e-01
0.000000000000000000e+00 -9.164626711439532655e-03 1.478959062936263669e-01
0.000000000000000000e+00 -9.636808124259144820e-03 1.511403897752109093e-01
0.000000000000000000e+00 -1.011118520478166555e-02 1.542777530106334838e-01
0.000000000000000000e+00 -1.058687939820291725e-02 1.573075780522877887e-01
0.000000000000000000e+00 -1.106301918338947407e-02 1.602296471444471793e-01
0.000000000000000000e+00 -1.153874232996754401e-02 1.630439408568047921e-01
0.000000000000000000e+00 -1.201319812674442843e-02 1.657506357039733036e-01
0.000000000000000000e+00 -1.248554957539578167e-02 1.683501012582092893e-01
0.000000000000000000e+00 -1.295497554344782025e-02 1.708428967640087115e-01
0.000000000000000000e+00 -1.342067287069645919e-02 1.732297672645751740e-01
0.000000000000000000e+00 -1.388185842333364631e-02 1.755116392514912693e-01
0.000000000000000000e+00 -1.433777109019567647e-02 1.776896158502193901e-01
0.000000000000000000e+00 -1.478767371570752567e-02 1.797649715553222838e-01
0.000000000000000000e+00 -1.523085496427192299e-02 1.817391465305153997e-01
0.000000000000000000e+00 -1.566663111104048961e-02 1.836137404898469383e-01
0.000000000000000000e+00 -1.609434775420703900e-02 1.853905061774381857e-01
0.000000000000000000e+00 -1.651338144417893380e-02 1.870713424643062062e-01
0.000000000000000000e+00 -1.692314122521132100e-02 1.886582870818292734e-01
0.000000000000000000e+00 -1.732307008532945822e-02 1.901535090124004679e-01
0.000000000000000000e+00 -1.771264631061691269e-02 1.915593005587422903e-01
0.000000000000000000e+00 -1.809138474021007928e-02 1.928780691142250314e-01
0.000000000000000000e+00 -1.845883791861240020e-02 1.941123286573384898e-01
0.000000000000000000e+00 -1.881459714222409596e-02 1.952646909942111209e-01
0.000000000000000000e+00 -1.915829339727358194e-02 1.963378567737490976e-01
0.000000000000000000e+00 -1.948959818663537763e-02 1.973346063005780582e-01
0.000000000000000000e+00 -1.980822424332451606e-02 1.982577901715125157e-01
0.000000000000000000e+00 -2.011392612876867353e-02 1.991103197617487275e-01
0.000000000000000000e+00 -2.040650071427584089e-02 1.998951575873753328e-01
0.000000000000000000e+00 -2.068578754443617732e-02 2.006153075711228084e-01
0.000000000000000000e+00 -2.095166908152075805e-02 2.012738052385238674e-01
0.000000000000000000e+00 -2.120407083026699252e-02 2.018737078718353672e-01
0.000000000000000000e+00 -2.144296134276871962e-02 2.024180846491734076e-01
0.000000000000000000e+00 -2.166835210351832075e-02 2.029100067963408860e-01
0.000000000000000000e+00 -2.188029729497721274e-02 2.033525377787782362e-01
0.000000000000000000e+00 -2.207889344437908435e-02 2.037487235609436176e-01
0.000000000000000000e+00 -2.226427895279632294e-02 2.041015829602305098e-01
0.000000000000000000e+00 -2.243663350782329827e-02 2.044140981222569708e-01
0.000000000000000000e+00 -2.259617738154959601e-02 2.046892051440140636e-01
0.000000000000000000e+00 -2.274317061581132560e-02 2.049297848709412950e-01
0.000000000000000000e+00 -2.287791209701782111e-02 2.051386538935053849e-01
0.000000000000000000e+00 -2.300073852315438067e-02 2.053185557682973839e-01
0.000000000000000000e+00 -2.311202326585747382e-02 2.054721524880332439e-01
0.000000000000000000e+00 -2.321217513074692526e-02 2.056020162241453952e-01
0.000000000000000000e+00 -2.330163701947877974e-02 2.057106213648913495e-01
0.000000000000000000e+00 -2.338088449725233067e-02 2.058003368710797365e-01
0.000000000000000000e+00 -2.345042426976421193e-02 2.058734189706289963e-01
0.000000000000000000e+00 -2.351079257385101096e-02 2.059320042122299577e-01
0.000000000000000000e+00 -2.356255348629871307e-02 2.059781028973836081e-01
0.000000000000000000e+00 -2.360629715552184718e-02 2.060135929090335383e-01
0.000000000000000000e+00 -2.364263796102686679e-02 2.060402139539095068e-01
0.000000000000000000e+00 -2.367221260577247188e-02 2.060595622345495759e-01
0.000000000000000000e+00 -2.369567814672373166e-02 2.060730855657749161e-01
0.000000000000000000e+00 -2.371370996906640299e-02 2.060820789491574212e-01
0.000000000000000000e+00 -2.372699970970251065e-02 2.060876806177495690e-01
0.000000000000000000e+00 -2.373625313578734894e-02 2.060908685620412295e-01
0.000000000000000000e+00 -2.374218798419146584e-02 2.060924575467734388e-01
0.000000000000000000e+00 -2.374553176787836881e-02 2.060930966268779418e-01
0.000000000000000000e+00 -2.374701955527948327e-02 2.060932671694276908e-01
0.000000000000000000e+00 0.000000000000000000e+00 0.000000000000000000e+00
