1.460404615776922482e-06 -1.066333997722345629e-05 5.348830942932770657e-03
4.192438588015233556e-06 -1.035181126975123810e-04 1.069583005501893030e-02
8.021404444968997647e-06 -2.784510452935999060e-04 1.603898044489728003e-02
1.308117301940919301e-05 -5.355558186353911966e-04 2.137592270081772536e-02
1.926753688059576711e-05 -8.747265262154191529e-04 2.670526976229046362e-02
2.660021530981016523e-05 -1.296064763592846489e-03 3.202472026469644489e-02
3.513946663497684444e-05 -1.799374614334624473e-03 3.733170619091602527e-02
4.459463636739474722e-05 -2.384737367423026520e-03 4.262445395361309786e-02
5.515928487143824513e-05 -3.052074896395161330e-03 4.790136282538962759e-02
6.672910066406901729e-05 -3.801226705255485953e-03 5.315953403584703502e-02
7.938628230822990912e-05 -4.632272202045704598e-03 5.839713142834891679e-02
9.279496787459724739e-05 -5.544820237400048188e-03 6.361136017960189459e-02
1.070415366748811106e-04 -6.539304593791013878e-03 6.880165407286717438e-02
1.219562991284394078e-04 -7.615105482925071945e-03 7.396562051988024578e-02
1.375198805035609412e-04 -8.772463703033476362e-03 7.910132253556845239e-02
1.536417893518924314e-04 -1.001082901635658856e-02 8.420546596982221577e-02
1.703518605031471541e-04 -1.133053834583629647e-02 8.927752013066389547e-02
1.874295023444851255e-04 -1.273095908634520185e-02 9.431540515818892523e-02
2.049260684116219850e-04 -1.421269223361598492e-02 9.931824654777714201e-02
2.227795857533163373e-04 -1.577474591557968472e-02 1.042828439097084059e-01
2.408246236552180955e-04 -1.741732088338598591e-02 1.092082838982391807e-01
2.590607747859434949e-04 -1.914001580729933483e-02 1.140927126113376738e-01
2.772581029150228654e-04 -2.094277751523163783e-02 1.189349385251861624e-01
2.955048100444380293e-04 -2.282546405138199258e-02 1.237331365550159989e-01
3.136698343245856915e-04 -2.478774438414304074e-02 1.284854816536713240e-01
3.315573393565105680e-04 -2.682988979132175378e-02 1.331917090591793473e-01
3.491885325222455431e-04 -2.895055369717659810e-02 1.378487810777861700e-01
3.664292510376745732e-04 -3.114963162437167990e-02 1.424560744205422280e-01
3.832438130008267250e-04 -3.342718956840351474e-02 1.470120161389180113e-01
3.995118893476551076e-04 -3.578305714136875704e-02 1.515162063654903746e-01
4.151763869578714637e-04 -3.821638821818791609e-02 1.559664601814622076e-01
4.302148075425540918e-04 -4.072699157038379286e-02 1.603617452997811998e-01
4.445710665781864280e-04 -4.331359819082225560e-02 1.647000947575932295e-01
4.580965610139955263e-04 -4.597657395581437878e-02 1.689813592088412753e-01
4.708384623247674526e-04 -4.871516554330939525e-02 1.732037459671538493e-01
4.826242028584813888e-04 -5.152988976608351146e-02 1.773673641766592701e-01
4.934544613182342051e-04 -5.441935049047286199e-02 1.814700916545521070e-01
5.034562192080050454e-04 -5.738312374667944166e-02 1.855108306638604543e-01
5.123350716704308137e-04 -6.042098438669185612e-02 1.894894391310391335e-01
5.202148537787247649e-04 -6.353167660342930179e-02 1.934041117068510396e-01
5.270083730328612532e-04 -6.671560933837844543e-02 1.972549247675940143e-01
5.326587442575417535e-04 -6.997104181669476508e-02 2.010402367777832933e-01
5.371805189887848397e-04 -7.329760146909941598e-02 2.047590773286151744e-01
5.406346208636833963e-04 -7.669497631460811538e-02 2.084110398713293066e-01
5.427919667596138109e-04 -8.016249827427045227e-02 2.119956121360292156e-01
5.437638839427591086e-04 -8.369875101469578804e-02 2.155113661981425399e-01
5.434696637447126045e-04 -8.730360711519910555e-02 2.189584037692273444e-01
5.420891351331855049e-04 -9.097607539133281684e-02 2.223353475929943368e-01
5.395157628525771827e-04 -9.471508400013356477e-02 2.256411895042240712e-01
5.358176995642489329e-04 -9.852063156745383132e-02 2.288759054325999465e-01
5.309581176852393690e-04 -1.023903130158594493e-01 2.320381289215553422e-01
5.250500127308880627e-04 -1.063252904474443483e-01 2.351283439083623195e-01
5.181185423280844880e-04 -1.103233302613694927e-01 2.381451194744671207e-01
5.101053695506796177e-04 -1.143836335569873019e-01 2.410880213410345474e-01
5.011797763793830176e-04 -1.185054063134507590e-01 2.439562776875668360e-01
4.913501774435528966e-04 -1.226872975672639587e-01 2.467495679098552497e-01
4.806880127434556534e-04 -1.269284935480830268e-01 2.494671804863689279e-01
4.692182453660833329e-04 -1.312277787332808698e-01 2.521087539318093151e-01
4.570361123414687756e-04 -1.355841438361884144e-01 2.546741372349815014e-01
4.441454087684255318e-04 -1.399966879666273423e-01 2.571630817226893684e-01
4.305917468334947030e-04 -1.444639770940026879e-01 2.595748307554495704e-01
4.164592840334893197e-04 -1.489846368172441649e-01 2.619088898426081280e-01
4.018607887710826066e-04 -1.535566573986480721e-01 2.641646387405410801e-01
3.867716386146554611e-04 -1.581801809575087148e-01 2.663424424500293597e-01
3.714716157379400812e-04 -1.628530311804196051e-01 2.684415564672448240e-01
3.559694552510338987e-04 -1.675737336808366396e-01 2.704617981106142710e-01
3.401934525436906996e-04 -1.723413016435061396e-01 2.724028591598680049e-01
3.244501570134377864e-04 -1.771541367437338144e-01 2.742643248265520528e-01
3.085823988122923345e-04 -1.820098514345584728e-01 2.760454649470782673e-01
2.929173519690053879e-04 -1.869083908464879429e-01 2.777469365190661232e-01
2.772676489033805056e-04 -1.918466843587693094e-01 2.793680348422244997e-01
2.620037899491498945e-04 -1.968242884209536747e-01 2.809089986810348050e-01
2.469758229551573888e-04 -2.018378539291711404e-01 2.823688034487182863e-01
2.325029540544553829e-04 -2.068874628210838895e-01 2.837479742911800940e-01
2.182862833648230240e-04 -2.119707677876689900e-01 2.850464225693832288e-01
2.047904161701217434e-04 -2.170859896435511638e-01 2.862635784126574268e-01
1.919221006592540133e-04 -2.222301006115595112e-01 2.873992785305494180e-01
1.797153221041519950e-04 -2.274020961044974642e-01 2.884535845786254660e-01
1.681661115330576671e-04 -2.326007380018485504e-01 2.894265920874331544e-01
1.575127166184239768e-04 -2.378232404744595740e-01 2.903179626375456679e-01
1.477506634096140679e-04 -2.430679970850662397e-01 2.911275885797183216e-01
1.388889440935223965e-04 -2.483318965574501103e-01 2.918553334179851411e-01
1.311561317338938155e-04 -2.536133127482699812e-01 2.925011711189658414e-01
1.243570999144104740e-04 -2.589113148121056640e-01 2.930652627829987700e-01
1.186870062852277065e-04 -2.642222422912423596e-01 2.935471780412686194e-01
1.142508871030292170e-04 -2.695445476255350359e-01 2.939470245189514941e-01
1.110225793513508783e-04 -2.748760355930578991e-01 2.942647618094805795e-01
1.088613860750004605e-04 -2.802149266889327750e-01 2.945005602265692857e-01
1.079492597715919116e-04 -2.855589939953001588e-01 2.946541519130556064e-01
0.000000000000000000e+00 0.000000000000000000e+00 0.000000000000000000e+00
