5.851640847725766266e-06 -1.066333997722345629e-05 5.348830942932770657e-03
1.142742551925703298e-05 -9.548140083249179405e-05 1.069604050372550269e-02
1.649085144742275637e-05 -2.546785326151610579e-04 1.603987793350478488e-02
2.130900046155000338e-05 -4.880374207184497463e-04 2.137827254998421120e-02
2.534202001728121057e-05 -7.962943479408440134e-04 2.671005257873549504e-02
2.953985428750967302e-05 -1.178763519733747349e-03 3.203324574647094247e-02
3.356512971742507586e-05 -1.635559448884986444e-03 3.734553126464143502e-02
3.672996789236288994e-05 -2.168055393567140145e-03 4.264523907470466058e-02
4.015074320074034321e-05 -2.775299460167640706e-03 4.793112897460716920e-02
4.331564012745173827e-05 -3.458212695587813482e-03 5.320038472076588087e-02
4.666375540446067406e-05 -4.216447577637129004e-03 5.845147676306471779e-02
4.945351533785049999e-05 -5.051179553693507102e-03 6.368153737051396313e-02
5.202353593092865701e-05 -5.962529649876840976e-03 6.889026168555004159e-02
5.413459702442799669e-05 -6.951223084266997324e-03 7.407514078220465981e-02
5.629074377079830546e-05 -8.017033803035807787e-03 7.923451859154312382e-02
5.860876711677300910e-05 -9.160062662468507200e-03 8.436510116440432139e-02
6.035234504918965414e-05 -1.038181763746984232e-02 8.946617072693280326e-02
6.214528812356203227e-05 -1.168193658497648779e-02 9.453568078831384169e-02
6.378706797987039449e-05 -1.306123821762032906e-02 9.957279528326573592e-02
6.521485610638587209e-05 -1.451982442836761110e-02 1.045740323984075126e-01
6.652609780319110300e-05 -1.605794787665291642e-02 1.095385252098360906e-01
6.784314544260306422e-05 -1.767602371417134957e-02 1.144641644770147959e-01
6.919650786469457330e-05 -1.937439622101313000e-02 1.193496298137202705e-01
7.143747655160450727e-05 -2.115476809740518896e-02 1.241923155237529275e-01
7.365641422817065893e-05 -2.301592389857965923e-02 1.289907457265306867e-01
7.579998595254173435e-05 -2.495885044942759007e-02 1.337442980988907959e-01
7.819775586261548260e-05 -2.698260487054648590e-02 1.384496874042329129e-01
8.059347006874380964e-05 -2.908781431371617460e-02 1.431058455868578494e-01
8.307905071720052183e-05 -3.127453370214570982e-02 1.477111086167448295e-01
8.566354719173877497e-05 -3.354343612839769811e-02 1.522645013559786320e-01
8.839086325003930791e-05 -3.589383122783174757e-02 1.567636081961111261e-01
9.122470126462832267e-05 -3.832600106313718141e-02 1.612069574353971746e-01
9.417713663926171664e-05 -4.083894559664980051e-02 1.655922348181386727e-01
9.738274635839798779e-05 -4.343337640891244827e-02 1.699188681838911807e-01
1.007312924876342186e-04 -4.610864230355769811e-02 1.741847774850896757e-01
1.041079814500349421e-04 -4.886552961463275224e-02 1.783896503627785957e-01
1.077181267474423089e-04 -5.170285006341768241e-02 1.825309596150599678e-01
1.117896830741350119e-04 -5.461985030885913028e-02 1.866075888178374276e-01
1.158607959924693988e-04 -5.761704996470898982e-02 1.906185404922260684e-01
1.201888553655684907e-04 -6.069301130032694891e-02 1.945618429970562557e-01
1.247838292176755637e-04 -6.384812438802890677e-02 1.984372703618749179e-01
1.295497684378968265e-04 -6.708078278619479529e-02 2.022427311761502977e-01
1.346459233949277368e-04 -7.039032660436692068e-02 2.059771638663413507e-01
1.399694783820091507e-04 -7.377647458350898579e-02 2.096397803074326605e-01
1.455333880915423729e-04 -7.723845742910058487e-02 2.132297958443699626e-01
1.513385684333704354e-04 -8.077471016952592064e-02 2.167455499064832869e-01
1.576065180667988194e-04 -8.438491204235983034e-02 2.201869542089318343e-01
1.638221578923419600e-04 -8.806787360659307229e-02 2.235524466181916248e-01
1.703462226339735517e-04 -9.182213877388346879e-02 2.268410441270053146e-01
1.772174434201507706e-04 -9.564736357707376291e-02 2.300527209723004507e-01
1.842955207608603068e-04 -9.954125697031136755e-02 2.331855730235168900e-01
1.915587983071303732e-04 -1.035042538329844775e-01 2.362405627577283118e-01
1.991682527456342645e-04 -1.075338890027558170e-01 2.392161624544304199e-01
2.067808072375471203e-04 -1.116292281929912034e-01 2.421117160268781432e-01
2.146952355557180689e-04 -1.157887303919504229e-01 2.449270776458519205e-01
2.228781978978253272e-04 -1.200109535680678602e-01 2.476616845570439596e-01
2.313214114793727815e-04 -1.242944999062054745e-01 2.503153127232586317e-01
2.398328272893625746e-04 -1.286379508216280998e-01 2.528875598589623297e-01
2.483704171755987352e-04 -1.330399511214347963e-01 2.553784732890821974e-01
2.572256264379640337e-04 -1.374991554414271844e-01 2.577882044938443751e-01
2.661796552387256506e-04 -1.420138157892576747e-01 2.601162251779080559e-01
2.752955270326907632e-04 -1.465820744924972441e-01 2.623626178495012673e-01
2.843026120842021736e-04 -1.512018235221451457e-01 2.645266812514094346e-01
2.935959765288823986e-04 -1.558726150529281262e-01 2.666096800760827668e-01
3.029647824144023321e-04 -1.605920132656233623e-01 2.686112042032653968e-01
3.134596214281263867e-04 -1.653589823075806431e-01 2.705299231869711107e-01
3.228807304126213892e-04 -1.701708416812755809e-01 2.723691209646713629e-01
3.333107236336889053e-04 -1.750268952753075424e-01 2.741262479574677058e-01
3.436199497996390894e-04 -1.799241011368258036e-01 2.758020566048239308e-01
3.538368645829606768e-04 -1.848620572773102821e-01 2.773981033473982283e-01
3.641888267743782792e-04 -1.898375747341836950e-01 2.789140844937701980e-01
3.747918734945520497e-04 -1.948499030919795538e-01 2.803512683524445603e-01
3.848563502214310552e-04 -1.998959323635000618e-01 2.817081112171709867e-01
3.947362756430708918e-04 -2.049754264978354001e-01 2.829863911720437164e-01
4.038354104477478502e-04 -2.100858136777093710e-01 2.841871841439677637e-01
4.136181689801896326e-04 -2.152256287813624491e-01 2.853092449540401421e-01
4.232237192608111448e-04 -2.203918014456959229e-01 2.863530514933012028e-01
4.327073557250755921e-04 -2.255832335170203096e-01 2.873196848019675120e-01
4.419732917152371086e-04 -2.307987867153083184e-01 2.882095706110705535e-01
4.510554066289872740e-04 -2.360357406223400345e-01 2.890229681985728161e-01
4.591386834547429353e-04 -2.412924934446299685e-01 2.897609076064604494e-01
4.674162252294779296e-04 -2.465663682443832994e-01 2.904219059707699446e-01
4.758522395533029453e-04 -2.518556724888847964e-01 2.910078279555569081e-01
4.835496925177879620e-04 -2.571598223270280537e-01 2.915179612969970302e-01
4.915839691565081649e-04 -2.624751791509874477e-01 2.919538760504784558e-01
4.990906077805868117e-04 -2.678005482218531186e-01 2.923147940640072884e-01
5.065948783190362846e-04 -2.731339392825222201e-01 2.926014160566376421e-01
5.134712060580108681e-04 -2.784738680949140899e-01 2.928134468579144389e-01
5.200525391818987958e-04 -2.838183477089514795e-01 2.929512931497264550e-01
0.000000000000000000e+00 0.000000000000000000e+00 0.000000000000000000e+00
