1.460404615776922482e-06 -1.066333997722345629e-05 5.348830942932770657e-03
2.920809231554593317e-06 -1.146750274565059094e-04 1.069666113206202591e-02
4.381213847332265211e-06 -3.120033794702519207e-04 1.604186156650656489e-02
5.841618463110579155e-06 -6.025882878908802275e-04 2.138280404643393834e-02
7.302023078886543431e-06 -9.863412377403043933e-04 2.671786166902587883e-02
8.762427694664701522e-06 -1.463145334152535617e-03 3.204540932404868758e-02
1.022283231044257840e-05 -2.032855337980883810e-03 3.736382418887754242e-02
1.168323692621890690e-05 -2.695297710039267977e-03 4.267148622282395526e-02
1.314364154199638397e-05 -3.450270663963955937e-03 4.796677866061591772e-02
1.460404615777457595e-05 -4.297544227679593425e-03 5.324808850488023382e-02
1.606445077355136693e-05 -5.236860313450930442e-03 5.851380701747713187e-02
1.752485538932933867e-05 -6.267932796498902788e-03 6.376233020953751829e-02
1.898526000510674798e-05 -7.390447602156942006e-03 6.899205933005353453e-02
2.044566462088408953e-05 -8.604062801541195390e-03 7.420140135287350835e-02
2.190606923666158016e-05 -9.908408715705377401e-03 7.938876946195325135e-02
2.336647385243871165e-05 -1.130308802824855560e-02 8.455258353471561961e-02
2.482687846821662918e-05 -1.278767590634157653e-02 8.969127062337105272e-02
2.628728308399441797e-05 -1.436172013013522521e-02 9.480326543405270812e-02
2.774768769977101413e-05 -1.602474123051083471e-02 9.988701080362030749e-02
2.920809231554877581e-05 -1.777623263513119015e-02 1.049409581739869091e-01
3.066849693132571078e-05 -1.961566082274735986e-02 1.099635680638248320e-01
3.212890154710292359e-05 -2.154246548571444805e-02 1.149533105375064868e-01
3.358930616288114605e-05 -2.355605970066676144e-02 1.199086656711376847e-01
3.504971077865858925e-05 -2.565583010730028077e-02 1.248281240155411365e-01
3.651011539443571396e-05 -2.784113709520821822e-02 1.297101870560492531e-01
3.797052001021297419e-05 -3.011131499871250519e-02 1.345533676689662783e-01
3.943092462599083074e-05 -3.246567229963204931e-02 1.393561905745606122e-01
4.089132924176730493e-05 -3.490349183792579302e-02 1.441171927864491886e-01
4.235173385754550029e-05 -3.742403103014671495e-02 1.488349240572374166e-01
4.381213847332231329e-05 -4.002652209563979657e-02 1.535079473202784761e-01
4.527254308910015629e-05 -4.271017229041566138e-02 1.581348391274179366e-01
4.673294770487832454e-05 -4.547416414862784362e-02 1.627141900825895826e-01
4.819335232065513754e-05 -4.831765573158092880e-02 1.672446052711313025e-01
4.965375693643237068e-05 -5.123978088419327281e-02 1.717247046846895886e-01
5.111416155221063380e-05 -5.423964949883604975e-02 1.761531236415832535e-01
5.257456616798721641e-05 -5.731634778646892830e-02 1.805285132024991301e-01
5.403497078376591321e-05 -6.046893855498883252e-02 1.848495405813915249e-01
5.549537539954290240e-05 -6.369646149470781227e-02 1.891148895514620787e-01
5.695578001531981027e-05 -6.699793347087273920e-02 1.933232608460951907e-01
5.841618463109662327e-05 -7.037234882313760098e-02 1.974733725546271024e-01
5.987658924687550981e-05 -7.381867967189741087e-02 2.015639605128283496e-01
6.133699386265189591e-05 -7.733587623139025202e-02 2.055937786879804829e-01
6.279739847842919680e-05 -8.092286712947226179e-02 2.095615995584295677e-01
6.425780309420653835e-05 -8.457855973396792570e-02 2.134662144875013601e-01
6.571820770998470661e-05 -8.830184048549644116e-02 2.173064340916635862e-01
6.717861232576139764e-05 -9.209157523667263479e-02 2.210810886028237998e-01
6.863901694153967431e-05 -9.594660959757934926e-02 2.247890282246519933e-01
7.009942155731651442e-05 -9.986576928740562020e-02 2.284291234828197126e-01
7.155982617309433031e-05 -1.038478604921442422e-01 2.320002655690489579e-01
7.302023078887107555e-05 -1.078916702282388812e-01 2.355013666788658422e-01
7.448063540464840355e-05 -1.119959667120705854e-01 2.389313603429563393e-01
7.594104002042711390e-05 -1.161594997351712566e-01 2.422892017520233143e-01
7.740144463620415730e-05 -1.203810010450489382e-01 2.455738680750454150e-01
7.886184925198121425e-05 -1.246591847315100393e-01 2.487843587708413462e-01
8.032225386775953158e-05 -1.289927476183600485e-01 2.519196958928445196e-01
8.178265848353585669e-05 -1.333803696603633737e-01 2.549789243869948208e-01
8.324306309931380811e-05 -1.378207143453422101e-01 2.579611123826575092e-01
8.470346771509156979e-05 -1.423124291012909659e-01 2.608653514764800452e-01
8.616387233086926370e-05 -1.468541457083826218e-01 2.636907570091003850e-01
8.762427694664539908e-05 -1.514444807157422357e-01 2.664364683346230889e-01
8.908468156242272708e-05 -1.560820358628589033e-01 2.691016490827800034e-01
9.054508617820062428e-05 -1.607653985055098322e-01 2.716854874136970799e-01
9.200549079397898227e-05 -1.654931420460653002e-01 2.741871962651885042e-01
9.346589540975526673e-05 -1.702638263680442132e-01 2.766060135925035857e-01
9.492630002553287933e-05 -1.750759982747873422e-01 2.789412026004527423e-01
9.638670464131062746e-05 -1.799281919321154277e-01 2.811920519678426933e-01
9.784710925708837558e-05 -1.848189293148361223e-01 2.833578760641516370e-01
9.930751387286491753e-05 -1.897467206569651565e-01 2.854380151583790770e-01
1.007679184886421371e-04 -1.947100649055229227e-01 2.874318356200060709e-01
1.022283231044209423e-04 -1.997074501777704736e-01 2.893387301120055044e-01
1.036887277201982568e-04 -2.047373542217430786e-01 2.911581177758426064e-01
1.051491323359754493e-04 -2.097982448799431687e-01 2.928894444084101933e-01
1.066095369517527095e-04 -2.148885805560502849e-01 2.945321826308441859e-01
1.080699415675296445e-04 -2.200068106845063376e-01 2.960858320491684958e-01
1.095303461833073790e-04 -2.251513762028327648e-01 2.975499194067197650e-01
1.109907507990843140e-04 -2.303207100265360907e-01 2.989239987283059397e-01
1.124511554148624958e-04 -2.355132375264573641e-01 3.002076514560546583e-01
1.139115600306394172e-04 -2.407273770084187026e-01 3.014004865769100427e-01
1.153719646464163929e-04 -2.459615401950235591e-01 3.025021407417390340e-01
1.168323692621945476e-04 -2.512141327094608023e-01 3.035122783760110243e-01
1.182927738779712928e-04 -2.564835545611675038e-01 3.044305917820172014e-01
1.197531784937495559e-04 -2.617682006332014977e-01 3.052568012325981850e-01
1.212135831095273312e-04 -2.670664611711759950e-01 3.059906550563517014e-01
1.226739877253043339e-04 -2.723767222736054872e-01 3.066319297142940381e-01
1.241343923410810656e-04 -2.776973663835166084e-01 3.071804298679521872e-01
1.255947969568597760e-04 -2.830267727811711098e-01 3.076359884388658594e-01
1.270552015726363721e-04 -2.883633180777533389e-01 3.079984666594813292e-01
1.285156061884135917e-04 -2.937053767098696255e-01 3.082677541154211776e-01
1.299760108041908926e-04 -2.990513214347109705e-01 3.084437687791176663e-01
1.314364154199687898e-04 -3.043995238257267144e-01 3.085264570347991397e-01
1.328968200357457112e-04 -3.097483547686594729e-01 3.085157936948219048e-01
1.343572246515234187e-04 -3.150961849577886831e-01 3.084117820073426497e-01
1.358176292673011262e-04 -3.204413853922332134e-01 3.082144536553289016e-01
1.372780338830793486e-04 -3.257823278721606597e-01 3.079238687469082469e-01
1.387384384988552943e-04 -3.311173854947526141e-01 3.075401157970588106e-01
1.401988431146324867e-04 -3.364449331497753604e-01 3.070633117006466017e-01
1.416592477304103568e-04 -3.417633480146042291e-01 3.064936016968182741e-01
1.431196523461878204e-04 -3.470710100485506766e-01 3.058311593247599047e-01
1.445800569619660699e-04 -3.523663024863427085e-01 3.050761863708352228e-01
1.460404615777434250e-04 -3.576476123306069343e-01 3.042289128071196114e-01
1.475008661935201567e-04 -3.629133308432038185e-01 3.032895967213482535e-01
1.489612708092984605e-04 -3.681618540352641356e-01 3.022585242383002968e-01
1.504216754250759511e-04 -3.733915831557801379e-01 3.011360094326422376e-01
1.518820800408527641e-04 -3.786009251786001673e-01 2.999223942332579496e-01
1.533424846566301192e-04 -3.837882932876799380e-01 2.986180483190937762e-01
1.548028892724078267e-04 -3.889521073604422230e-01 2.972233690065506084e-01
1.562632938881846668e-04 -3.940907944490976700e-01 2.957387811284575840e-01
1.577236985039622930e-04 -3.992027892597793670e-01 2.941647369046639371e-01
1.591841031197405154e-04 -4.042865346293469386e-01 2.925017158042883536e-01
1.606445077355175724e-04 -4.093404819997136235e-01 2.907502243996679669e-01
1.621049123512944938e-04 -4.143630918895515602e-01 2.889107962120517903e-01
1.635653169670714965e-04 -4.193528343632332289e-01 2.869839915490847160e-01
1.650257215828503695e-04 -4.243081894968643852e-01 2.849703973341324303e-01
1.664861261986265862e-04 -4.292276478412678231e-01 2.828706269274989249e-01
1.679465308144039684e-04 -4.341097108817759120e-01 2.806853199395910048e-01
1.694069354301823535e-04 -4.389528914946930205e-01 2.784151420360866935e-01
1.708673400459596544e-04 -4.437557144002873266e-01 2.760607847351671529e-01
1.723277446617364132e-04 -4.485167166121757920e-01 2.736229651968734577e-01
1.737881492775138767e-04 -4.532344478829640755e-01 2.711024260046525081e-01
1.752485538932909879e-04 -4.579074711460051073e-01 2.684999349391594126e-01
1.767089585090689393e-04 -4.625343629531445955e-01 2.658162847443835131e-01
1.781693631248467010e-04 -4.671137139083161860e-01 2.630522928861713794e-01
1.796297677406238393e-04 -4.716441290968579336e-01 2.602088013032182734e-01
1.810901723564004083e-04 -4.761242285104161365e-01 2.572866761506059641e-01
1.825505769721787121e-04 -4.805526474673098014e-01 2.542868075359631663e-01
1.840109815879565009e-04 -4.849280370282257335e-01 2.512101092483302600e-01
1.854713862037338560e-04 -4.892490644071181838e-01 2.480575184798103350e-01
1.869317908195114821e-04 -4.935144133771887098e-01 2.448299955400913552e-01
1.883921954352881867e-04 -4.977227846718217941e-01 2.415285235639264561e-01
1.898526000510652708e-04 -5.018728963803537058e-01 2.381541082116615526e-01
1.913130046668428427e-04 -5.059634843385550917e-01 2.347077773629016872e-01
1.927734092826204960e-04 -5.099933025137071141e-01 2.311905808034089016e-01
1.942338138983977155e-04 -5.139611233841561155e-01 2.276035899053269196e-01
1.956942185141758838e-04 -5.178657383132279080e-01 2.239478973008312834e-01
1.971546231299533473e-04 -5.217059579173901618e-01 2.202246165493027263e-01
1.986150277457308380e-04 -5.254806124285503754e-01 2.164348817981264772e-01
2.000754323615083286e-04 -5.291885520503785134e-01 2.125798474372198321e-01
2.015358369772860089e-04 -5.328286473085461772e-01 2.086606877473935751e-01
2.029962415930629304e-04 -5.363997893947755058e-01 2.046785965426549114e-01
2.044566462088398789e-04 -5.399008905045923346e-01 2.006347868065603557e-01
2.059170508246172069e-04 -5.433308841686828039e-01 1.965304903227286515e-01
2.073774554403949957e-04 -5.466887255777498345e-01 1.923669572996279664e-01
2.088378600561732181e-04 -5.499733919007719907e-01 1.881454559897501877e-01
2.102982646719498143e-04 -5.531838825965679218e-01 1.838672723032891421e-01
2.117586692877267899e-04 -5.563192197185710119e-01 1.795337094164392022e-01
2.132190739035044161e-04 -5.593784482127213131e-01 1.751460873744358215e-01
2.146794785192823675e-04 -5.623606362083840571e-01 1.707057426894568741e-01
2.161398831350601563e-04 -5.652648753022064820e-01 1.662140279335082294e-01
2.176002877508378367e-04 -5.680902808348268218e-01 1.616723113264165734e-01
2.190606923666138636e-04 -5.708359921603495257e-01 1.570819763190569041e-01
2.205210969823912729e-04 -5.735011729085064403e-01 1.524444211719402920e-01
2.219815015981690617e-04 -5.760850112394234612e-01 1.477610585292894463e-01
2.234419062139472842e-04 -5.785867200909149410e-01 1.430333149887339228e-01
2.249023108297240701e-04 -5.810055374182300225e-01 1.382626306667549820e-01
2.263627154455012083e-04 -5.833407264261791791e-01 1.334504587600118808e-01
2.278231200612790513e-04 -5.855915757935691301e-01 1.285982651026838508e-01
2.292835246770558643e-04 -5.877573998898780738e-01 1.237075277199631562e-01
2.307439292928334905e-04 -5.898375389841055139e-01 1.187797363778341220e-01
2.322043339086111980e-04 -5.918313594457326188e-01 1.138163921292762309e-01
2.336647385243893391e-04 -5.937382539377320523e-01 1.088190068570287494e-01
2.351251431401660979e-04 -5.955576416015690988e-01 1.037891028130561999e-01
2.365855477559438867e-04 -5.972889682341366857e-01 9.872821215485605428e-02
2.380459523717206455e-04 -5.989317064565706783e-01 9.363787647874897979e-02
2.395063569874991390e-04 -6.004853558748949327e-01 8.851964635029301032e-02
2.409667616032763315e-04 -6.019494432324462574e-01 8.337508083196654152e-02
2.424271662190533884e-04 -6.033235225540324320e-01 7.820574700826307679e-02
2.438875708348315296e-04 -6.046071752817812062e-01 7.301321950834181729e-02
2.453479754506083968e-04 -6.058000104026365351e-01 6.779908002638050657e-02
2.468083800663849387e-04 -6.069016645674655264e-01 6.256491683977570550e-02
2.482687846821624023e-04 -6.079118022017375722e-01 5.731232432533839988e-02
2.497291892979409500e-04 -6.088301156077436938e-01 5.204290247363178856e-02
2.511895939137180882e-04 -6.096563250583246774e-01 4.675825640159776697e-02
2.526499985294958770e-04 -6.103901788820782492e-01 4.145999586362328349e-02
2.541104031452726358e-04 -6.110314535400205305e-01 3.614973476119386769e-02
2.555708077610491778e-04 -6.115799536936786795e-01 3.082909065128283665e-02
2.570312123768283218e-04 -6.120355122645924073e-01 2.549968425362818258e-02
2.584916169926050806e-04 -6.123979904852079326e-01 2.016313895704587023e-02
2.599520216083823815e-04 -6.126672779411478365e-01 1.482108032492952115e-02
2.614124262241594655e-04 -6.128432926048443807e-01 9.475135600088295876e-03
2.628728308399373628e-04 -6.129259808605258542e-01 4.126933209072577123e-03
2.643332354557142842e-04 -6.129153175205486193e-01 -1.221897733860133686e-03
2.657936400714919645e-04 -6.128113058330693086e-01 -6.569727922989463537e-03
2.672540446872696991e-04 -6.126139774810556160e-01 -1.191492835743394180e-02
2.687144493030470000e-04 -6.123233925726350169e-01 -1.725587083736125280e-02
2.701748539188240299e-04 -6.119396396227856361e-01 -2.259092845995326962e-02
2.716352585346012223e-04 -6.114628355263733717e-01 -2.791847611497602633e-02
2.730956631503796616e-04 -6.108931255225450441e-01 -3.323689097980508239e-02
2.745560677661572878e-04 -6.102306831504866746e-01 -3.854455301375144666e-02
2.760164723819338297e-04 -6.094757101965619928e-01 -4.383984545154335360e-02
2.774768769977117269e-04 -6.086284366328463813e-01 -4.912115529580773909e-02
2.789372816134888110e-04 -6.076891205470750235e-01 -5.438687380840458163e-02
2.803976862292670877e-04 -6.066580480640270112e-01 -5.963539700046491948e-02
2.818580908450441175e-04 -6.055355332583689520e-01 -6.486512612098099817e-02
2.833184954608219063e-04 -6.043219180589847195e-01 -7.007446814380090261e-02
2.847789000765986651e-04 -6.030175721448205461e-01 -7.526183625288060397e-02
2.862393046923764539e-04 -6.016228928322773228e-01 -8.042565032564304162e-02
2.876997093081537548e-04 -6.001383049541842984e-01 -8.556433741429840534e-02
2.891601139239317604e-04 -5.985642607303905960e-01 -9.067633222498028278e-02
2.906205185397090071e-04 -5.969012396300149570e-01 -9.576007759454782664e-02
2.920809231554861995e-04 -5.951497482253946814e-01 -1.008140249649143727e-01
2.935413277712636089e-04 -5.933103200377785047e-01 -1.058366348547523650e-01
2.950017323870401508e-04 -5.913835153748114859e-01 -1.108263773284339643e-01
2.964621370028188070e-04 -5.893699211598592003e-01 -1.157817324620651345e-01
2.979225416185950779e-04 -5.872701507532257503e-01 -1.207011908064684891e-01
2.993829462343725956e-04 -5.850848437653177747e-01 -1.255832538469766613e-01
3.008433508501503844e-04 -5.828146658618135190e-01 -1.304264344598936587e-01
3.023037554659280105e-04 -5.804603085608940338e-01 -1.352292573654879093e-01
3.037641600817053114e-04 -5.780224890226002277e-01 -1.399902595773766523e-01
3.052245646974823413e-04 -5.755019498303793890e-01 -1.447079908481647970e-01
3.066849693132598048e-04 -5.728994587648862380e-01 -1.493810141112059398e-01
3.081453739290374309e-04 -5.702158085701104495e-01 -1.540079059183453447e-01
3.096057785448152197e-04 -5.674518167118982603e-01 -1.585872568735169352e-01
3.110661831605923580e-04 -5.646083251289450988e-01 -1.631176720620587106e-01
3.125265877763689542e-04 -5.616861999763328450e-01 -1.675977714756169135e-01
3.139869923921472850e-04 -5.586863313616901028e-01 -1.720261904325105784e-01
3.154473970079250738e-04 -5.556096330740571965e-01 -1.764015799934265105e-01
3.169078016237019410e-04 -5.524570423055373825e-01 -1.807226073723188775e-01
3.183682062394803261e-04 -5.492295193658184305e-01 -1.849879563423894036e-01
3.198286108552565428e-04 -5.459280473896533925e-01 -1.891963276370227098e-01
3.212890154710338437e-04 -5.425536320373886001e-01 -1.933464393455545660e-01
3.227494200868114157e-04 -5.391073011886287070e-01 -1.974370273037558965e-01
3.242098247025890960e-04 -5.355901046291359213e-01 -2.014668454789079466e-01
3.256702293183662885e-04 -5.320031137310539116e-01 -2.054346663493570035e-01
3.271306339341438062e-04 -5.283474211265581921e-01 -2.093392812784288515e-01
3.285910385499211071e-04 -5.246241403750296906e-01 -2.131795008825910220e-01
3.300514431656986249e-04 -5.208344056238535247e-01 -2.169541553937511802e-01
3.315118477814761968e-04 -5.169793712629469074e-01 -2.206620950155793182e-01
3.329722523972537688e-04 -5.130602115731205393e-01 -2.243021902737471207e-01
3.344326570130309612e-04 -5.090781203683819589e-01 -2.278733323599763105e-01
3.358930616288076658e-04 -5.050343106322873199e-01 -2.313744334697932503e-01
3.373534662445867556e-04 -5.009300141484553937e-01 -2.348044271338838862e-01
3.388138708603640565e-04 -4.967664811253548196e-01 -2.381622685429508057e-01
3.402742754761419537e-04 -4.925449798154771797e-01 -2.414469348659728787e-01
3.417346800919182788e-04 -4.882667961290160785e-01 -2.446574255617688098e-01
3.431950847076961761e-04 -4.839332332421661387e-01 -2.477927626837719277e-01
3.446554893234728264e-04 -4.795456112001628690e-01 -2.508519911779221734e-01
3.461158939392512115e-04 -4.751052665151838661e-01 -2.538341791735849728e-01
3.475762985550290545e-04 -4.706135517592351936e-01 -2.567384182674074533e-01
3.490367031708058675e-04 -4.660718351521435099e-01 -2.595638238000277931e-01
3.504971077865827889e-04 -4.614815001447839515e-01 -2.623095351255504415e-01
3.519575124023606319e-04 -4.568439449976670619e-01 -2.649747158737074670e-01
3.534179170181373907e-04 -4.521605823550162162e-01 -2.675585542046245435e-01
3.548783216339157216e-04 -4.474328388144608315e-01 -2.700602630561159678e-01
3.563387262496930767e-04 -4.426621544924820295e-01 -2.724790803834309938e-01
3.577991308654699981e-04 -4.378499825857389283e-01 -2.748142693913800949e-01
3.592595354812471906e-04 -4.329977889284106207e-01 -2.770651187587701014e-01
3.607199400970259552e-04 -4.281070515456899539e-01 -2.792309428550789896e-01
3.621803447128019550e-04 -4.231792602035610029e-01 -2.813110819493063741e-01
3.636407493285792017e-04 -4.182159159550032368e-01 -2.833049024109333680e-01
3.651011539443563942e-04 -4.132185306827557136e-01 -2.852117969029328015e-01
3.665615585601346709e-04 -4.081886266387829143e-01 -2.870311845667699591e-01
3.680219631759123512e-04 -4.031277359805828797e-01 -2.887625111993374905e-01
3.694823677916901942e-04 -3.980374003044758191e-01 -2.904052494217714830e-01
3.709427724074666820e-04 -3.929191701760195721e-01 -2.919588988400958485e-01
3.724031770232449044e-04 -3.877746046576932004e-01 -2.934229861976470621e-01
3.738635816390218258e-04 -3.826052708339898745e-01 -2.947970655192332368e-01
3.753239862548000483e-04 -3.774127433340687676e-01 -2.960807182469819554e-01
3.767843908705759397e-04 -3.721986038521074569e-01 -2.972735533678373399e-01
3.782447954863536743e-04 -3.669644406655026558e-01 -2.983752075326662756e-01
3.797052001021320052e-04 -3.617118481510652184e-01 -2.993853451669383214e-01
3.811656047179094145e-04 -3.564424262993586279e-01 -3.003036585729444985e-01
3.826260093336867696e-04 -3.511577802273243565e-01 -3.011298680235255376e-01
3.840864139494638537e-04 -3.458595196893500257e-01 -3.018637218472790540e-01
3.855468185652405583e-04 -3.405492585869205890e-01 -3.025049965052213907e-01
3.870072231810181844e-04 -3.352286144770095788e-01 -3.030534966588794843e-01
3.884676277967968948e-04 -3.298992080793550774e-01 -3.035090552297931565e-01
3.899280324125733825e-04 -3.245626627827729038e-01 -3.038715334504086263e-01
3.913884370283516592e-04 -3.192206041506566727e-01 -3.041408209063484747e-01
3.928488416441280927e-04 -3.138746594258151612e-01 -3.043168355700449634e-01
3.943092462599059899e-04 -3.085264570347994173e-01 -3.043995238257264369e-01
3.957696508756829656e-04 -3.031776260918667143e-01 -3.043888604857492020e-01
3.972300554914605917e-04 -2.978297959027372266e-01 -3.042848487982698913e-01
3.986904601072382721e-04 -2.924845954682927518e-01 -3.040875204462561432e-01
4.001508647230155188e-04 -2.871436529883654165e-01 -3.037969355378355441e-01
4.016112693387927654e-04 -2.818085953657735176e-01 -3.034131825879861077e-01
4.030716739545700121e-04 -2.764810477107507714e-01 -3.029363784915738989e-01
4.045320785703483972e-04 -2.711626328459217361e-01 -3.023666684877455157e-01
4.059924831861249392e-04 -2.658549708119753996e-01 -3.017042261156871463e-01
4.074528878019026737e-04 -2.605596783741834788e-01 -3.009492531617624644e-01
4.089132924176800831e-04 -2.552783685299192529e-01 -3.001019795980468530e-01
4.103736970334572755e-04 -2.500126500173224242e-01 -2.991626635122755506e-01
4.118341016492356064e-04 -2.447641268252620794e-01 -2.981315910292275939e-01
4.132945062650130157e-04 -2.395343977047458828e-01 -2.970090762235695347e-01
4.147549108807896661e-04 -2.343250556819259645e-01 -2.957954610241853022e-01
4.162153154965676175e-04 -2.291376875728459717e-01 -2.944911151100210733e-01
4.176757201123452979e-04 -2.239738735000836589e-01 -2.930964357974779055e-01
4.191361247281227614e-04 -2.188351864114282952e-01 -2.916118479193849367e-01
4.205965293438999539e-04 -2.137231916007466814e-01 -2.900378036955912897e-01
4.220569339596771464e-04 -2.086394462311791376e-01 -2.883747825952157062e-01
4.235173385754553146e-04 -2.035854988608125637e-01 -2.866232911905953751e-01
4.249777431912322360e-04 -1.985628889709747380e-01 -2.847838630029792539e-01
4.264381478070092117e-04 -1.935731464972928750e-01 -2.828570583400120686e-01
4.278985524227867836e-04 -1.886177913636617187e-01 -2.808434641250597830e-01
4.293589570385641929e-04 -1.836983330192580866e-01 -2.787436937184261665e-01
4.308193616543421443e-04 -1.788162699787500254e-01 -2.765583867305182464e-01
4.322797662701190115e-04 -1.739730893658330557e-01 -2.742882088270139906e-01
4.337401708858963667e-04 -1.691702664602387773e-01 -2.719338515260944500e-01
4.352005755016741554e-04 -1.644092642483502842e-01 -2.694960319878007549e-01
4.366609801174522695e-04 -1.596915329775621117e-01 -2.669754927955798607e-01
4.381213847332291909e-04 -1.550185097145208579e-01 -2.643730017300866542e-01
4.395817893490068171e-04 -1.503916179073814530e-01 -2.616893515353108102e-01
4.410421939647836301e-04 -1.458122669522098624e-01 -2.589253596770986765e-01
4.425025985805616357e-04 -1.412818517636681981e-01 -2.560818680941456260e-01
4.439630031963382861e-04 -1.368017523501099952e-01 -2.531597429415333167e-01
4.454234078121166712e-04 -1.323733333932161083e-01 -2.501598743268904079e-01
4.468838124278936468e-04 -1.279979438323003149e-01 -2.470831760392575571e-01
4.483442170436705682e-04 -1.236769164534079618e-01 -2.439305852707376876e-01
4.498046216594486823e-04 -1.194115674833371998e-01 -2.407030623310185413e-01
4.512650262752260916e-04 -1.152031961887041434e-01 -2.374015903548536421e-01
4.527254308910027419e-04 -1.110530844801722594e-01 -2.340271750025888220e-01
4.541858355067806391e-04 -1.069624965219710538e-01 -2.305808441538290676e-01
4.556462401225576690e-04 -1.029326783468189899e-01 -2.270636475943362820e-01
4.571066447383357288e-04 -9.896485747636996066e-02 -2.234766566962543277e-01
4.585670493541140055e-04 -9.506024254729819600e-02 -2.198209640917586916e-01
4.600274539698901138e-04 -9.122002294313578952e-02 -2.160976833402300235e-01
4.614878585856676315e-04 -8.744536843197563136e-02 -2.123079485890538853e-01
4.629482632014458540e-04 -8.373742881014729911e-02 -2.084529142281470182e-01
4.644086678172226128e-04 -8.009733355197962146e-02 -2.045337545383207889e-01
4.658690724330004558e-04 -7.652619146575041775e-02 -2.005516633335822085e-01
4.673294770487765640e-04 -7.302509035593357511e-02 -1.965078535974876250e-01
4.687898816645547865e-04 -6.959509669184310576e-02 -1.924035571136559208e-01
4.702502862803313827e-04 -6.623725528277615848e-02 -1.882400240905553190e-01
4.717106908961109062e-04 -6.295258895975393287e-02 -1.840185227806774571e-01
4.731710955118872313e-04 -5.974209826395800171e-02 -1.797403390942163837e-01
4.746315001276651285e-04 -5.660676114195489078e-02 -1.754067762073664438e-01
4.760919047434417246e-04 -5.354753264780462430e-02 -1.710191541653631464e-01
4.775523093592201097e-04 -5.056534465214181095e-02 -1.665788094803841157e-01
4.790127139749977359e-04 -4.766110555831948314e-02 -1.620870947244356930e-01
4.804731185907747657e-04 -4.483570002569898377e-02 -1.575453781173437873e-01
4.819335232065516872e-04 -4.208998870017633537e-02 -1.529550431099842567e-01
4.833939278223295302e-04 -3.942480795201930288e-02 -1.483174879628673948e-01
4.848543324381060721e-04 -3.684096962110224721e-02 -1.436341253202165491e-01
4.863147370538844572e-04 -3.433926076961083679e-02 -1.389063817796611366e-01
4.877751416696613244e-04 -3.192044344229567204e-02 -1.341356974576820571e-01
4.892355462854387337e-04 -2.958525443434668542e-02 -1.293235255509392334e-01
4.906959509012159262e-04 -2.733440506695665462e-02 -1.244713318936109536e-01
4.921563555169937692e-04 -2.516858097064783931e-02 -1.195805945108905088e-01
4.936167601327709617e-04 -2.308844187642033335e-02 -1.146528031687613497e-01
4.950771647485490215e-04 -2.109462141479334293e-02 -1.096894589202036113e-01
4.965375693643271898e-04 -1.918772692279381575e-02 -1.046920736479558522e-01
4.979979739801039485e-04 -1.736833925895682473e-02 -9.966216960398358027e-02
4.994583785958811410e-04 -1.563701262638918926e-02 -9.460127894578329588e-02
5.009187832116582251e-04 -1.399427440395513075e-02 -8.951094326967597159e-02
5.023791878274365017e-04 -1.244062498563093186e-02 -8.439271314122025192e-02
5.038395924432138026e-04 -1.097653762807961064e-02 -7.924814762289364434e-02
5.052999970589906699e-04 -9.602458306493453360e-03 -7.407881379919033227e-02
5.067604016747689465e-04 -8.318805578744752072e-03 -6.888628629926919766e-02
5.082208062905448380e-04 -7.125970457889371085e-03 -6.367214681730787307e-02
5.096812109063232231e-04 -6.024316293060362482e-03 -5.843798363070280832e-02
5.111416155221004155e-04 -5.014178658788438075e-03 -5.318539111626591903e-02
5.126020201378783669e-04 -4.095865252782214180e-03 -4.791596926455903016e-02
5.140624247536555594e-04 -3.269655802201207589e-03 -4.263132319252500857e-02
5.155228293694327519e-04 -2.535801978447690778e-03 -3.733306265455065692e-02
5.169832339852105949e-04 -1.894527320505352093e-03 -3.202280155212097051e-02
5.184436386009871368e-04 -1.346027166847223611e-03 -2.670215744220993948e-02
5.199040432167655219e-04 -8.904685959335124435e-04 -2.137275104455514663e-02
5.213644478325423891e-04 -5.279903753180596087e-04 -1.603620574797323672e-02
5.228248524483200153e-04 -2.587029193782018014e-04 -1.069414711585675234e-02
5.242852570640967741e-04 -8.268825568171912885e-05 -5.348202391015800285e-03
0.000000000000000000e+00 0.000000000000000000e+00 0.000000000000000000e+00
