0.000000000000000000e+00 0.000000000000000000e+00 0.000000000000000000e+00
-4.399999999982195931e-05 -4.317692311550658246e-05 8.238450349465704231e-03
-8.000000000002449596e-05 -5.466407938414796774e-05 1.646190313522191695e-02
-8.600000000003049649e-05 -2.633064285750830180e-05 2.465336231586594262e-02
-1.799999999985146815e-05 1.180413854324768863e-04 3.281183489414342402e-02
-7.000000000001449507e-05 1.207571110690697225e-04 4.090233243786513262e-02
-8.799999999997698552e-05 1.742086533121911529e-04 4.893187259942967382e-02
-9.799999999982045296e-05 2.308750256556635350e-04 5.688348063349699807e-02
-8.600000000003049649e-05 3.133219899150718746e-04 6.475219091234279967e-02
-9.200000000003649703e-05 3.582018838906853020e-04 7.251904843843651194e-02
-1.420000000000309903e-04 3.382534226594735571e-04 8.017511035378310780e-02
-2.339999999999564650e-04 2.403014735553599124e-04 8.767344744556368474e-02
-1.500000000000389910e-04 3.112568049061792408e-04 9.516314564762265449e-02
-2.739999999999964686e-04 1.141158086053195575e-04 1.024293075373398365e-01
-2.179999999999404636e-04 5.796019660109230642e-05 1.096490538274318138e-01
-2.980000000001314930e-04 -1.960433286036789013e-04 1.166895248522314410e-01
-3.279999999998284288e-04 -4.506434293400918278e-04 1.236158820479880682e-01
-3.360000000000584741e-04 -7.445045139429229408e-04 1.304133094267416748e-01
-3.379999999998384297e-04 -1.100207143584608360e-03 1.370830150433187400e-01
-4.379999999998274163e-04 -1.646248464650224008e-03 1.435862324550058466e-01
-4.580000000000694627e-04 -2.179042666521469052e-03 1.499862221734539203e-01
-4.959999999998299103e-04 -2.812921464629636326e-03 1.562482731083723597e-01
-5.419999999999314255e-04 -3.552134608630908019e-03 1.623717040025726144e-01
-5.979999999998764082e-04 -4.390850415550873187e-03 1.683578648579245329e-01
-6.459999999998133902e-04 -5.307156327730933043e-03 1.742241383517916242e-01
-6.499999999999284128e-04 -6.293059495413699800e-03 1.799739412435109043e-01
-7.479999999999153992e-04 -7.514487383783352570e-03 1.855407257704932422e-01
-7.439999999998558877e-04 -8.623288404280282649e-03 1.910539810335159516e-01
-8.219999999999894058e-04 -9.983232569995115213e-03 1.964012343707861319e-01
-8.500000000000174083e-04 -1.140201217494563046e-02 2.016360527203563957e-01
-8.940000000000614122e-04 -1.293924249702471663e-02 2.067400439704792925e-01
-9.460000000000023945e-04 -1.459846252441121539e-02 2.117208582974867137e-01
-9.799999999999808864e-04 -1.634313570521706005e-02 2.165861894907885055e-01
-1.043999999999822847e-03 -1.823465072014607280e-02 2.213077762645853097e-01
-1.031999999999977380e-03 -2.017032227792703303e-02 2.259574035558981620e-01
-1.117999999999841343e-03 -2.229739193327878732e-02 2.304309038085169403e-01
-1.117999999999841343e-03 -2.447902892716069534e-02 2.348221582424792064e-01
-1.148000000000037879e-03 -2.679033104904804397e-02 2.390870981086898328e-01
-1.171999999999839837e-03 -2.921432552097380508e-02 2.432337059283011804e-01
-1.231999999999899842e-03 -3.178596990306609138e-02 2.472360167164769917e-01
-1.189999999999968860e-03 -3.438815302030451271e-02 2.511961191901642132e-01
-1.161999999999996369e-03 -3.710769591021395586e-02 2.550321569595079829e-01
-1.271999999999884334e-03 -4.008135279120739192e-02 2.586323297025460710e-01
-1.258000000000092378e-03 -4.305181205128261190e-02 2.622188943228224156e-01
-1.247999999999915843e-03 -4.614969725677192658e-02 2.656781660895716768e-01
-1.277999999999890335e-03 -4.937156818083521248e-02 2.689765197601234892e-01
-1.270000000000048868e-03 -5.274192185138704136e-02 2.722063906841867276e-01
-1.259999999999816822e-03 -5.617919361813628054e-02 2.753342758896759612e-01
-1.205999999999929351e-03 -5.970975823841251362e-02 2.783667351497514098e-01
-1.222000000000111886e-03 -6.340793098145058870e-02 2.812263920307446763e-01
-1.168000000000002370e-03 -6.717396875079451046e-02 2.840299349206540924e-01
-1.176000000000065882e-03 -7.111607122448154739e-02 2.866541180378925358e-01
-1.144000000000033879e-03 -7.513838201265754524e-02 2.892017624199848536e-01
-1.139999999999918856e-03 -7.929898983226885134e-02 2.916097568919108207e-01
-1.123999999999791832e-03 -8.357592969847943420e-02 2.939090590137980463e-01
-1.085999999999864851e-03 -8.795118413244173983e-02 2.961146960076798118e-01
-1.052000000000052893e-03 -9.244868438506054220e-02 2.982057656630316966e-01
-1.033999999999979380e-03 -9.708031167637320991e-02 3.001654372208124588e-01
-9.839999999999848868e-04 -1.018118984501701907e-01 3.020449522357415151e-01
-9.280000000001509264e-04 -1.066632296434718019e-01 3.038156254165471637e-01
-8.879999999997778559e-04 -1.116480439704793381e-01 3.054608454439338150e-01
-8.339999999999458957e-04 -1.167460352206023400e-01 3.070100757660131352e-01
-8.219999999998783835e-04 -1.219928535701725603e-01 3.084028553709633469e-01
-7.320000000000104201e-04 -1.273321069074426770e-01 3.097607995366784550e-01
-6.960000000000299281e-04 -1.328153621704654674e-01 3.109876005571753366e-01
-6.759999999999544151e-04 -1.384241466974479584e-01 3.120790284455450259e-01
-5.939999999998724078e-04 -1.441439495891671529e-01 3.131389316132279221e-01
-5.720000000000169393e-04 -1.500302230830340422e-01 3.140352375254078510e-01
-5.599999999998939160e-04 -1.560303839383863078e-01 3.148239533323278216e-01
-4.759999999999209308e-04 -1.621458148325863047e-01 3.155911664763291213e-01
-4.259999999999819487e-04 -1.683918657675047004e-01 3.162510452744371481e-01
-4.000000000000669687e-04 -1.747918554859527740e-01 3.167918394763084011e-01
-4.020000000000689688e-04 -1.813950728976398974e-01 3.171458807973741578e-01
-3.180000000000404725e-04 -1.879747785142169558e-01 3.176695834270159002e-01
-2.980000000000204707e-04 -1.947722058929705624e-01 3.179714445116186283e-01
-2.499999999998614442e-04 -2.016885630887273462e-01 3.182540446123549582e-01
-2.759999999999429576e-04 -2.087550341135267773e-01 3.183840481375599385e-01
-2.480000000000259774e-04 -2.159367804036189109e-01 3.185242037495640277e-01
-1.639999999998864588e-04 -2.232589422933358714e-01 3.186853447458647404e-01
-1.479999999998704574e-04 -2.306666404953948979e-01 3.187303894145141481e-01
-1.439999999998664570e-04 -2.382189775871755844e-01 3.187283413636183838e-01
-1.720000000000609930e-04 -2.458910395025220852e-01 3.186562898248496145e-01
-1.240000000000684999e-04 -2.536498970286157895e-01 3.186574099308738806e-01
-7.199999999996098410e-05 -2.615046073074616673e-01 3.186569629666141656e-01
-1.199999999998979661e-04 -2.694642153415289787e-01 3.185202965942709463e-01
-8.999999999992347455e-05 -2.772657555030937360e-01 3.187268450520278629e-01
-8.800000000003249667e-05 -2.855862530468150640e-01 3.184201293263914101e-01
-8.600000000003049649e-05 -2.937367256250926206e-01 3.183657572981012374e-01
-8.399999999986196286e-05 -3.019341848057368050e-01 3.183214238615748037e-01
-1.599999999990497912e-05 -3.101556375914932828e-01 3.183769110178432671e-01
