0.000000000000000000e+00 0.000000000000000000e+00 0.000000000000000000e+00
0.000000000000000000e+00 -4.849265716010486642e-05 5.556708125160926375e-03
0.000000000000000000e+00 -1.939558573073180950e-04 1.111172362319788783e-02
0.000000000000000000e+00 -4.363452909417556971e-04 1.666335438257754084e-02
0.000000000000000000e+00 -7.755871238938097075e-04 2.220990932279072461e-02
0.000000000000000000e+00 -1.211578019814850546e-03 2.774969890947195580e-02
0.000000000000000000e+00 -1.744185171654504072e-03 3.328103566904799804e-02
0.000000000000000000e+00 -2.373246342114782113e-03 3.880223470275861314e-02
0.000000000000000000e+00 -3.098569913069294454e-03 4.431161419989308736e-02
0.000000000000000000e+00 -3.919934943932027079e-03 4.980749595008602398e-02
0.000000000000000000e+00 -4.837091238957829178e-03 5.528820585451651309e-02
0.000000000000000000e+00 -5.849759423454474125e-03 6.075207443585484146e-02
0.000000000000000000e+00 -6.957631028883081402e-03 6.619743734680144653e-02
0.000000000000000000e+00 -8.160368586820454517e-03 7.162263587706325929e-02
0.000000000000000000e+00 -9.457605731755240608e-03 7.702601745861284432e-02
0.000000000000000000e+00 -1.084894731268646641e-02 8.240593616907675167e-02
0.000000000000000000e+00 -1.233396951349037020e-02 8.776075323309932841e-02
0.000000000000000000e+00 -1.391221998201887418e-02 9.308883752152963265e-02
0.000000000000000000e+00 -1.558321796789035804e-02 9.838856604827900254e-02
0.000000000000000000e+00 -1.734645446893100587e-02 1.036583244646986646e-01
0.000000000000000000e+00 -1.920139238622179181e-02 1.088965075513256275e-01
0.000000000000000000e+00 -2.114746668770391483e-02 1.141015197068483145e-01
0.000000000000000000e+00 -2.318408458029306077e-02 1.192717754341420383e-01
0.000000000000000000e+00 -2.531062569045000599e-02 1.244056998232268840e-01
0.000000000000000000e+00 -2.752644225315236878e-02 1.295017290310005176e-01
0.000000000000000000e+00 -2.983085930920998871e-02 1.345583107575998860e-01
0.000000000000000000e+00 -3.222317491086421071e-02 1.395739047192468552e-01
0.000000000000000000e+00 -3.470266033560792662e-02 1.445469831174335806e-01
0.000000000000000000e+00 -3.726856030816142612e-02 1.494760311043046852e-01
0.000000000000000000e+00 -3.992009323053666986e-02 1.543595472440945637e-01
0.000000000000000000e+00 -4.265645142011943031e-02 1.591960439704793451e-01
0.000000000000000000e+00 -4.547680135569756588e-02 1.639840480397040667e-01
0.000000000000000000e+00 -4.838028393135933303e-02 1.687221009793467286e-01
0.000000000000000000e+00 -5.136601471818547787e-02 1.734087595325834175e-01
0.000000000000000000e+00 -5.443308423365496307e-02 1.780425960978181121e-01
0.000000000000000000e+00 -5.758055821868193758e-02 1.826221991635439690e-01
0.000000000000000000e+00 -6.080747792220034947e-02 1.871461737383037227e-01
0.000000000000000000e+00 -6.411286039320863994e-02 1.916131417756170852e-01
0.000000000000000000e+00 -6.749569878018613078e-02 1.960217425937473557e-01
0.000000000000000000e+00 -7.095496263778992840e-02 2.003706332901783738e-01
0.000000000000000000e+00 -7.448959824073829450e-02 2.046584891506752768e-01
0.000000000000000000e+00 -7.809852890478585774e-02 2.088840040528055497e-01
0.000000000000000000e+00 -8.178065531469179417e-02 2.130458908637966331e-01
0.000000000000000000e+00 -8.553485585908209010e-02 2.171428818326086585e-01
0.000000000000000000e+00 -8.935998697210320585e-02 2.211737289761041558e-01
0.000000000000000000e+00 -9.325488348176322329e-02 2.251372044591954946e-01
0.000000000000000000e+00 -9.721835896485456208e-02 2.290321009688555121e-01
0.000000000000000000e+00 -1.012492061083500872e-01 2.328572320818766139e-01
0.000000000000000000e+00 -1.053461970771620709e-01 2.366114326262669099e-01
0.000000000000000000e+00 -1.095080838881531127e-01 2.402935590361728602e-01
0.000000000000000000e+00 -1.137335987902834411e-01 2.439024897002204095e-01
0.000000000000000000e+00 -1.180214546507803025e-01 2.474371253031687756e-01
0.000000000000000000e+00 -1.223703453472113484e-01 2.508963891607725594e-01
0.000000000000000000e+00 -1.267789461653416327e-01 2.542792275477501196e-01
0.000000000000000000e+00 -1.312459142026549674e-01 2.575846100187583754e-01
0.000000000000000000e+00 -1.357698887774147212e-01 2.608115297222767803e-01
0.000000000000000000e+00 -1.403494918431406335e-01 2.639590037073037965e-01
0.000000000000000000e+00 -1.449833284083753004e-01 2.670260732227732192e-01
0.000000000000000000e+00 -1.496699869616120171e-01 2.700118040095993988e-01
0.000000000000000000e+00 -1.544080399012546234e-01 2.729152865852610965e-01
0.000000000000000000e+00 -1.591960439704793451e-01 2.757356365208392668e-01
0.000000000000000000e+00 -1.640325406968641264e-01 2.784719947104220550e-01
0.000000000000000000e+00 -1.689160568366540605e-01 2.811235276327972987e-01
0.000000000000000000e+00 -1.738451048235251650e-01 2.836894276053507635e-01
0.000000000000000000e+00 -1.788181832217118905e-01 2.861689130300945627e-01
0.000000000000000000e+00 -1.838337771833588319e-01 2.885612286317487674e-01
0.000000000000000000e+00 -1.888903589099582281e-01 2.908656456878063734e-01
0.000000000000000000e+00 -1.939863881177318339e-01 2.930814622505086842e-01
0.000000000000000000e+00 -1.991203125068167212e-01 2.952080033606656606e-01
0.000000000000000000e+00 -2.042905682341104034e-01 2.972446212532548482e-01
0.000000000000000000e+00 -2.094955803896330626e-01 2.991906955547369296e-01
0.000000000000000000e+00 -2.147337634762600811e-01 3.010456334720277294e-01
0.000000000000000000e+00 -2.200035218926797154e-01 3.028088699730683842e-01
0.000000000000000000e+00 -2.253032504194291130e-01 3.044798679589398871e-01
0.000000000000000000e+00 -2.306313347078594311e-01 3.060581184274683841e-01
0.000000000000000000e+00 -2.359861517718820079e-01 3.075431406282722602e-01
0.000000000000000000e+00 -2.413660704823458458e-01 3.089344822092034981e-01
0.000000000000000000e+00 -2.467694520638955280e-01 3.102317193541382911e-01
0.000000000000000000e+00 -2.521946505941572436e-01 3.114344569120756079e-01
0.000000000000000000e+00 -2.576400135051038487e-01 3.125423285175042976e-01
0.000000000000000000e+00 -2.631038820864421979e-01 3.135549967020009321e-01
0.000000000000000000e+00 -2.685845919908727009e-01 3.144721529970267437e-01
0.000000000000000000e+00 -2.740804737410655889e-01 3.152935180278894078e-01
0.000000000000000000e+00 -2.795898532382001256e-01 3.160188415988439692e-01
0.000000000000000000e+00 -2.851110522719107476e-01 3.166479027693042680e-01
0.000000000000000000e+00 -2.906423890314868141e-01 3.171805099211438828e-01
0.000000000000000000e+00 -2.961821786181679794e-01 3.176165008170649395e-01
0.000000000000000000e+00 -3.017287335583811458e-01 3.179557426500169703e-01
0.000000000000000000e+00 -3.072803643177608457e-01 3.181981320836514415e-01
0.000000000000000000e+00 -3.128353798157978427e-01 3.183435952837986305e-01
