&CONTROL
/
&SYSTEM
   ntyp             = 2
   nat              = 96
   ibrav            = 0
/
&ELECTRONS
/
&IONS
/
&CELL
/

ATOMIC_SPECIES
O 15.999 None
H 1.008 None

K_POINTS gamma

CELL_PARAMETERS angstrom
9.86520000000000 0.00000000000000 0.00000000000000
0.00000000000000 9.86520000000000 0.00000000000000
0.00000000000000 0.00000000000000 9.86520000000000

ATOMIC_POSITIONS angstrom
O 2.4100000000 1.1600000000 6.7800000000 
H 2.9400000000 0.3800000000 6.8400000000 
H 3.0600000000 1.8100000000 7.0500000000 
O 0.6700000000 3.5700000000 2.9000000000 
H 0.2700000000 2.6900000000 2.8600000000 
H 1.2400000000 3.4800000000 3.7200000000 
O 8.0400000000 1.4800000000 4.4500000000 
H 8.0100000000 2.4100000000 4.0400000000 
H 7.4900000000 1.6000000000 5.2000000000 
O 0.6000000000 6.3800000000 0.0400000000 
H 9.8500000000 6.9200000000 9.2600000000 
H 0.1900000000 5.5000000000 9.8200000000 
O 0.5300000000 0.4200000000 1.8800000000 
H 9.7000000000 9.5400000000 1.8200000000 
H 0.8700000000 0.4100000000 2.8000000000 
O 4.9700000000 3.6300000000 1.1400000000 
H 5.8700000000 3.8700000000 1.2800000000 
H 4.6600000000 4.2900000000 0.4500000000 
O 6.3000000000 5.5000000000 6.1800000000 
H 6.2400000000 6.3500000000 5.7600000000 
H 7.2900000000 5.4700000000 6.4100000000 
O 8.9900000000 5.4200000000 6.4700000000 
H 9.3700000000 4.5600000000 6.7200000000 
H 9.7300000000 6.0300000000 6.1000000000 
O 1.5500000000 0.5800000000 4.2700000000 
H 1.5700000000 0.9400000000 5.2400000000 
H 2.5300000000 0.3100000000 4.2000000000 
O 0.8600000000 3.4500000000 7.1200000000 
H 1.2100000000 3.8600000000 6.3200000000 
H 1.3100000000 2.5600000000 7.0800000000 
O 3.6700000000 3.3100000000 7.8100000000 
H 2.9500000000 3.7000000000 7.2800000000 
H 3.7900000000 4.0000000000 8.4500000000 
O 4.6100000000 5.4600000000 9.1000000000 
H 3.9200000000 6.1700000000 8.9500000000 
H 5.2500000000 5.7500000000 8.4600000000 
O 8.8100000000 8.6100000000 5.7000000000 
H 9.0100000000 9.5000000000 5.3200000000 
H 7.8300000000 8.5800000000 5.6100000000 
O 2.6900000000 7.1300000000 8.4000000000 
H 2.0300000000 7.1300000000 9.1000000000 
H 2.2400000000 6.6900000000 7.6200000000 
O 7.9700000000 8.8500000000 2.4200000000 
H 7.7500000000 9.4200000000 1.6600000000 
H 7.9300000000 9.4300000000 3.1600000000 
O 2.2500000000 4.3100000000 5.1000000000 
H 2.0800000000 5.2100000000 4.8300000000 
H 3.2000000000 4.2300000000 4.7200000000 
O 8.5800000000 7.8800000000 8.5600000000 
H 8.6200000000 8.0200000000 7.6100000000 
H 8.0600000000 8.7200000000 8.8600000000 
O 8.3100000000 0.5400000000 9.7500000000 
H 9.2600000000 0.5700000000 9.7900000000 
H 7.9900000000 1.4800000000 9.6100000000 
O 1.5200000000 6.2800000000 2.7600000000 
H 1.2500000000 5.3300000000 2.9200000000 
H 1.1400000000 6.5200000000 1.9200000000 
O 6.1100000000 8.6200000000 5.5100000000 
H 5.6400000000 8.7700000000 6.3400000000 
H 5.4700000000 8.9400000000 4.7900000000 
O 1.1100000000 6.9400000000 5.3700000000 
H 1.2700000000 6.9500000000 4.3800000000 
H 0.4000000000 7.6800000000 5.4400000000 
O 4.0500000000 7.4900000000 2.8100000000 
H 3.9100000000 8.3400000000 2.3100000000 
H 3.2200000000 7.0000000000 2.6700000000 
O 5.0200000000 1.4200000000 9.4500000000 
H 5.5600000000 2.0500000000 0.1400000000 
H 4.5100000000 1.9500000000 8.8800000000 
O 4.4900000000 9.0500000000 7.7700000000 
H 3.8000000000 8.3100000000 7.8200000000 
H 4.5400000000 9.4500000000 8.6400000000 
O 7.7000000000 5.7500000000 0.3100000000 
H 7.8500000000 6.6800000000 9.7700000000 
H 7.4800000000 5.8600000000 1.2600000000 
O 4.6700000000 3.8500000000 4.0200000000 
H 5.5600000000 4.0900000000 4.3500000000 
H 4.7700000000 3.7100000000 3.0700000000 
O 4.3800000000 0.7400000000 4.5400000000 
H 5.0000000000 1.4500000000 4.8900000000 
H 4.3800000000 0.8100000000 3.5400000000 
O 3.6500000000 0.2600000000 1.8900000000 
H 4.1100000000 0.6800000000 1.1800000000 
H 2.6600000000 0.2900000000 1.7600000000 
O 6.3900000000 2.5700000000 6.3900000000 
H 6.0100000000 3.4700000000 6.3400000000 
H 6.7100000000 2.5300000000 7.3100000000 
O 6.8500000000 6.4200000000 2.9000000000 
H 5.8900000000 6.6300000000 3.0100000000 
H 7.1800000000 7.3100000000 3.0100000000 
O 7.5500000000 3.2800000000 8.8200000000 
H 7.5600000000 4.1700000000 9.1900000000 
H 8.1400000000 3.4700000000 8.0300000000 
O 7.8700000000 3.8200000000 3.3500000000 
H 8.7600000000 4.1300000000 3.1300000000 
H 7.3800000000 4.6600000000 3.3700000000 

