&CONTROL
/
&SYSTEM
   ntyp             = 2
   nat              = 96
   ibrav            = 0
/
&ELECTRONS
/
&IONS
/
&CELL
/

ATOMIC_SPECIES
O 15.999 None
H 1.008 None

K_POINTS gamma

CELL_PARAMETERS angstrom
9.86520000000000 0.00000000000000 0.00000000000000
0.00000000000000 9.86520000000000 0.00000000000000
0.00000000000000 0.00000000000000 9.86520000000000

ATOMIC_POSITIONS angstrom
O 3.2800000000 6.7600000000 6.1300000000 
H 2.5200000000 7.1600000000 5.6000000000 
H 3.6500000000 7.5400000000 6.5800000000 
O 2.0200000000 1.4700000000 2.5300000000 
H 1.6100000000 2.3100000000 2.1900000000 
H 1.8100000000 1.5600000000 3.5000000000 
O 7.3600000000 2.5700000000 2.8200000000 
H 6.7200000000 3.0000000000 2.2900000000 
H 7.2800000000 3.1000000000 3.6900000000 
O 6.2700000000 8.3400000000 0.1800000000 
H 5.9500000000 9.2100000000 0.4800000000 
H 6.3600000000 7.9800000000 1.1100000000 
O 1.1600000000 9.1800000000 4.3500000000 
H 0.3000000000 9.6000000000 4.7000000000 
H 1.0700000000 8.1900000000 4.4900000000 
O 6.2100000000 8.9200000000 4.9300000000 
H 5.6000000000 9.5800000000 5.1800000000 
H 6.3300000000 8.5200000000 5.8000000000 
O 8.4500000000 0.7500000000 4.5300000000 
H 8.0500000000 1.3200000000 3.8000000000 
H 7.8200000000 0.0200000000 4.6200000000 
O 0.4300000000 3.4700000000 1.7100000000 
H 0.4600000000 3.9100000000 0.8400000000 
H 9.3900000000 3.2100000000 1.7100000000 
O 9.7100000000 9.8400000000 1.6100000000 
H 9.5700000000 8.9000000000 2.0000000000 
H 0.6100000000 0.2900000000 2.1100000000 
O 0.0400000000 7.5800000000 8.0800000000 
H 0.5100000000 8.4400000000 7.9200000000 
H 9.0000000000 7.8500000000 7.9100000000 
O 2.4800000000 4.3300000000 7.6200000000 
H 1.6900000000 4.6200000000 8.1700000000 
H 2.8800000000 5.2000000000 7.2500000000 
O 9.3800000000 0.6600000000 7.3400000000 
H 8.7300000000 0.8800000000 8.0700000000 
H 8.7300000000 0.7000000000 6.6000000000 
O 0.4500000000 5.1600000000 9.1600000000 
H 9.4000000000 5.1500000000 9.5000000000 
H 0.4400000000 6.0700000000 8.7400000000 
O 3.6300000000 2.5300000000 9.3900000000 
H 2.8900000000 1.9600000000 9.2000000000 
H 3.6300000000 3.1200000000 8.5800000000 
O 9.1900000000 7.2100000000 2.2200000000 
H 8.9200000000 6.6600000000 1.4300000000 
H 8.2700000000 7.2700000000 2.5800000000 
O 6.1700000000 3.3200000000 5.4300000000 
H 5.4600000000 2.6100000000 5.4700000000 
H 5.5700000000 4.0400000000 5.2400000000 
O 5.1100000000 0.6700000000 1.3300000000 
H 4.6000000000 1.4500000000 0.9500000000 
H 4.7600000000 0.7400000000 2.2000000000 
O 9.4000000000 3.9300000000 4.5200000000 
H 9.7900000000 3.7700000000 3.6600000000 
H 9.8100000000 3.3000000000 5.1300000000 
O 1.6200000000 0.4900000000 9.2200000000 
H 1.4900000000 0.0600000000 0.2000000000 
H 0.7100000000 0.4000000000 8.8800000000 
O 1.3500000000 2.3000000000 5.9100000000 
H 1.6700000000 2.9700000000 6.5700000000 
H 0.7700000000 1.7100000000 6.4700000000 
O 7.9900000000 5.3100000000 0.6500000000 
H 7.3900000000 4.5800000000 0.2100000000 
H 7.2400000000 5.6100000000 1.2300000000 
O 4.9000000000 5.4900000000 4.4000000000 
H 4.3600000000 5.9200000000 5.0900000000 
H 4.3200000000 5.3100000000 3.6400000000 
O 0.9000000000 6.3800000000 4.3800000000 
H 0.4500000000 5.5500000000 4.6900000000 
H 0.4900000000 6.5000000000 3.4200000000 
O 6.4700000000 7.2700000000 2.6600000000 
H 6.5800000000 8.0100000000 3.3200000000 
H 5.9500000000 6.6800000000 3.0900000000 
O 5.4500000000 3.8400000000 1.2800000000 
H 4.8800000000 4.6300000000 1.6300000000 
H 4.8400000000 3.4200000000 0.6400000000 
O 2.8500000000 8.2600000000 2.4900000000 
H 3.1200000000 9.0000000000 1.9500000000 
H 2.2400000000 8.5900000000 3.2100000000 
O 8.1700000000 1.1600000000 9.7400000000 
H 8.6800000000 0.5800000000 0.4300000000 
H 7.3400000000 1.2600000000 0.3900000000 
O 4.0900000000 9.3200000000 7.4000000000 
H 4.7800000000 9.1000000000 8.0800000000 
H 3.4000000000 9.8400000000 7.9500000000 
O 3.4100000000 5.4600000000 2.2800000000 
H 2.6900000000 5.2700000000 1.6000000000 
H 3.2200000000 6.4600000000 2.2300000000 
O 7.4600000000 5.4200000000 6.9000000000 
H 7.2100000000 4.6900000000 6.2300000000 
H 8.3700000000 5.2800000000 6.8200000000 
O 4.2400000000 1.2000000000 5.4500000000 
H 4.0600000000 0.6800000000 6.2600000000 
H 3.3400000000 1.2900000000 4.9100000000 
O 7.1800000000 7.9800000000 7.4700000000 
H 7.2500000000 7.0400000000 7.3600000000 
H 6.8400000000 8.1200000000 8.4200000000 

