&CONTROL
/
&SYSTEM
   ntyp             = 2
   nat              = 96
   ibrav            = 0
/
&ELECTRONS
/
&IONS
/
&CELL
/

ATOMIC_SPECIES
O 15.999 None
H 1.008 None

K_POINTS gamma

CELL_PARAMETERS angstrom
9.86520000000000 0.00000000000000 0.00000000000000
0.00000000000000 9.86520000000000 0.00000000000000
0.00000000000000 0.00000000000000 9.86520000000000

ATOMIC_POSITIONS angstrom
O 8.6900000000 2.5100000000 1.7500000000 
H 9.3700000000 2.4900000000 2.4300000000 
H 7.8700000000 2.6300000000 2.2100000000 
O 4.2700000000 9.3900000000 3.3700000000 
H 4.0800000000 8.6900000000 4.0200000000 
H 3.5300000000 9.4500000000 2.6900000000 
O 1.4700000000 1.5700000000 8.5800000000 
H 2.1400000000 1.6100000000 9.3500000000 
H 1.6100000000 2.4000000000 8.1200000000 
O 4.3700000000 3.4300000000 6.8000000000 
H 5.2800000000 3.7000000000 6.9100000000 
H 4.3300000000 2.4800000000 6.4700000000 
O 6.9000000000 7.6300000000 1.3700000000 
H 7.0500000000 6.7100000000 1.0900000000 
H 5.9200000000 7.8200000000 1.0300000000 
O 4.2000000000 7.2900000000 0.9200000000 
H 3.5600000000 6.5200000000 0.8000000000 
H 3.6200000000 8.0500000000 0.9300000000 
O 3.2100000000 2.2100000000 0.7700000000 
H 3.2600000000 2.7700000000 1.6100000000 
H 4.1300000000 1.9800000000 0.5600000000 
O 0.5900000000 7.7800000000 5.3100000000 
H 9.8600000000 7.8700000000 4.5000000000 
H 0.7600000000 8.7300000000 5.5100000000 
O 3.3200000000 7.2600000000 4.8500000000 
H 2.4300000000 7.4700000000 5.0900000000 
H 3.7600000000 6.9400000000 5.6400000000 
O 6.3400000000 1.1400000000 2.4700000000 
H 6.2600000000 0.9800000000 1.4900000000 
H 5.8400000000 0.3300000000 2.8800000000 
O 0.8400000000 3.4500000000 4.0000000000 
H 0.9300000000 3.4200000000 4.9900000000 
H 1.4700000000 2.7200000000 3.7200000000 
O 0.8900000000 5.8500000000 2.5500000000 
H 1.0500000000 5.0000000000 3.0600000000 
H 0.2300000000 6.2100000000 3.1000000000 
O 3.5500000000 3.0200000000 3.3700000000 
H 3.8900000000 2.6700000000 4.1900000000 
H 3.8700000000 3.9100000000 3.3800000000 
O 6.8800000000 5.5300000000 5.1100000000 
H 7.3800000000 4.7000000000 4.9900000000 
H 6.3000000000 5.5000000000 4.3200000000 
O 8.3200000000 7.5100000000 3.4900000000 
H 7.9300000000 6.7700000000 4.0700000000 
H 7.5700000000 7.6800000000 2.8900000000 
O 4.8900000000 5.6400000000 3.1400000000 
H 4.4100000000 6.3100000000 3.6400000000 
H 4.8300000000 5.9100000000 2.2300000000 
O 5.8600000000 9.3400000000 7.4500000000 
H 5.0100000000 8.9600000000 7.0800000000 
H 6.1700000000 8.4600000000 7.7100000000 
O 3.4800000000 0.9600000000 5.7000000000 
H 2.7300000000 0.4600000000 6.1700000000 
H 3.5800000000 0.5300000000 4.7900000000 
O 1.4600000000 3.7000000000 6.6700000000 
H 2.3800000000 3.7300000000 6.6800000000 
H 1.2200000000 4.6400000000 6.8500000000 
O 8.5400000000 1.6700000000 9.1400000000 
H 9.4700000000 1.3300000000 8.9500000000 
H 8.6600000000 1.9700000000 0.2300000000 
O 5.7300000000 1.3000000000 9.5100000000 
H 6.5600000000 1.7800000000 9.2600000000 
H 5.8300000000 0.4300000000 9.0000000000 
O 2.3200000000 5.4400000000 0.4700000000 
H 1.5700000000 5.6500000000 1.1100000000 
H 2.1800000000 4.4800000000 0.4000000000 
O 8.0300000000 4.3300000000 7.9500000000 
H 8.9500000000 4.7200000000 7.8200000000 
H 8.1500000000 3.3300000000 8.0700000000 
O 0.7400000000 0.6800000000 6.1800000000 
H 1.0600000000 1.0300000000 7.0200000000 
H 9.7100000000 1.2100000000 6.1300000000 
O 0.4600000000 6.3200000000 7.4900000000 
H 0.4400000000 6.9100000000 6.6900000000 
H 0.5800000000 6.9500000000 8.2500000000 
O 9.5700000000 8.4300000000 0.8900000000 
H 9.7000000000 8.0600000000 1.7900000000 
H 8.6100000000 8.4700000000 0.9700000000 
O 7.4800000000 1.4400000000 6.4100000000 
H 8.0400000000 1.3100000000 7.2500000000 
H 6.8600000000 0.6600000000 6.3800000000 
O 6.8600000000 6.8100000000 7.6400000000 
H 6.8800000000 6.7500000000 6.6300000000 
H 7.1900000000 5.9200000000 7.9900000000 
O 4.1300000000 6.9700000000 7.6100000000 
H 3.7300000000 6.3100000000 8.2000000000 
H 5.1100000000 6.9200000000 7.8300000000 
O 7.8100000000 5.2100000000 0.6600000000 
H 8.1800000000 4.5400000000 1.2900000000 
H 7.7200000000 4.7600000000 9.6600000000 
O 7.3400000000 3.1100000000 3.9100000000 
H 7.6100000000 2.5500000000 4.6600000000 
H 6.7300000000 2.5100000000 3.4700000000 
O 2.5400000000 9.4900000000 1.3400000000 
H 2.8400000000 0.4800000000 0.8000000000 
H 1.6600000000 9.4000000000 0.9000000000 

