&CONTROL
/
&SYSTEM
   ntyp             = 2
   nat              = 96
   ibrav            = 0
/
&ELECTRONS
/
&IONS
/
&CELL
/

ATOMIC_SPECIES
O 15.999 None
H 1.008 None

K_POINTS gamma

CELL_PARAMETERS angstrom
9.86520000000000 0.00000000000000 0.00000000000000
0.00000000000000 9.86520000000000 0.00000000000000
0.00000000000000 0.00000000000000 9.86520000000000

ATOMIC_POSITIONS angstrom
O 4.8700000000 6.0000000000 7.5000000000 
H 4.1300000000 5.4600000000 7.3300000000 
H 4.7100000000 6.3000000000 8.4400000000 
O 4.7400000000 8.6200000000 1.2600000000 
H 4.4200000000 7.9100000000 0.6600000000 
H 5.1300000000 9.2400000000 0.6400000000 
O 8.4600000000 3.4200000000 6.1700000000 
H 9.2800000000 3.7500000000 6.5600000000 
H 8.5700000000 2.4900000000 6.2500000000 
O 5.5300000000 0.2900000000 9.2200000000 
H 6.4600000000 0.4900000000 8.9200000000 
H 4.9900000000 1.1000000000 9.0000000000 
O 3.4500000000 9.2900000000 7.1400000000 
H 4.3900000000 9.4500000000 6.7000000000 
H 3.6400000000 9.3100000000 8.0900000000 
O 1.8300000000 2.6700000000 5.3300000000 
H 1.6700000000 1.6600000000 5.3700000000 
H 1.3400000000 2.8900000000 4.5000000000 
O 1.8100000000 1.9200000000 2.2900000000 
H 2.0800000000 0.9600000000 2.4900000000 
H 0.8500000000 1.9300000000 2.3400000000 
O 8.5200000000 9.6500000000 8.5700000000 
H 8.5300000000 0.5300000000 9.2100000000 
H 9.2500000000 9.0600000000 9.0200000000 
O 2.9200000000 4.3700000000 1.6200000000 
H 2.5800000000 3.4400000000 1.6900000000 
H 3.1700000000 4.5300000000 2.5700000000 
O 0.2700000000 5.7800000000 7.2400000000 
H 0.0400000000 6.3000000000 6.4300000000 
H 9.3100000000 5.9300000000 7.8400000000 
O 1.3400000000 6.1300000000 3.5300000000 
H 2.1300000000 5.7100000000 3.8200000000 
H 0.8700000000 6.4600000000 4.3300000000 
O 6.6100000000 2.5100000000 2.7800000000 
H 6.4800000000 3.1000000000 2.0300000000 
H 6.3900000000 3.1100000000 3.4800000000 
O 2.6100000000 4.3100000000 7.3700000000 
H 2.2500000000 3.6000000000 6.6700000000 
H 2.0400000000 5.1000000000 7.1000000000 
O 5.3200000000 0.3100000000 3.2900000000 
H 4.9700000000 9.6400000000 2.5800000000 
H 5.7800000000 1.0900000000 2.8100000000 
O 3.5100000000 6.5400000000 0.0600000000 
H 2.5100000000 6.6300000000 0.1100000000 
H 3.5500000000 5.7400000000 0.7000000000 
O 1.5100000000 9.6400000000 5.1600000000 
H 2.1600000000 9.3300000000 5.8800000000 
H 1.9700000000 9.2800000000 4.3100000000 
O 0.8200000000 3.7000000000 9.3200000000 
H 0.7800000000 4.5700000000 0.0200000000 
H 1.4500000000 3.8300000000 8.6000000000 
O 6.1100000000 4.3400000000 5.2200000000 
H 6.8100000000 3.8900000000 5.6900000000 
H 6.4900000000 5.2400000000 5.2900000000 
O 2.1700000000 8.7500000000 2.5300000000 
H 2.1000000000 7.7100000000 2.5300000000 
H 3.0700000000 8.8300000000 2.1600000000 
O 4.0600000000 2.2900000000 8.7000000000 
H 3.9500000000 2.8900000000 7.9400000000 
H 3.6800000000 2.9200000000 9.3800000000 
O 5.9700000000 6.4800000000 2.5200000000 
H 6.3100000000 6.6800000000 3.4300000000 
H 5.5600000000 7.3700000000 2.3100000000 
O 9.3100000000 7.3200000000 5.2200000000 
H 8.3400000000 7.2200000000 5.1300000000 
H 9.6700000000 7.9700000000 4.6200000000 
O 7.0400000000 4.4700000000 0.8800000000 
H 7.4700000000 5.2300000000 0.3900000000 
H 6.5700000000 5.0500000000 1.5600000000 
O 9.0800000000 1.3000000000 3.2500000000 
H 8.3500000000 1.8600000000 3.2100000000 
H 8.8500000000 0.6700000000 3.9300000000 
O 6.6500000000 7.0300000000 5.2700000000 
H 6.0600000000 6.6900000000 6.0200000000 
H 6.4500000000 8.0400000000 5.3500000000 
O 7.7300000000 6.5100000000 8.5000000000 
H 6.9400000000 6.0300000000 8.1600000000 
H 7.6200000000 7.4900000000 8.3600000000 
O 3.4600000000 4.4200000000 4.1900000000 
H 4.3500000000 4.3700000000 4.5000000000 
H 3.0100000000 3.7100000000 4.7500000000 
O 8.7600000000 0.4000000000 6.1500000000 
H 8.6400000000 9.8400000000 7.0800000000 
H 9.6000000000 0.0400000000 5.8200000000 
O 8.3500000000 2.3300000000 9.5300000000 
H 9.3300000000 2.5400000000 9.4000000000 
H 7.9800000000 3.1800000000 0.0100000000 
O 0.6600000000 6.3800000000 0.7600000000 
H 9.7400000000 7.0000000000 0.7400000000 
H 0.6500000000 5.8700000000 1.6100000000 
O 9.7400000000 9.0400000000 1.1600000000 
H 0.8000000000 9.1500000000 1.3800000000 
H 9.1800000000 9.6000000000 1.7600000000 
O 5.9000000000 9.6200000000 5.8100000000 
H 5.5400000000 9.8500000000 4.8600000000 
H 6.6800000000 0.3400000000 5.9400000000 

