&CONTROL
/
&SYSTEM
   ntyp             = 2
   nat              = 96
   ibrav            = 0
/
&ELECTRONS
/
&IONS
/
&CELL
/

ATOMIC_SPECIES
O 15.999 None
H 1.008 None

K_POINTS gamma

CELL_PARAMETERS angstrom
9.86520000000000 0.00000000000000 0.00000000000000
0.00000000000000 9.86520000000000 0.00000000000000
0.00000000000000 0.00000000000000 9.86520000000000

ATOMIC_POSITIONS angstrom
O 3.4700000000 0.8600000000 3.2500000000 
H 3.5100000000 1.7300000000 2.8300000000 
H 2.8900000000 1.2000000000 4.0200000000 
O 1.3200000000 5.5100000000 2.6100000000 
H 0.9500000000 6.2700000000 2.1100000000 
H 0.7500000000 4.7200000000 2.3500000000 
O 2.5300000000 8.6700000000 1.8400000000 
H 2.9900000000 9.2000000000 2.5200000000 
H 1.6700000000 8.6900000000 2.1900000000 
O 3.1800000000 9.3100000000 6.6200000000 
H 2.3800000000 8.9700000000 7.0500000000 
H 2.9100000000 0.3600000000 6.4300000000 
O 5.9800000000 4.9700000000 0.3100000000 
H 6.8600000000 4.5900000000 9.7700000000 
H 6.3700000000 5.3400000000 1.1600000000 
O 3.5900000000 1.8700000000 8.3600000000 
H 3.5200000000 1.8300000000 9.3800000000 
H 3.0400000000 2.6200000000 8.0300000000 
O 8.4000000000 5.0400000000 6.3300000000 
H 7.5900000000 5.5600000000 5.9400000000 
H 9.1600000000 5.5600000000 5.9600000000 
O 9.4400000000 2.4900000000 5.2700000000 
H 8.7100000000 1.8800000000 5.5800000000 
H 9.2100000000 3.3500000000 5.7600000000 
O 9.1700000000 6.6700000000 0.4600000000 
H 8.6200000000 7.2000000000 9.7700000000 
H 9.0300000000 7.1500000000 1.2700000000 
O 8.3300000000 1.9100000000 0.2700000000 
H 8.4200000000 2.8300000000 0.0400000000 
H 7.4900000000 1.5900000000 9.7800000000 
O 9.6600000000 3.3100000000 2.4800000000 
H 0.2200000000 2.5300000000 2.0200000000 
H 9.5700000000 2.9200000000 3.3500000000 
O 4.3200000000 6.4500000000 3.2500000000 
H 4.7100000000 7.0900000000 2.6200000000 
H 3.3700000000 6.6700000000 3.1400000000 
O 7.5700000000 5.4100000000 2.7100000000 
H 8.3700000000 4.8400000000 2.6600000000 
H 7.0400000000 4.8400000000 3.3000000000 
O 5.5000000000 3.8900000000 4.0300000000 
H 4.8300000000 3.5000000000 3.3500000000 
H 5.1500000000 4.7700000000 3.9200000000 
O 0.6800000000 6.2500000000 5.2700000000 
H 0.8600000000 7.1100000000 4.8400000000 
H 0.9000000000 5.7200000000 4.4900000000 
O 0.7900000000 8.8300000000 4.1900000000 
H 1.1600000000 9.6900000000 4.5900000000 
H 0.1600000000 9.1200000000 3.4700000000 
O 6.2700000000 6.4400000000 5.4200000000 
H 5.6500000000 6.7700000000 4.8000000000 
H 5.8100000000 6.5200000000 6.2300000000 
O 5.1500000000 4.5700000000 7.4700000000 
H 5.4300000000 5.1200000000 8.2400000000 
H 5.1000000000 3.6800000000 7.8700000000 
O 1.9900000000 1.7500000000 5.3000000000 
H 1.0500000000 2.0200000000 5.1900000000 
H 2.3100000000 2.5900000000 5.7800000000 
O 5.3500000000 9.3400000000 4.7600000000 
H 4.9100000000 0.1500000000 4.1200000000 
H 4.7300000000 9.2800000000 5.5500000000 
O 3.1100000000 3.5300000000 2.6800000000 
H 2.6300000000 4.2900000000 3.1100000000 
H 3.1500000000 3.8300000000 1.7300000000 
O 2.9300000000 7.3800000000 9.3200000000 
H 2.8500000000 7.9800000000 0.2000000000 
H 2.2800000000 7.7000000000 8.6500000000 
O 2.5300000000 4.0500000000 6.6600000000 
H 1.8800000000 4.7600000000 6.5300000000 
H 3.4200000000 4.4900000000 6.8200000000 
O 5.1200000000 7.6500000000 7.6300000000 
H 4.5000000000 7.3400000000 8.3800000000 
H 4.5000000000 8.2800000000 7.1700000000 
O 9.2200000000 0.1400000000 2.2000000000 
H 8.8400000000 0.8100000000 1.5700000000 
H 8.4800000000 9.3700000000 2.3100000000 
O 3.3100000000 4.3800000000 0.1300000000 
H 4.3300000000 4.4800000000 0.1600000000 
H 2.9900000000 5.3500000000 0.1600000000 
O 6.4600000000 0.9500000000 8.3800000000 
H 6.5800000000 1.2300000000 7.4200000000 
H 5.5100000000 0.9600000000 8.4400000000 
O 7.2000000000 8.2500000000 2.6700000000 
H 7.1400000000 7.2900000000 2.7800000000 
H 6.7300000000 8.6300000000 3.4700000000 
O 8.5200000000 4.4300000000 9.0400000000 
H 8.7000000000 4.7200000000 8.1300000000 
H 9.0200000000 5.1200000000 9.6500000000 
O 6.2700000000 1.7800000000 5.8100000000 
H 5.9300000000 2.4800000000 5.3100000000 
H 5.9600000000 0.9900000000 5.3600000000 
O 0.8900000000 7.8200000000 7.5500000000 
H 9.8200000000 8.1100000000 7.7200000000 
H 0.7300000000 7.2400000000 6.7300000000 
O 7.8000000000 8.4400000000 8.6300000000 
H 7.6300000000 9.4400000000 8.6800000000 
H 6.9400000000 8.1000000000 8.3800000000 

