&CONTROL
/
&SYSTEM
   ntyp             = 2
   nat              = 96
   ibrav            = 0
/
&ELECTRONS
/
&IONS
/
&CELL
/

ATOMIC_SPECIES
O 15.999 None
H 1.008 None

K_POINTS gamma

CELL_PARAMETERS angstrom
9.86520000000000 0.00000000000000 0.00000000000000
0.00000000000000 9.86520000000000 0.00000000000000
0.00000000000000 0.00000000000000 9.86520000000000

ATOMIC_POSITIONS angstrom
O 2.6400000000 4.4600000000 0.3200000000 
H 2.7500000000 4.1200000000 9.2600000000 
H 2.7400000000 5.4400000000 0.0700000000 
O 3.2800000000 2.7100000000 2.3500000000 
H 2.4100000000 2.2400000000 2.4200000000 
H 3.1400000000 3.3000000000 1.5600000000 
O 5.3300000000 0.1200000000 5.4200000000 
H 5.5500000000 9.4200000000 4.6600000000 
H 5.7300000000 9.4700000000 6.2100000000 
O 0.5800000000 0.7200000000 2.6900000000 
H 0.8100000000 0.0100000000 2.0400000000 
H 0.6700000000 0.3700000000 3.6200000000 
O 3.9900000000 6.6900000000 3.1800000000 
H 3.1200000000 7.0400000000 2.8300000000 
H 3.7800000000 6.1500000000 3.9800000000 
O 8.2000000000 2.3600000000 2.8900000000 
H 8.9600000000 1.7500000000 2.7600000000 
H 7.3500000000 1.9300000000 2.6800000000 
O 1.4700000000 7.4000000000 2.3000000000 
H 0.5800000000 7.5000000000 1.7800000000 
H 1.0700000000 7.1400000000 3.1500000000 
O 1.3700000000 0.2400000000 9.3600000000 
H 1.1400000000 0.1400000000 8.4100000000 
H 0.9100000000 9.3500000000 9.6900000000 
O 5.4100000000 1.7300000000 8.1500000000 
H 5.3500000000 2.5600000000 7.6100000000 
H 6.2200000000 1.4500000000 7.7900000000 
O 7.6300000000 6.6400000000 5.1200000000 
H 8.4600000000 7.1300000000 5.2000000000 
H 6.9800000000 7.2400000000 4.6100000000 
O 1.9700000000 5.4200000000 4.4200000000 
H 1.3200000000 5.3100000000 5.1200000000 
H 1.4900000000 5.0700000000 3.6600000000 
O 5.4500000000 6.6200000000 9.0900000000 
H 4.5900000000 6.9600000000 9.5600000000 
H 5.7500000000 5.9700000000 0.0000000000 
O 8.4200000000 6.7300000000 8.3100000000 
H 9.0900000000 6.2200000000 7.7800000000 
H 8.4400000000 6.0900000000 9.0700000000 
O 8.9400000000 4.9200000000 3.1200000000 
H 8.3200000000 5.3900000000 3.7900000000 
H 8.5900000000 3.9700000000 3.0500000000 
O 5.7800000000 1.4000000000 2.6700000000 
H 4.9000000000 1.6400000000 2.3000000000 
H 5.6800000000 1.1000000000 3.5800000000 
O 9.2600000000 8.4800000000 0.3700000000 
H 8.3200000000 8.6800000000 0.5400000000 
H 9.0900000000 7.8200000000 9.4700000000 
O 3.5100000000 3.7200000000 7.3400000000 
H 4.0700000000 4.3400000000 6.7800000000 
H 3.4800000000 2.8700000000 6.8500000000 
O 3.9500000000 0.4300000000 0.4000000000 
H 4.4300000000 1.1300000000 9.7300000000 
H 3.0200000000 0.6600000000 0.2300000000 
O 5.8900000000 5.0200000000 6.6200000000 
H 6.5600000000 5.5800000000 6.1700000000 
H 5.7200000000 5.4200000000 7.4700000000 
O 9.1100000000 1.7000000000 5.4200000000 
H 8.5600000000 2.1500000000 6.1200000000 
H 8.8000000000 1.9900000000 4.5200000000 
O 0.6600000000 5.2900000000 6.9900000000 
H 0.0200000000 4.5000000000 7.0800000000 
H 1.5200000000 4.9000000000 7.3100000000 
O 6.2900000000 8.2000000000 3.3500000000 
H 6.3600000000 8.1100000000 2.3600000000 
H 5.3900000000 7.8200000000 3.3200000000 
O 6.4900000000 8.4400000000 7.4100000000 
H 6.0600000000 7.9100000000 8.1200000000 
H 7.2600000000 7.8400000000 7.1900000000 
O 9.5400000000 5.2600000000 0.3200000000 
H 9.4800000000 4.9900000000 1.2200000000 
H 0.5400000000 4.8900000000 0.0300000000 
O 6.5900000000 9.5100000000 0.5900000000 
H 6.1900000000 0.3300000000 1.1800000000 
H 5.9300000000 9.5800000000 9.7300000000 
O 2.9500000000 7.2400000000 0.1300000000 
H 2.4900000000 7.2900000000 1.0000000000 
H 3.1500000000 8.1900000000 9.8500000000 
O 0.1300000000 7.9000000000 5.5300000000 
H 0.3700000000 7.1900000000 6.1400000000 
H 0.1200000000 8.7200000000 6.1700000000 
O 3.1100000000 1.7500000000 5.4400000000 
H 3.9200000000 1.2900000000 5.3500000000 
H 2.9500000000 2.0100000000 4.5300000000 
O 1.1100000000 0.3100000000 6.7200000000 
H 0.4300000000 0.9500000000 6.4000000000 
H 1.9500000000 0.7800000000 6.4500000000 
O 5.9100000000 5.1300000000 1.5100000000 
H 5.3500000000 5.7900000000 1.9600000000 
H 5.5700000000 4.4100000000 2.0400000000 
O 8.2600000000 0.6800000000 8.2700000000 
H 7.6700000000 9.7500000000 8.0200000000 
H 8.8100000000 0.4000000000 9.0500000000 
O 9.0400000000 3.1600000000 7.7500000000 
H 8.8400000000 2.2900000000 8.2700000000 
H 8.7000000000 3.8600000000 8.2900000000 

