&CONTROL
/
&SYSTEM
   ntyp             = 2
   nat              = 96
   ibrav            = 0
/
&ELECTRONS
/
&IONS
/
&CELL
/

ATOMIC_SPECIES
O 15.999 None
H 1.008 None

K_POINTS gamma

CELL_PARAMETERS angstrom
9.86520000000000 0.00000000000000 0.00000000000000
0.00000000000000 9.86520000000000 0.00000000000000
0.00000000000000 0.00000000000000 9.86520000000000

ATOMIC_POSITIONS angstrom
O 1.2600000000 4.8600000000 3.4700000000 
H 1.6900000000 5.1800000000 4.3300000000 
H 1.9300000000 5.1300000000 2.8100000000 
O 5.5100000000 7.2700000000 3.5300000000 
H 5.2800000000 6.5200000000 2.9400000000 
H 6.1000000000 7.8400000000 3.1000000000 
O 6.8500000000 4.1100000000 1.3500000000 
H 7.3000000000 4.0800000000 2.2200000000 
H 7.4700000000 3.5600000000 0.8400000000 
O 8.5700000000 8.8200000000 1.5900000000 
H 8.0800000000 8.7600000000 0.7600000000 
H 9.3100000000 8.2500000000 1.4200000000 
O 1.1100000000 7.6200000000 0.4100000000 
H 1.8400000000 7.8800000000 9.5900000000 
H 1.6300000000 7.6300000000 1.2600000000 
O 6.0900000000 7.6900000000 6.3800000000 
H 6.2600000000 8.6200000000 6.1700000000 
H 5.7200000000 7.3500000000 5.4900000000 
O 2.0300000000 8.3300000000 5.4400000000 
H 2.5400000000 8.9200000000 4.8400000000 
H 1.0800000000 8.7000000000 5.2100000000 
O 7.3700000000 9.4500000000 8.6100000000 
H 7.2800000000 8.5900000000 8.2200000000 
H 8.2100000000 9.8200000000 8.2100000000 
O 9.4700000000 0.4700000000 7.4600000000 
H 0.1000000000 0.9400000000 6.7500000000 
H 0.3200000000 9.7100000000 7.7300000000 
O 1.5300000000 1.7100000000 5.6700000000 
H 2.3500000000 1.2000000000 5.3500000000 
H 1.3200000000 2.2300000000 4.9100000000 
O 2.5100000000 1.0400000000 9.5600000000 
H 2.4500000000 0.1500000000 9.0700000000 
H 3.5000000000 1.1200000000 9.6000000000 
O 4.3600000000 6.5100000000 9.1800000000 
H 5.3500000000 6.7100000000 9.2100000000 
H 4.1600000000 5.9500000000 0.0800000000 
O 7.2200000000 6.3300000000 9.5800000000 
H 8.1500000000 6.2500000000 9.3000000000 
H 7.0000000000 5.4700000000 0.2500000000 
O 2.5700000000 7.4500000000 2.6300000000 
H 3.3800000000 6.8500000000 2.6900000000 
H 2.5100000000 7.8400000000 3.4800000000 
O 2.8500000000 8.3900000000 8.1600000000 
H 3.0700000000 8.4000000000 7.2300000000 
H 3.3900000000 7.6500000000 8.6300000000 
O 4.5000000000 4.8400000000 6.6600000000 
H 4.8000000000 5.7700000000 6.7600000000 
H 3.5900000000 4.8700000000 7.0200000000 
O 5.4200000000 1.1900000000 9.7200000000 
H 6.0600000000 1.9500000000 0.0000000000 
H 5.9900000000 0.3900000000 9.3800000000 
O 1.4000000000 5.6200000000 6.0900000000 
H 0.7400000000 5.3800000000 6.7400000000 
H 1.5900000000 6.6000000000 6.1400000000 
O 1.1300000000 1.5800000000 2.5200000000 
H 1.5000000000 0.7200000000 2.6600000000 
H 1.5400000000 1.8900000000 1.6600000000 
O 6.3900000000 2.7600000000 6.9400000000 
H 5.7900000000 3.5200000000 7.0000000000 
H 7.2300000000 3.3300000000 7.0200000000 
O 8.3700000000 4.3800000000 3.5400000000 
H 9.3400000000 4.5800000000 3.5000000000 
H 7.9900000000 4.8700000000 4.2900000000 
O 9.5800000000 5.4700000000 8.6300000000 
H 0.3600000000 6.1000000000 9.0800000000 
H 0.2400000000 4.5900000000 8.4500000000 
O 4.4600000000 5.2800000000 2.1100000000 
H 4.3400000000 4.8800000000 3.0000000000 
H 5.0100000000 4.6200000000 1.7600000000 
O 6.4300000000 0.5000000000 5.6000000000 
H 6.5500000000 1.3400000000 6.1200000000 
H 7.3000000000 0.4500000000 5.1100000000 
O 9.5700000000 9.1600000000 4.2200000000 
H 9.1300000000 8.7700000000 3.4100000000 
H 9.2100000000 0.1600000000 4.2300000000 
O 8.5300000000 2.1600000000 0.2700000000 
H 9.0600000000 1.9700000000 9.3500000000 
H 8.6700000000 1.4600000000 0.9300000000 
O 4.8400000000 3.8400000000 4.2400000000 
H 5.0900000000 2.8700000000 4.0800000000 
H 4.7500000000 3.9300000000 5.1900000000 
O 8.6500000000 1.7500000000 3.7700000000 
H 8.5800000000 2.7100000000 3.7200000000 
H 9.4600000000 1.6100000000 3.1900000000 
O 3.6000000000 0.2000000000 4.4000000000 
H 4.1900000000 0.6000000000 3.6600000000 
H 4.3500000000 9.6800000000 4.9200000000 
O 0.9100000000 3.1800000000 7.8800000000 
H 1.4800000000 2.6200000000 8.5000000000 
H 1.2200000000 2.8100000000 6.9700000000 
O 5.3900000000 1.1000000000 2.5400000000 
H 5.1300000000 1.1000000000 1.6100000000 
H 6.3100000000 1.3400000000 2.5900000000 
O 7.5500000000 5.3500000000 6.6300000000 
H 7.0600000000 6.2300000000 6.7300000000 
H 8.2400000000 5.4500000000 7.3300000000 

