&CONTROL
/
&SYSTEM
   ntyp             = 2
   nat              = 96
   ibrav            = 0
/
&ELECTRONS
/
&IONS
/
&CELL
/

ATOMIC_SPECIES
O 15.999 None
H 1.008 None

K_POINTS gamma

CELL_PARAMETERS angstrom
9.86520000000000 0.00000000000000 0.00000000000000
0.00000000000000 9.86520000000000 0.00000000000000
0.00000000000000 0.00000000000000 9.86520000000000

ATOMIC_POSITIONS angstrom
O 7.6200000000 0.6300000000 2.6300000000 
H 8.5300000000 0.2800000000 2.4100000000 
H 7.8200000000 1.5700000000 2.9100000000 
O 1.6600000000 5.7600000000 9.3500000000 
H 1.5800000000 4.9700000000 8.7100000000 
H 1.2700000000 6.5400000000 8.8600000000 
O 7.1100000000 1.7400000000 5.9300000000 
H 8.0400000000 2.0300000000 5.7800000000 
H 7.1000000000 1.4900000000 6.8900000000 
O 4.2100000000 4.2500000000 3.5500000000 
H 4.1600000000 3.8100000000 2.7300000000 
H 4.5200000000 3.5300000000 4.0900000000 
O 3.7500000000 4.2000000000 7.4400000000 
H 3.9600000000 3.5000000000 6.7600000000 
H 2.7400000000 4.0300000000 7.4800000000 
O 4.8400000000 9.6000000000 2.6300000000 
H 5.7000000000 0.1400000000 2.6200000000 
H 4.5600000000 9.6800000000 3.5100000000 
O 1.1000000000 3.4600000000 7.4900000000 
H 0.8200000000 2.9100000000 8.3200000000 
H 0.4400000000 3.4100000000 6.7500000000 
O 6.5000000000 8.2000000000 9.2600000000 
H 6.7800000000 7.8000000000 0.2500000000 
H 6.5100000000 7.3800000000 8.7200000000 
O 3.7300000000 9.2200000000 5.5800000000 
H 3.9500000000 8.3100000000 5.3200000000 
H 3.7500000000 9.1600000000 6.5600000000 
O 3.5800000000 2.3400000000 1.6500000000 
H 2.5600000000 2.4800000000 1.6800000000 
H 3.6800000000 1.3700000000 1.6000000000 
O 0.5200000000 0.4200000000 2.2900000000 
H 1.2400000000 0.0700000000 1.7400000000 
H 0.9100000000 0.5600000000 3.1400000000 
O 4.5100000000 2.3100000000 5.5200000000 
H 5.5200000000 2.2500000000 5.5400000000 
H 4.2400000000 1.3300000000 5.4000000000 
O 0.2100000000 2.1700000000 9.6100000000 
H 9.3400000000 2.3900000000 0.3500000000 
H 0.3300000000 1.2800000000 0.1000000000 
O 0.2900000000 7.6700000000 8.1100000000 
H 9.8300000000 7.5000000000 7.1900000000 
H 0.3100000000 8.6200000000 8.1000000000 
O 8.2200000000 5.8000000000 8.7600000000 
H 8.2600000000 5.3400000000 7.8400000000 
H 8.7600000000 6.6100000000 8.6200000000 
O 4.6700000000 4.3400000000 0.3900000000 
H 4.2600000000 3.5100000000 0.7300000000 
H 4.5800000000 4.3100000000 9.2600000000 
O 3.7000000000 6.5200000000 1.3900000000 
H 4.2500000000 5.9700000000 0.8100000000 
H 2.8900000000 6.4300000000 0.9300000000 
O 8.0800000000 4.6300000000 6.3800000000 
H 8.1300000000 3.8500000000 5.7600000000 
H 8.7400000000 5.1900000000 5.9500000000 
O 3.7200000000 8.4300000000 8.2000000000 
H 3.7400000000 7.4100000000 8.1400000000 
H 4.6300000000 8.4700000000 8.6800000000 
O 7.0200000000 1.0300000000 8.4900000000 
H 6.9400000000 1.8200000000 9.1300000000 
H 6.7600000000 0.2200000000 8.9500000000 
O 9.4000000000 5.3800000000 1.4900000000 
H 0.2900000000 5.8200000000 1.1300000000 
H 8.8400000000 5.0400000000 0.7100000000 
O 2.7300000000 9.5100000000 0.8900000000 
H 3.4800000000 9.2500000000 1.4800000000 
H 3.0200000000 9.0900000000 0.0600000000 
O 5.4900000000 6.3000000000 7.1200000000 
H 4.7600000000 5.6000000000 7.0900000000 
H 6.2900000000 5.7600000000 6.9900000000 
O 1.0100000000 0.3200000000 5.0300000000 
H 0.5700000000 0.2900000000 5.9100000000 
H 1.9600000000 0.2800000000 5.3200000000 
O 7.5000000000 3.3400000000 1.0400000000 
H 6.7600000000 3.8600000000 0.7700000000 
H 7.5600000000 3.4300000000 2.0300000000 
O 9.4700000000 7.0200000000 5.5200000000 
H 0.2300000000 7.2900000000 4.8200000000 
H 8.5800000000 7.1800000000 5.0700000000 
O 9.6000000000 2.6000000000 4.9700000000 
H 0.0300000000 3.0300000000 4.1000000000 
H 0.3100000000 1.7800000000 4.9600000000 
O 4.2900000000 7.0100000000 4.2600000000 
H 4.2600000000 7.3700000000 3.3600000000 
H 3.9900000000 6.0700000000 4.0500000000 
O 9.5400000000 0.5200000000 7.5100000000 
H 8.5800000000 0.4800000000 7.3500000000 
H 9.7400000000 1.2800000000 8.0700000000 
O 7.4600000000 4.6600000000 3.4100000000 
H 7.9800000000 5.0800000000 2.6300000000 
H 6.8500000000 5.4100000000 3.6300000000 
O 1.1600000000 3.7500000000 2.8000000000 
H 2.0800000000 4.1600000000 2.8800000000 
H 0.7100000000 4.4600000000 2.1900000000 
O 7.3500000000 7.8100000000 3.9600000000 
H 6.3900000000 7.8100000000 4.2000000000 
H 7.4800000000 8.7400000000 3.5800000000 

