&CONTROL
/
&SYSTEM
   ntyp             = 2
   nat              = 96
   ibrav            = 0
/
&ELECTRONS
/
&IONS
/
&CELL
/

ATOMIC_SPECIES
O 15.999 None
H 1.008 None

K_POINTS gamma

CELL_PARAMETERS angstrom
9.86520000000000 0.00000000000000 0.00000000000000
0.00000000000000 9.86520000000000 0.00000000000000
0.00000000000000 0.00000000000000 9.86520000000000

ATOMIC_POSITIONS angstrom
O 7.2000000000 6.0600000000 5.2600000000 
H 7.4000000000 5.1200000000 5.3000000000 
H 7.9500000000 6.4300000000 4.6900000000 
O 2.2700000000 2.5800000000 2.5400000000 
H 1.7600000000 3.4600000000 2.4100000000 
H 1.9100000000 2.0200000000 1.7900000000 
O 7.1300000000 3.2800000000 5.3500000000 
H 6.4300000000 3.0500000000 4.7200000000 
H 6.7000000000 3.3000000000 6.2300000000 
O 1.0900000000 5.3800000000 1.2100000000 
H 1.9900000000 5.6000000000 1.4600000000 
H 1.2000000000 5.0400000000 0.2400000000 
O 1.8500000000 6.4800000000 4.9700000000 
H 2.3200000000 6.2800000000 5.7900000000 
H 1.5300000000 7.4300000000 5.1300000000 
O 5.6200000000 9.3400000000 3.6100000000 
H 5.1400000000 0.2300000000 3.0700000000 
H 5.6300000000 8.5500000000 3.0300000000 
O 4.0800000000 2.9600000000 9.1000000000 
H 4.6500000000 2.8000000000 8.3300000000 
H 4.7000000000 3.5200000000 9.6600000000 
O 8.3500000000 4.2000000000 1.0000000000 
H 8.6000000000 3.5400000000 1.7100000000 
H 9.2000000000 4.6900000000 0.9400000000 
O 1.5600000000 1.8500000000 9.4900000000 
H 1.5200000000 0.9200000000 9.1300000000 
H 2.5300000000 2.1200000000 9.3000000000 
O 0.4000000000 9.4300000000 7.9900000000 
H 0.2000000000 9.2000000000 7.0500000000 
H 0.9100000000 8.6500000000 8.2400000000 
O 2.3600000000 1.7300000000 5.2000000000 
H 2.1900000000 1.8700000000 4.2100000000 
H 1.5400000000 2.0700000000 5.6700000000 
O 9.8400000000 2.4400000000 6.3800000000 
H 9.4200000000 1.7500000000 6.9500000000 
H 9.0400000000 2.7400000000 5.9200000000 
O 6.3100000000 5.9000000000 7.7300000000 
H 7.0200000000 5.2200000000 8.0100000000 
H 6.4900000000 5.9800000000 6.7700000000 
O 4.1500000000 3.6300000000 6.3600000000 
H 4.4800000000 4.1400000000 5.5600000000 
H 3.7100000000 2.8700000000 5.9900000000 
O 8.3000000000 9.2700000000 4.3900000000 
H 8.5300000000 8.5100000000 3.8300000000 
H 7.3300000000 9.2200000000 4.3400000000 
O 3.4800000000 6.5100000000 7.5500000000 
H 4.4800000000 6.2900000000 7.5700000000 
H 3.1200000000 5.6700000000 7.8900000000 
O 4.5400000000 0.5200000000 1.2000000000 
H 4.2500000000 0.0300000000 0.4000000000 
H 3.8900000000 1.1800000000 1.1400000000 
O 1.7300000000 4.4600000000 8.3700000000 
H 1.1700000000 3.8300000000 7.9400000000 
H 2.5300000000 3.9900000000 8.4900000000 
O 3.6800000000 9.1900000000 8.6200000000 
H 3.8900000000 9.5800000000 7.7400000000 
H 3.4900000000 8.2000000000 8.4200000000 
O 8.9600000000 1.7000000000 2.5900000000 
H 8.5100000000 1.1300000000 1.9300000000 
H 8.9300000000 1.1800000000 3.3800000000 
O 5.3200000000 7.6200000000 1.4400000000 
H 4.4800000000 7.7900000000 0.9200000000 
H 5.9700000000 7.5700000000 0.6700000000 
O 5.0000000000 3.0400000000 3.3700000000 
H 3.9900000000 2.9700000000 3.2400000000 
H 5.2800000000 3.2100000000 2.4300000000 
O 0.9200000000 9.1300000000 5.3000000000 
H 1.4600000000 0.0500000000 5.2000000000 
H 0.0600000000 9.3600000000 4.9400000000 
O 8.1100000000 4.1600000000 8.2200000000 
H 7.9400000000 4.0500000000 9.2200000000 
H 8.1900000000 3.1800000000 7.9600000000 
O 5.5700000000 4.3500000000 0.9400000000 
H 6.4600000000 4.5100000000 1.3400000000 
H 5.2000000000 5.3000000000 0.8900000000 
O 9.2200000000 6.6700000000 3.3700000000 
H 0.1400000000 6.6800000000 4.0200000000 
H 9.7100000000 6.1200000000 2.6700000000 
O 8.4600000000 1.4500000000 8.4500000000 
H 8.0400000000 1.1900000000 9.2400000000 
H 9.1900000000 0.7300000000 8.4100000000 
O 7.2000000000 0.3300000000 0.9200000000 
H 6.2700000000 0.5400000000 1.1500000000 
H 7.1600000000 9.3100000000 0.4900000000 
O 3.1500000000 6.2700000000 2.5400000000 
H 3.9700000000 6.8900000000 2.5400000000 
H 2.7700000000 6.3600000000 3.4500000000 
O 9.5800000000 6.4400000000 8.3500000000 
H 9.1400000000 5.6400000000 7.9700000000 
H 0.6800000000 6.2900000000 8.2600000000 
O 4.3700000000 0.0900000000 6.1300000000 
H 3.8200000000 0.7600000000 5.6800000000 
H 4.8500000000 9.5600000000 5.3000000000 
O 7.4500000000 7.7400000000 9.6100000000 
H 8.3000000000 7.2300000000 9.5600000000 
H 7.2900000000 7.1800000000 8.7500000000 

