&CONTROL
/
&SYSTEM
   ntyp             = 2
   nat              = 96
   ibrav            = 0
/
&ELECTRONS
/
&IONS
/
&CELL
/

ATOMIC_SPECIES
O 15.999 None
H 1.008 None

K_POINTS gamma

CELL_PARAMETERS angstrom
9.86520000000000 0.00000000000000 0.00000000000000
0.00000000000000 9.86520000000000 0.00000000000000
0.00000000000000 0.00000000000000 9.86520000000000

ATOMIC_POSITIONS angstrom
O 8.5100000000 5.4900000000 1.9500000000 
H 7.8700000000 6.1800000000 2.2800000000 
H 9.2500000000 6.0200000000 1.5000000000 
O 4.6100000000 8.4800000000 3.3400000000 
H 4.5800000000 8.8900000000 4.2700000000 
H 4.4400000000 9.2300000000 2.7400000000 
O 7.4200000000 3.0600000000 1.4800000000 
H 7.8600000000 3.9100000000 1.6700000000 
H 8.2400000000 2.6800000000 1.0200000000 
O 6.9000000000 7.6500000000 1.8200000000 
H 6.1200000000 7.2100000000 2.2800000000 
H 6.7400000000 8.5400000000 2.0600000000 
O 0.8500000000 6.7800000000 0.9700000000 
H 0.7400000000 7.6700000000 1.2100000000 
H 1.7300000000 6.5500000000 1.2900000000 
O 6.2100000000 6.7500000000 5.0000000000 
H 5.5300000000 6.3300000000 5.6100000000 
H 5.7300000000 7.4800000000 4.5800000000 
O 1.7700000000 9.5500000000 5.5100000000 
H 2.7100000000 9.7500000000 5.4700000000 
H 1.4500000000 0.1500000000 4.6600000000 
O 6.2000000000 9.6900000000 7.6700000000 
H 6.3800000000 8.9000000000 8.1700000000 
H 7.1500000000 0.0200000000 7.4000000000 
O 8.6800000000 0.1100000000 6.7300000000 
H 9.1100000000 0.4400000000 5.9200000000 
H 8.9600000000 9.0500000000 6.8300000000 
O 2.5200000000 0.6800000000 8.1200000000 
H 2.1200000000 0.7500000000 7.1700000000 
H 2.7400000000 9.5400000000 8.2100000000 
O 3.6000000000 0.4100000000 1.5100000000 
H 3.2100000000 9.6900000000 0.8900000000 
H 4.1400000000 1.0300000000 0.9400000000 
O 6.1200000000 5.5400000000 9.1400000000 
H 6.5400000000 6.4000000000 9.1000000000 
H 5.5200000000 5.5400000000 0.0300000000 
O 7.6600000000 7.8800000000 9.2200000000 
H 8.6200000000 8.0800000000 9.1800000000 
H 7.5700000000 7.9100000000 0.3200000000 
O 3.4900000000 6.4700000000 1.6700000000 
H 3.8200000000 5.5500000000 1.8600000000 
H 3.8600000000 6.9300000000 2.4300000000 
O 3.4500000000 8.1000000000 9.2100000000 
H 3.0900000000 7.2800000000 8.7200000000 
H 3.4800000000 7.7100000000 0.2400000000 
O 4.4400000000 5.4000000000 6.5900000000 
H 3.6000000000 5.6400000000 7.1200000000 
H 5.2000000000 5.1300000000 7.1700000000 
O 5.5000000000 1.6600000000 9.6500000000 
H 5.9700000000 2.5600000000 9.6700000000 
H 5.8500000000 1.1900000000 8.8300000000 
O 0.3300000000 7.4900000000 6.7000000000 
H 1.0200000000 6.9200000000 7.0700000000 
H 0.8500000000 8.1100000000 6.1900000000 
O 0.1700000000 9.6000000000 1.3600000000 
H 0.3400000000 0.3100000000 2.1500000000 
H 0.2500000000 0.4100000000 0.6700000000 
O 7.4100000000 3.6600000000 7.9000000000 
H 6.8900000000 4.2900000000 8.4100000000 
H 8.0200000000 4.2600000000 7.3600000000 
O 0.1800000000 3.8600000000 3.6700000000 
H 9.6000000000 4.1700000000 2.8500000000 
H 9.7500000000 4.5300000000 4.2800000000 
O 2.1000000000 5.5900000000 8.3600000000 
H 1.5200000000 5.8900000000 9.1400000000 
H 2.2200000000 4.6400000000 8.6200000000 
O 4.9700000000 4.1200000000 1.5500000000 
H 4.6100000000 3.7800000000 2.3700000000 
H 5.8900000000 3.6300000000 1.5200000000 
O 6.3900000000 2.5500000000 5.4900000000 
H 6.6400000000 2.9700000000 6.3300000000 
H 7.2700000000 2.0900000000 5.2900000000 
O 8.5600000000 1.4600000000 4.1600000000 
H 8.7500000000 2.3600000000 3.8000000000 
H 8.4900000000 1.0200000000 3.2800000000 
O 9.5800000000 2.3000000000 0.1100000000 
H 0.6100000000 2.7800000000 0.0000000000 
H 9.1200000000 2.4300000000 9.1000000000 
O 4.3800000000 3.7300000000 4.1700000000 
H 5.2600000000 3.3700000000 4.5700000000 
H 3.9200000000 3.8400000000 5.0000000000 
O 6.5100000000 0.5600000000 2.1800000000 
H 5.8300000000 0.7100000000 1.4500000000 
H 6.7500000000 1.5400000000 2.3000000000 
O 4.5600000000 0.4100000000 5.6600000000 
H 4.9100000000 1.3300000000 5.5100000000 
H 5.0100000000 0.3200000000 6.5800000000 
O 2.3800000000 3.0500000000 9.3400000000 
H 2.5100000000 2.1300000000 8.9400000000 
H 3.3000000000 3.2900000000 9.7600000000 
O 1.5600000000 1.4900000000 3.3000000000 
H 2.4100000000 1.4200000000 2.7600000000 
H 1.5900000000 2.4200000000 3.6400000000 
O 8.6100000000 5.2900000000 5.5200000000 
H 7.9300000000 5.8900000000 5.0900000000 
H 9.1800000000 5.9300000000 5.9900000000 

