&CONTROL
/
&SYSTEM
   ntyp             = 2
   nat              = 96
   ibrav            = 0
/
&ELECTRONS
/
&IONS
/
&CELL
/

ATOMIC_SPECIES
O 15.999 None
H 1.008 None

K_POINTS gamma

CELL_PARAMETERS angstrom
9.86520000000000 0.00000000000000 0.00000000000000
0.00000000000000 9.86520000000000 0.00000000000000
0.00000000000000 0.00000000000000 9.86520000000000

ATOMIC_POSITIONS angstrom
O 8.7300000000 3.5900000000 5.5300000000 
H 8.9200000000 4.4900000000 5.1500000000 
H 9.6100000000 3.4100000000 5.9700000000 
O 9.3700000000 6.1300000000 4.5900000000 
H 8.5900000000 6.4500000000 4.1600000000 
H 9.8100000000 5.7600000000 3.8800000000 
O 1.8700000000 3.5000000000 8.4600000000 
H 1.6300000000 3.6000000000 7.5100000000 
H 1.3500000000 4.1300000000 8.8900000000 
O 7.2700000000 6.4000000000 2.6300000000 
H 8.0200000000 5.8300000000 2.3900000000 
H 7.3000000000 7.0800000000 1.9100000000 
O 4.6100000000 5.4200000000 2.7300000000 
H 4.1800000000 6.1500000000 3.2500000000 
H 5.5900000000 5.5500000000 2.8400000000 
O 7.2200000000 8.3400000000 0.7800000000 
H 7.3500000000 9.1400000000 1.2900000000 
H 7.8600000000 8.5300000000 0.0200000000 
O 7.9500000000 9.2900000000 5.6200000000 
H 7.3900000000 0.1500000000 5.2000000000 
H 8.8500000000 9.6000000000 5.3700000000 
O 9.3700000000 1.4500000000 8.4200000000 
H 9.3300000000 0.5200000000 8.6700000000 
H 0.0200000000 1.3600000000 7.5400000000 
O 1.5900000000 7.3100000000 0.1400000000 
H 2.0500000000 6.4300000000 0.1900000000 
H 2.2900000000 7.8800000000 9.6000000000 
O 6.7300000000 1.7200000000 9.3900000000 
H 6.1800000000 2.2300000000 8.8500000000 
H 7.5100000000 1.5200000000 8.8100000000 
O 9.2400000000 4.4600000000 9.2300000000 
H 8.4400000000 4.8500000000 8.7100000000 
H 9.1000000000 3.5500000000 9.0800000000 
O 7.7400000000 1.0100000000 2.0400000000 
H 8.5700000000 1.4600000000 1.6400000000 
H 7.0100000000 1.2200000000 1.4300000000 
O 9.4100000000 8.6400000000 8.8800000000 
H 0.3400000000 8.1800000000 9.3300000000 
H 9.5700000000 8.2700000000 7.9900000000 
O 1.2600000000 0.3200000000 3.4400000000 
H 0.9800000000 9.3500000000 2.9800000000 
H 1.2500000000 0.9500000000 2.6700000000 
O 4.5400000000 0.5400000000 5.1900000000 
H 3.9800000000 1.3700000000 5.1100000000 
H 5.3900000000 0.9600000000 4.8800000000 
O 5.3500000000 7.9400000000 5.9000000000 
H 6.3000000000 8.2100000000 5.7300000000 
H 4.8300000000 8.6900000000 5.4300000000 
O 7.0100000000 1.7600000000 4.5800000000 
H 7.7800000000 2.3300000000 4.9200000000 
H 7.2300000000 1.6200000000 3.6200000000 
O 3.3300000000 8.3400000000 7.9100000000 
H 3.9600000000 7.7400000000 8.3200000000 
H 3.8100000000 8.6600000000 7.1000000000 
O 2.5100000000 4.4200000000 1.3200000000 
H 3.0900000000 3.7800000000 0.8300000000 
H 3.2400000000 4.7900000000 1.9400000000 
O 0.3800000000 6.7200000000 7.1500000000 
H 0.3100000000 6.5200000000 6.1700000000 
H 1.3600000000 6.8500000000 7.3000000000 
O 0.3600000000 2.3100000000 1.2500000000 
H 1.0400000000 3.0300000000 1.4900000000 
H 0.3100000000 2.2800000000 0.3200000000 
O 1.4700000000 0.3300000000 6.3500000000 
H 2.0700000000 9.4400000000 6.5000000000 
H 1.5200000000 0.4800000000 5.3700000000 
O 2.8400000000 6.6900000000 5.3100000000 
H 2.9000000000 7.1100000000 4.4200000000 
H 3.4800000000 7.0800000000 5.8000000000 
O 3.4100000000 8.2400000000 2.9700000000 
H 4.0600000000 8.5600000000 2.2800000000 
H 2.8800000000 9.0100000000 3.1700000000 
O 4.6500000000 3.4700000000 8.8400000000 
H 4.7900000000 4.4300000000 9.0100000000 
H 3.7300000000 3.4400000000 8.4100000000 
O 9.6500000000 5.3100000000 2.0600000000 
H 9.2100000000 4.6000000000 1.5900000000 
H 0.4100000000 5.7800000000 1.3900000000 
O 2.6100000000 1.0600000000 9.3300000000 
H 2.9500000000 0.5500000000 8.5500000000 
H 2.2800000000 1.9400000000 8.8900000000 
O 7.4600000000 5.5100000000 7.4900000000 
H 7.9100000000 6.3000000000 7.1400000000 
H 7.6300000000 4.9000000000 6.6900000000 
O 5.3900000000 6.5200000000 9.1000000000 
H 6.0300000000 6.1600000000 8.4200000000 
H 5.8600000000 7.0800000000 9.7500000000 
O 4.2300000000 2.0600000000 1.5700000000 
H 3.7000000000 1.5700000000 0.9300000000 
H 4.8400000000 2.3800000000 0.8400000000 
O 3.5800000000 2.8800000000 4.1700000000 
H 3.5000000000 2.3700000000 3.3400000000 
H 4.1300000000 3.6000000000 3.8400000000 
O 1.6400000000 3.8300000000 5.8700000000 
H 2.2000000000 3.1700000000 5.2800000000 
H 2.1300000000 4.6400000000 5.8000000000 

