&CONTROL
/
&SYSTEM
   ntyp             = 2
   nat              = 96
   ibrav            = 0
/
&ELECTRONS
/
&IONS
/
&CELL
/

ATOMIC_SPECIES
O 15.999 None
H 1.008 None

K_POINTS gamma

CELL_PARAMETERS angstrom
9.86520000000000 0.00000000000000 0.00000000000000
0.00000000000000 9.86520000000000 0.00000000000000
0.00000000000000 0.00000000000000 9.86520000000000

ATOMIC_POSITIONS angstrom
O 8.8900000000 0.3100000000 7.1800000000 
H 8.7300000000 9.2500000000 7.3800000000 
H 8.5100000000 0.6100000000 8.0900000000 
O 3.5100000000 7.4700000000 3.1600000000 
H 3.8100000000 7.9000000000 4.0300000000 
H 2.6000000000 7.8400000000 2.9900000000 
O 6.1900000000 8.9100000000 4.2300000000 
H 5.7200000000 9.1900000000 5.0200000000 
H 5.6600000000 9.3500000000 3.5300000000 
O 6.4200000000 1.0600000000 8.5700000000 
H 6.8800000000 1.7900000000 9.0900000000 
H 5.4700000000 1.3300000000 8.6600000000 
O 3.5400000000 3.5000000000 6.0800000000 
H 3.4200000000 4.0200000000 6.9200000000 
H 2.6400000000 3.5700000000 5.7000000000 
O 6.2700000000 5.1600000000 7.6700000000 
H 6.5600000000 4.7800000000 6.8100000000 
H 5.8600000000 6.0500000000 7.3400000000 
O 1.6500000000 0.5400000000 6.0500000000 
H 0.7100000000 0.3600000000 6.3300000000 
H 2.0000000000 1.0400000000 6.8600000000 
O 8.1000000000 0.9100000000 2.9700000000 
H 8.2100000000 1.5600000000 3.6600000000 
H 7.9400000000 0.0400000000 3.4200000000 
O 3.8000000000 1.7000000000 8.7500000000 
H 2.9200000000 1.2700000000 8.9600000000 
H 3.6500000000 2.6400000000 8.6500000000 
O 0.8500000000 7.3800000000 2.5200000000 
H 1.0100000000 6.6300000000 1.9500000000 
H 0.6600000000 7.0400000000 3.4400000000 
O 7.2500000000 7.4700000000 0.8000000000 
H 6.3500000000 7.7300000000 0.6600000000 
H 7.1300000000 6.4900000000 0.8100000000 
O 1.4100000000 6.3600000000 8.5400000000 
H 2.3600000000 6.1700000000 8.5200000000 
H 1.3700000000 6.0500000000 9.4800000000 
O 1.2400000000 5.0900000000 1.0700000000 
H 0.7500000000 4.5000000000 1.5900000000 
H 2.1500000000 4.7200000000 1.3000000000 
O 8.6400000000 7.1300000000 7.6000000000 
H 7.9900000000 6.5300000000 8.0300000000 
H 9.5700000000 6.7900000000 7.8300000000 
O 4.4800000000 0.9900000000 1.6400000000 
H 3.7700000000 1.1400000000 0.9900000000 
H 4.0500000000 1.1000000000 2.5300000000 
O 3.5500000000 1.4300000000 4.1000000000 
H 3.0800000000 1.0900000000 4.9500000000 
H 3.9700000000 2.1800000000 4.6000000000 
O 5.4700000000 3.3200000000 2.5900000000 
H 6.1400000000 3.7400000000 1.9900000000 
H 5.2700000000 2.3600000000 2.3600000000 
O 1.3000000000 1.1800000000 9.6800000000 
H 0.6800000000 0.4200000000 9.7900000000 
H 1.1100000000 1.7000000000 0.6200000000 
O 3.4900000000 8.5400000000 5.6900000000 
H 2.6800000000 8.9500000000 6.1000000000 
H 4.1000000000 8.3800000000 6.4500000000 
O 9.6100000000 6.4800000000 4.7500000000 
H 8.7300000000 6.5000000000 4.2300000000 
H 9.4300000000 7.2200000000 5.4300000000 
O 6.7000000000 4.7600000000 0.4600000000 
H 7.1400000000 3.9100000000 0.5000000000 
H 6.3900000000 4.8400000000 9.3800000000 
O 1.5100000000 2.3400000000 2.4700000000 
H 0.7900000000 1.8700000000 2.8300000000 
H 2.3100000000 2.0400000000 2.9300000000 
O 0.9900000000 4.5600000000 6.3100000000 
H 1.1200000000 5.3100000000 6.9600000000 
H 0.6900000000 5.1300000000 5.5100000000 
O 5.3200000000 7.9500000000 7.4600000000 
H 6.1900000000 8.4000000000 7.5400000000 
H 4.9000000000 7.9200000000 8.3300000000 
O 4.1300000000 5.4100000000 1.6400000000 
H 4.1600000000 6.1400000000 2.3400000000 
H 4.6100000000 4.7000000000 2.0900000000 
O 7.3100000000 6.5600000000 3.4900000000 
H 7.1000000000 6.4900000000 2.5100000000 
H 6.7600000000 7.3000000000 3.8400000000 
O 3.7700000000 4.8200000000 8.9000000000 
H 4.6400000000 4.8800000000 8.4700000000 
H 4.0100000000 4.8400000000 0.0300000000 
O 6.5500000000 4.3500000000 4.7300000000 
H 6.8800000000 5.2400000000 4.4500000000 
H 6.2100000000 3.9000000000 3.9200000000 
O 8.0700000000 2.2300000000 0.6000000000 
H 8.1000000000 1.5900000000 1.3800000000 
H 8.9100000000 2.1800000000 0.2400000000 
O 9.3700000000 9.2100000000 0.4300000000 
H 9.7800000000 8.8900000000 1.2600000000 
H 8.4800000000 8.8100000000 0.4500000000 
O 9.0900000000 2.7800000000 4.7600000000 
H 9.7200000000 3.2000000000 5.4200000000 
H 8.3900000000 3.4700000000 4.7700000000 
O 4.5900000000 8.3700000000 0.3500000000 
H 4.6000000000 9.3600000000 0.5100000000 
H 4.0500000000 7.9900000000 1.0200000000 

