&CONTROL
/
&SYSTEM
   ntyp             = 2
   nat              = 96
   ibrav            = 0
/
&ELECTRONS
/
&IONS
/
&CELL
/

ATOMIC_SPECIES
O 15.999 None
H 1.008 None

K_POINTS gamma

CELL_PARAMETERS angstrom
9.86520000000000 0.00000000000000 0.00000000000000
0.00000000000000 9.86520000000000 0.00000000000000
0.00000000000000 0.00000000000000 9.86520000000000

ATOMIC_POSITIONS angstrom
O 4.6500000000 8.1100000000 3.3000000000 
H 5.5800000000 8.3100000000 3.0300000000 
H 4.8200000000 7.4600000000 4.0000000000 
O 8.3300000000 2.9100000000 8.7400000000 
H 9.2500000000 3.2500000000 8.8900000000 
H 7.9000000000 3.4300000000 9.4300000000 
O 7.4800000000 5.1700000000 4.5500000000 
H 8.4600000000 5.2600000000 4.6100000000 
H 7.4200000000 4.7400000000 3.6600000000 
O 5.4500000000 6.6400000000 5.3800000000 
H 6.0600000000 6.1300000000 4.8600000000 
H 6.0000000000 6.9100000000 6.1600000000 
O 1.4400000000 2.1800000000 1.4000000000 
H 1.2300000000 1.7200000000 0.5700000000 
H 1.6800000000 1.3800000000 1.9800000000 
O 5.2000000000 2.5000000000 4.4400000000 
H 5.7000000000 2.7400000000 5.2600000000 
H 4.8200000000 1.5900000000 4.6500000000 
O 3.4900000000 3.3400000000 7.8200000000 
H 4.2400000000 2.7200000000 7.7100000000 
H 2.7300000000 2.7800000000 7.4900000000 
O 7.1500000000 8.7500000000 2.0400000000 
H 7.1900000000 9.5400000000 1.4200000000 
H 7.8700000000 8.9300000000 2.6300000000 
O 4.4000000000 0.2700000000 6.5300000000 
H 3.5800000000 9.8000000000 6.1700000000 
H 4.3000000000 0.3200000000 7.5000000000 
O 2.7200000000 0.3000000000 2.6100000000 
H 3.4700000000 9.4900000000 2.4800000000 
H 2.1600000000 9.4200000000 3.0000000000 
O 9.4800000000 2.0900000000 3.3900000000 
H 0.3100000000 2.4500000000 2.8400000000 
H 9.4700000000 1.1700000000 3.1600000000 
O 4.1600000000 0.6500000000 9.4300000000 
H 3.5700000000 9.7800000000 9.6900000000 
H 3.7700000000 1.4600000000 0.0000000000 
O 6.6500000000 0.9400000000 0.4300000000 
H 5.6900000000 0.8900000000 0.1600000000 
H 7.1200000000 1.1600000000 9.4700000000 
O 1.1400000000 1.3000000000 8.5500000000 
H 0.7400000000 1.8000000000 7.7900000000 
H 0.7200000000 0.4100000000 8.5600000000 
O 8.3000000000 6.4300000000 9.6700000000 
H 7.8100000000 6.3100000000 8.8700000000 
H 7.6400000000 6.7600000000 0.4400000000 
O 3.4000000000 4.5300000000 4.2700000000 
H 3.9000000000 3.7100000000 4.0900000000 
H 3.5100000000 4.8400000000 5.2100000000 
O 0.4800000000 4.5800000000 9.5000000000 
H 9.7400000000 5.3600000000 9.4700000000 
H 1.0000000000 4.8000000000 0.4600000000 
O 0.8500000000 8.4000000000 5.9200000000 
H 1.6900000000 8.0000000000 6.3600000000 
H 0.4700000000 9.0100000000 6.6300000000 
O 9.7400000000 9.1700000000 3.4100000000 
H 0.5000000000 8.5300000000 2.9600000000 
H 0.0800000000 8.8500000000 4.2900000000 
O 3.2100000000 7.2700000000 6.6900000000 
H 3.9800000000 7.2400000000 6.1300000000 
H 3.4600000000 6.6500000000 7.4300000000 
O 7.3000000000 0.4300000000 7.1600000000 
H 7.4700000000 1.4200000000 7.1600000000 
H 6.4700000000 0.3900000000 6.6800000000 
O 2.3100000000 8.3800000000 9.6200000000 
H 1.3400000000 8.3200000000 9.6600000000 
H 2.7000000000 7.4900000000 9.3500000000 
O 5.4400000000 6.9900000000 0.2800000000 
H 5.3000000000 7.4700000000 1.1300000000 
H 4.5500000000 6.6300000000 0.1300000000 
O 0.5200000000 2.5500000000 6.1300000000 
H 0.4900000000 2.4500000000 5.1400000000 
H 0.2400000000 3.4800000000 6.2300000000 
O 7.5800000000 3.5500000000 2.2000000000 
H 8.3200000000 3.0900000000 2.6000000000 
H 7.0300000000 2.8500000000 1.8700000000 
O 9.4000000000 8.9100000000 8.3200000000 
H 8.5200000000 9.4200000000 8.0500000000 
H 9.2800000000 7.9800000000 8.5100000000 
O 2.4500000000 4.6600000000 1.6900000000 
H 2.7300000000 4.5400000000 2.6300000000 
H 2.2500000000 3.7000000000 1.3700000000 
O 1.9300000000 7.1900000000 2.8000000000 
H 2.9000000000 7.0500000000 2.7300000000 
H 1.7000000000 6.3300000000 2.4200000000 
O 6.4700000000 7.5800000000 7.6000000000 
H 6.0300000000 7.5000000000 8.4700000000 
H 6.7200000000 8.5500000000 7.6100000000 
O 6.6600000000 3.2000000000 6.5600000000 
H 7.2400000000 3.2400000000 7.3600000000 
H 7.0400000000 3.7700000000 5.8900000000 
O 0.5200000000 5.4300000000 5.2300000000 
H 1.3200000000 5.1300000000 4.8200000000 
H 0.6900000000 6.4000000000 5.4200000000 
O 3.3100000000 5.7100000000 9.2100000000 
H 3.0500000000 5.2400000000 0.2000000000 
H 3.3400000000 4.9400000000 8.5500000000 

