&CONTROL
/
&SYSTEM
   ntyp             = 2
   nat              = 96
   ibrav            = 0
/
&ELECTRONS
/
&IONS
/
&CELL
/

ATOMIC_SPECIES
O 15.999 None
H 1.008 None

K_POINTS gamma

CELL_PARAMETERS angstrom
9.86520000000000 0.00000000000000 0.00000000000000
0.00000000000000 9.86520000000000 0.00000000000000
0.00000000000000 0.00000000000000 9.86520000000000

ATOMIC_POSITIONS angstrom
O 0.2600000000 7.5100000000 4.4100000000 
H 9.2300000000 7.1200000000 4.3200000000 
H 0.7000000000 7.0900000000 3.5800000000 
O 1.5200000000 2.3800000000 7.4300000000 
H 0.6400000000 1.9300000000 7.5300000000 
H 1.4400000000 2.8500000000 6.5700000000 
O 7.4400000000 9.0700000000 0.1600000000 
H 7.6000000000 9.4200000000 1.0800000000 
H 6.5500000000 9.2800000000 9.6600000000 
O 3.6000000000 6.5600000000 5.6500000000 
H 3.1000000000 6.1600000000 6.4400000000 
H 3.5100000000 5.7800000000 5.0400000000 
O 5.4100000000 8.4600000000 6.7000000000 
H 4.6800000000 9.1000000000 6.9200000000 
H 4.9100000000 7.6900000000 6.1900000000 
O 6.7500000000 2.5000000000 0.6400000000 
H 7.3600000000 2.7200000000 9.7300000000 
H 6.2700000000 1.7700000000 0.2800000000 
O 4.1000000000 0.9900000000 6.7900000000 
H 3.9900000000 1.5600000000 5.9900000000 
H 3.2300000000 0.7200000000 6.9700000000 
O 4.6600000000 8.4300000000 2.6200000000 
H 4.3500000000 8.9400000000 3.3900000000 
H 5.4900000000 8.8500000000 2.5200000000 
O 4.1600000000 2.4900000000 4.1400000000 
H 3.5400000000 3.2300000000 4.2100000000 
H 3.6200000000 1.9500000000 3.4900000000 
O 2.9300000000 3.5000000000 9.7500000000 
H 2.3200000000 4.2000000000 0.1100000000 
H 2.6600000000 3.1800000000 8.8600000000 
O 0.6800000000 1.1200000000 4.3200000000 
H 1.2300000000 1.4100000000 3.5300000000 
H 1.1800000000 0.3600000000 4.6700000000 
O 6.5300000000 3.6700000000 3.4300000000 
H 5.7500000000 3.2000000000 3.7100000000 
H 6.8200000000 3.2800000000 2.5700000000 
O 1.1800000000 6.4800000000 2.1900000000 
H 0.5500000000 6.3700000000 1.4000000000 
H 2.0400000000 6.5500000000 1.7700000000 
O 0.2200000000 4.0700000000 5.5900000000 
H 9.3500000000 4.7100000000 5.2900000000 
H 9.6200000000 3.2300000000 5.7100000000 
O 0.2600000000 4.5000000000 9.7000000000 
H 9.5900000000 3.7000000000 9.4400000000 
H 9.4700000000 5.2300000000 9.8300000000 
O 4.9000000000 0.4600000000 9.2200000000 
H 4.0000000000 0.4800000000 9.6100000000 
H 4.7500000000 0.7700000000 8.3400000000 
O 3.5900000000 6.5300000000 1.1600000000 
H 4.1500000000 5.8800000000 0.7600000000 
H 4.1700000000 7.1500000000 1.6500000000 
O 6.4500000000 5.4000000000 6.8000000000 
H 5.6400000000 5.1100000000 7.2500000000 
H 6.8600000000 6.0700000000 7.3300000000 
O 2.2000000000 9.0500000000 5.6400000000 
H 1.3900000000 8.4300000000 5.5700000000 
H 2.8900000000 8.3100000000 5.7700000000 
O 8.1800000000 3.3500000000 8.3400000000 
H 8.5800000000 2.7700000000 7.6400000000 
H 7.6600000000 3.9600000000 7.8100000000 
O 8.4900000000 9.6300000000 2.5500000000 
H 7.9500000000 0.1900000000 3.2700000000 
H 9.3200000000 9.4900000000 2.9900000000 
O 1.8500000000 5.4200000000 7.2700000000 
H 1.3600000000 4.8400000000 6.5600000000 
H 1.5200000000 5.1400000000 8.1300000000 
O 8.1500000000 6.5200000000 0.7600000000 
H 7.6500000000 7.3800000000 0.6400000000 
H 7.4600000000 6.0300000000 1.2300000000 
O 2.5200000000 4.6400000000 4.1900000000 
H 1.6700000000 4.3900000000 4.6400000000 
H 2.1400000000 5.3600000000 3.5800000000 
O 5.2800000000 4.7400000000 9.3600000000 
H 4.3500000000 4.5500000000 9.1300000000 
H 5.5100000000 3.9800000000 0.0900000000 
O 8.0500000000 9.0100000000 7.4900000000 
H 7.9600000000 9.1600000000 8.5000000000 
H 7.1600000000 8.7800000000 7.2200000000 
O 8.8600000000 1.6100000000 6.3600000000 
H 9.2900000000 1.2400000000 5.5500000000 
H 8.4600000000 0.7900000000 6.7200000000 
O 2.3800000000 1.6300000000 2.1800000000 
H 2.2600000000 1.0400000000 1.4300000000 
H 2.6200000000 2.4600000000 1.6300000000 
O 2.2500000000 9.6100000000 0.4300000000 
H 1.5200000000 9.1700000000 9.8100000000 
H 2.7100000000 8.8200000000 0.8300000000 
O 6.4600000000 0.4100000000 4.6800000000 
H 5.9100000000 1.1600000000 5.1300000000 
H 6.1800000000 9.5400000000 5.3200000000 
O 8.0400000000 5.5800000000 4.5300000000 
H 7.3600000000 5.5700000000 5.2300000000 
H 7.6900000000 4.8000000000 3.9700000000 
O 0.2500000000 8.1600000000 9.1100000000 
H 9.6700000000 8.2300000000 8.1900000000 
H 9.4100000000 8.1300000000 9.8000000000 

