&CONTROL
/
&SYSTEM
   ntyp             = 2
   nat              = 96
   ibrav            = 0
/
&ELECTRONS
/
&IONS
/
&CELL
/

ATOMIC_SPECIES
O 15.999 None
H 1.008 None

K_POINTS gamma

CELL_PARAMETERS angstrom
9.86520000000000 0.00000000000000 0.00000000000000
0.00000000000000 9.86520000000000 0.00000000000000
0.00000000000000 0.00000000000000 9.86520000000000

ATOMIC_POSITIONS angstrom
O 6.3900000000 1.6600000000 4.3300000000 
H 7.0300000000 1.8500000000 5.1100000000 
H 6.4000000000 0.6600000000 4.4200000000 
O 7.4800000000 1.0500000000 0.3800000000 
H 8.3100000000 0.8500000000 9.7500000000 
H 7.5400000000 1.9800000000 0.7400000000 
O 9.5200000000 5.5200000000 7.7400000000 
H 8.9600000000 6.1800000000 7.1900000000 
H 0.4700000000 6.1100000000 7.7300000000 
O 1.2700000000 2.4900000000 5.2300000000 
H 2.2100000000 2.7500000000 5.4200000000 
H 1.3700000000 2.6000000000 4.1900000000 
O 9.8000000000 0.8600000000 8.9500000000 
H 0.3400000000 1.7000000000 8.5400000000 
H 0.5100000000 0.7800000000 9.7100000000 
O 4.5500000000 5.1200000000 9.4300000000 
H 5.5600000000 5.0800000000 9.5800000000 
H 4.4700000000 5.1900000000 8.4600000000 
O 6.8400000000 6.5000000000 3.4600000000 
H 7.7300000000 6.1800000000 3.7600000000 
H 6.9400000000 7.0000000000 2.6100000000 
O 1.7700000000 5.2100000000 0.5800000000 
H 2.6400000000 5.5500000000 0.2100000000 
H 1.5100000000 6.0300000000 1.1100000000 
O 3.4800000000 7.5200000000 1.7500000000 
H 3.8000000000 6.9200000000 2.4300000000 
H 3.1100000000 8.2200000000 2.3500000000 
O 9.2900000000 5.3900000000 3.9100000000 
H 0.1300000000 5.0300000000 4.5300000000 
H 9.7800000000 5.9800000000 3.3400000000 
O 4.1300000000 8.3000000000 6.4700000000 
H 3.5200000000 8.3500000000 5.6600000000 
H 4.3400000000 7.4200000000 6.6400000000 
O 5.0700000000 7.9600000000 9.3700000000 
H 4.3000000000 7.8600000000 0.0600000000 
H 5.7700000000 8.0000000000 0.3100000000 
O 8.3900000000 9.7500000000 6.6900000000 
H 8.1600000000 0.8400000000 6.4600000000 
H 8.9500000000 0.0000000000 7.5100000000 
O 7.3200000000 5.2500000000 9.1000000000 
H 8.1300000000 5.0400000000 8.6300000000 
H 7.3200000000 6.2200000000 8.9200000000 
O 3.2500000000 9.3200000000 4.0100000000 
H 3.3000000000 0.1800000000 3.3300000000 
H 2.4100000000 9.5200000000 4.4100000000 
O 0.6500000000 9.6600000000 4.9000000000 
H 0.9000000000 0.7500000000 5.1800000000 
H 9.7400000000 9.6000000000 5.4900000000 
O 0.6400000000 2.7200000000 2.2700000000 
H 9.5800000000 2.9500000000 1.9700000000 
H 0.9400000000 2.0600000000 1.7200000000 
O 4.2700000000 1.4700000000 2.4300000000 
H 4.0300000000 2.4800000000 2.2700000000 
H 5.1000000000 1.5400000000 2.9200000000 
O 2.1800000000 0.8100000000 0.5900000000 
H 2.9500000000 1.0600000000 1.1000000000 
H 2.6500000000 0.6100000000 9.5700000000 
O 3.3500000000 3.0500000000 7.3400000000 
H 3.8100000000 2.2300000000 7.6500000000 
H 2.5200000000 3.0200000000 7.8800000000 
O 4.3000000000 0.6200000000 8.3500000000 
H 4.3100000000 9.5800000000 7.9500000000 
H 5.1900000000 0.8000000000 8.6900000000 
O 4.2600000000 5.9000000000 4.0900000000 
H 4.0200000000 5.0500000000 3.6200000000 
H 5.2100000000 6.1000000000 3.9100000000 
O 8.3600000000 2.5700000000 6.0600000000 
H 9.2900000000 2.3400000000 5.9100000000 
H 8.4100000000 3.5300000000 6.0600000000 
O 0.5500000000 7.6600000000 2.5800000000 
H 9.8500000000 8.3100000000 2.0700000000 
H 0.9700000000 8.1400000000 3.2700000000 
O 0.8700000000 3.3000000000 8.5000000000 
H 1.1200000000 3.6800000000 9.3500000000 
H 0.4200000000 4.0900000000 8.0900000000 
O 1.6000000000 7.4700000000 7.6500000000 
H 2.0900000000 8.2800000000 7.6800000000 
H 2.2800000000 6.8100000000 7.2300000000 
O 3.3000000000 5.5900000000 6.4900000000 
H 3.1900000000 4.5900000000 6.6000000000 
H 3.6300000000 5.6800000000 5.5500000000 
O 6.0700000000 9.0000000000 4.3600000000 
H 6.2400000000 8.2700000000 4.9600000000 
H 5.0700000000 9.1000000000 4.4200000000 
O 7.8400000000 3.5400000000 1.6200000000 
H 7.6100000000 4.0800000000 2.3800000000 
H 8.0000000000 4.2000000000 0.9000000000 
O 7.1100000000 7.5500000000 7.6700000000 
H 7.4900000000 8.4300000000 7.3200000000 
H 6.3100000000 7.8300000000 8.1900000000 
O 3.7700000000 4.1800000000 2.0700000000 
H 4.3300000000 4.3900000000 1.2400000000 
H 2.8300000000 4.3300000000 1.7500000000 
O 6.9000000000 8.5100000000 1.5900000000 
H 7.1000000000 9.4000000000 1.1800000000 
H 6.9500000000 8.8300000000 2.5000000000 

