&CONTROL
/
&SYSTEM
   ntyp             = 2
   nat              = 96
   ibrav            = 0
/
&ELECTRONS
/
&IONS
/
&CELL
/

ATOMIC_SPECIES
O 15.999 None
H 1.008 None

K_POINTS gamma

CELL_PARAMETERS angstrom
9.86520000000000 0.00000000000000 0.00000000000000
0.00000000000000 9.86520000000000 0.00000000000000
0.00000000000000 0.00000000000000 9.86520000000000

ATOMIC_POSITIONS angstrom
O 1.7900000000 4.4300000000 0.3800000000 
H 2.2600000000 4.0600000000 9.4000000000 
H 2.5300000000 4.7100000000 0.9500000000 
O 3.5600000000 2.2300000000 3.6800000000 
H 3.2800000000 1.8200000000 2.7900000000 
H 3.2800000000 3.1800000000 3.5400000000 
O 6.2400000000 9.6100000000 5.6000000000 
H 6.2000000000 0.0700000000 4.6700000000 
H 6.4800000000 8.6500000000 5.5300000000 
O 9.8600000000 1.2500000000 1.4000000000 
H 9.2900000000 0.4600000000 1.0500000000 
H 0.1500000000 1.6100000000 0.5200000000 
O 2.3500000000 4.6100000000 3.4500000000 
H 1.5000000000 4.9400000000 3.2100000000 
H 2.7000000000 5.3700000000 4.0300000000 
O 8.2900000000 3.1100000000 3.4800000000 
H 8.9800000000 2.4400000000 3.4200000000 
H 7.5000000000 2.6000000000 3.3700000000 
O 1.5100000000 9.4500000000 2.7900000000 
H 1.0900000000 8.7100000000 2.2800000000 
H 0.8800000000 0.3400000000 2.5500000000 
O 2.3200000000 9.5000000000 8.4600000000 
H 2.5200000000 0.0100000000 7.5900000000 
H 1.5600000000 0.1800000000 8.7300000000 
O 4.6700000000 2.7600000000 9.7500000000 
H 5.5600000000 2.8100000000 9.2500000000 
H 5.0700000000 3.4500000000 0.5200000000 
O 6.3100000000 7.4100000000 1.8800000000 
H 6.7900000000 7.0400000000 2.6500000000 
H 5.5500000000 7.8900000000 2.3500000000 
O 3.3300000000 6.5600000000 5.2700000000 
H 2.7300000000 6.5300000000 6.0900000000 
H 4.1500000000 6.1300000000 5.6100000000 
O 5.3900000000 6.6500000000 9.1600000000 
H 4.3700000000 6.8000000000 9.1400000000 
H 5.6400000000 7.0700000000 0.1600000000 
O 8.1600000000 6.9400000000 9.0500000000 
H 7.2500000000 6.9400000000 8.8300000000 
H 8.4900000000 6.1100000000 8.6700000000 
O 9.6400000000 5.4400000000 3.2000000000 
H 9.4700000000 5.8900000000 4.0800000000 
H 9.2500000000 4.5900000000 3.2400000000 
O 6.4600000000 1.3200000000 2.4200000000 
H 5.4700000000 1.2400000000 2.2300000000 
H 6.8500000000 0.7400000000 1.7400000000 
O 0.3000000000 7.3800000000 1.2100000000 
H 9.3500000000 7.1600000000 0.6900000000 
H 0.1700000000 6.6800000000 1.9600000000 
O 2.4400000000 3.5700000000 7.1600000000 
H 2.4200000000 3.6500000000 6.2000000000 
H 3.1200000000 2.9000000000 7.4200000000 
O 3.9000000000 0.5500000000 1.1900000000 
H 3.8600000000 1.4100000000 0.7900000000 
H 3.5000000000 9.7800000000 0.5100000000 
O 5.7600000000 5.5500000000 6.8200000000 
H 5.9300000000 4.6800000000 7.2100000000 
H 5.5000000000 6.0500000000 7.6600000000 
O 8.3700000000 1.2400000000 6.5000000000 
H 7.6400000000 0.6600000000 6.2600000000 
H 9.1700000000 0.9900000000 5.9500000000 
O 1.2800000000 6.4200000000 7.1300000000 
H 1.8500000000 6.5100000000 8.0200000000 
H 1.0700000000 5.4900000000 7.1700000000 
O 4.2900000000 8.2200000000 3.3000000000 
H 3.7400000000 8.9800000000 2.9400000000 
H 3.6900000000 7.8400000000 3.9600000000 
O 7.1800000000 7.0900000000 4.8100000000 
H 6.8000000000 6.6600000000 5.6400000000 
H 8.1300000000 7.3300000000 5.0400000000 
O 9.1900000000 4.2500000000 9.3700000000 
H 0.2300000000 4.5200000000 9.4800000000 
H 8.9500000000 3.7300000000 0.3200000000 
O 8.0000000000 9.3500000000 0.5600000000 
H 7.3100000000 8.8700000000 0.9900000000 
H 8.1100000000 8.7900000000 9.7100000000 
O 2.5500000000 7.0600000000 9.4700000000 
H 1.9500000000 6.9700000000 0.4300000000 
H 2.4700000000 8.0600000000 9.2200000000 
O 9.6500000000 7.8700000000 5.3800000000 
H 0.2400000000 7.4500000000 6.1400000000 
H 0.1200000000 8.8100000000 5.4300000000 
O 3.4900000000 0.5800000000 6.2300000000 
H 4.2900000000 0.0800000000 6.4000000000 
H 3.6900000000 1.0100000000 5.3600000000 
O 0.8000000000 0.4800000000 5.3900000000 
H 1.2100000000 0.2500000000 4.5200000000 
H 1.6300000000 0.5300000000 5.9500000000 
O 6.4200000000 4.4200000000 1.6900000000 
H 7.1500000000 3.9500000000 2.1200000000 
H 6.2700000000 5.2600000000 2.1900000000 
O 0.3600000000 1.4600000000 8.5000000000 
H 0.9500000000 2.1100000000 8.1100000000 
H 9.4700000000 1.3300000000 7.8500000000 
O 6.8600000000 3.0500000000 8.2100000000 
H 7.4400000000 2.6200000000 7.5000000000 
H 7.5800000000 3.5700000000 8.7000000000 

