&CONTROL
/
&SYSTEM
   ntyp             = 2
   nat              = 96
   ibrav            = 0
/
&ELECTRONS
/
&IONS
/
&CELL
/

ATOMIC_SPECIES
O 15.999 None
H 1.008 None

K_POINTS gamma

CELL_PARAMETERS angstrom
9.86520000000000 0.00000000000000 0.00000000000000
0.00000000000000 9.86520000000000 0.00000000000000
0.00000000000000 0.00000000000000 9.86520000000000

ATOMIC_POSITIONS angstrom
O 8.1100000000 5.7200000000 5.7700000000 
H 7.8200000000 5.8900000000 4.8400000000 
H 8.8000000000 5.0200000000 5.6500000000 
O 2.6400000000 2.6500000000 2.2100000000 
H 2.9900000000 3.5000000000 2.6100000000 
H 1.7700000000 2.9600000000 1.8700000000 
O 9.0400000000 3.3400000000 4.6500000000 
H 8.7000000000 2.7500000000 5.2600000000 
H 8.7000000000 2.9400000000 3.8200000000 
O 1.5900000000 4.3600000000 9.3900000000 
H 0.9000000000 3.7100000000 9.5900000000 
H 2.3300000000 3.7500000000 9.1200000000 
O 2.3900000000 8.3800000000 7.4100000000 
H 2.1600000000 7.5200000000 7.9200000000 
H 1.9900000000 8.2400000000 6.5800000000 
O 5.5100000000 9.0200000000 4.5000000000 
H 4.9100000000 8.6100000000 3.7300000000 
H 5.2900000000 0.1300000000 4.4200000000 
O 3.7500000000 3.0900000000 8.3800000000 
H 4.4400000000 3.7300000000 7.9700000000 
H 4.0400000000 2.1700000000 8.0700000000 
O 0.4200000000 1.6400000000 0.2900000000 
H 9.5900000000 1.7300000000 0.9700000000 
H 1.0400000000 1.0400000000 0.8000000000 
O 2.5000000000 9.4600000000 0.4200000000 
H 1.9600000000 8.6900000000 0.0100000000 
H 2.6700000000 0.1900000000 9.5400000000 
O 8.4500000000 8.9800000000 6.9900000000 
H 8.1800000000 8.1600000000 7.4500000000 
H 8.5400000000 8.7200000000 6.0600000000 
O 2.4200000000 2.5100000000 5.8100000000 
H 1.7100000000 2.6800000000 5.1300000000 
H 1.8000000000 2.1200000000 6.5500000000 
O 0.6300000000 1.4400000000 7.5500000000 
H 0.3300000000 1.6800000000 8.4700000000 
H 0.7300000000 0.4600000000 7.6200000000 
O 5.7500000000 7.5500000000 7.2700000000 
H 5.4400000000 8.2800000000 7.7800000000 
H 5.6400000000 7.8700000000 6.3200000000 
O 5.4900000000 4.6800000000 6.9500000000 
H 5.3600000000 5.6700000000 7.0200000000 
H 5.4400000000 4.5900000000 5.9700000000 
O 8.0600000000 8.7500000000 4.3200000000 
H 8.0700000000 7.8500000000 3.9100000000 
H 7.0900000000 8.9400000000 4.6300000000 
O 1.0400000000 6.9600000000 9.3000000000 
H 0.1100000000 6.7800000000 9.1000000000 
H 1.4400000000 6.0700000000 9.4600000000 
O 5.2400000000 1.3900000000 2.2100000000 
H 5.3700000000 0.8200000000 1.3600000000 
H 4.2500000000 1.4800000000 2.2700000000 
O 1.3000000000 5.4200000000 6.4500000000 
H 1.8000000000 4.6700000000 6.0900000000 
H 1.1700000000 5.1800000000 7.4300000000 
O 4.2400000000 0.5600000000 7.4700000000 
H 3.5600000000 9.8400000000 7.2500000000 
H 4.6400000000 0.9400000000 6.6600000000 
O 8.3800000000 1.5100000000 2.8000000000 
H 7.4300000000 1.4400000000 2.4300000000 
H 8.4900000000 0.6200000000 3.2700000000 
O 4.4100000000 8.0600000000 2.1200000000 
H 3.8800000000 8.6200000000 1.4800000000 
H 5.2200000000 7.8100000000 1.6400000000 
O 5.3200000000 4.3500000000 4.2800000000 
H 4.5300000000 4.8700000000 3.9800000000 
H 5.7700000000 4.4000000000 3.4600000000 
O 0.9700000000 7.1200000000 4.4000000000 
H 0.1400000000 6.7600000000 4.0400000000 
H 1.0200000000 6.5700000000 5.2000000000 
O 7.4400000000 3.6900000000 8.6000000000 
H 7.6200000000 2.8000000000 8.2300000000 
H 7.0700000000 4.1700000000 7.8200000000 
O 6.4500000000 4.0100000000 1.5500000000 
H 6.8400000000 3.7100000000 0.7000000000 
H 5.9000000000 3.1700000000 1.8400000000 
O 8.0300000000 6.1800000000 2.9600000000 
H 7.6500000000 6.7300000000 2.2500000000 
H 7.7100000000 5.2700000000 2.6100000000 
O 7.2900000000 1.3500000000 7.0500000000 
H 6.6900000000 0.9800000000 6.3500000000 
H 7.9200000000 0.5700000000 7.0100000000 
O 6.3500000000 0.4900000000 9.3900000000 
H 7.0200000000 0.9600000000 8.8700000000 
H 5.4900000000 0.6800000000 8.9300000000 
O 3.1300000000 5.5800000000 3.3800000000 
H 3.3700000000 6.1800000000 2.6000000000 
H 2.4400000000 6.0900000000 3.8900000000 
O 8.3900000000 6.3000000000 8.5800000000 
H 8.1500000000 5.3900000000 8.9000000000 
H 8.1000000000 6.1800000000 7.6500000000 
O 4.9700000000 1.6800000000 5.1600000000 
H 4.0200000000 1.8600000000 5.2100000000 
H 5.3400000000 2.5100000000 4.8300000000 
O 6.8400000000 7.4200000000 0.7800000000 
H 6.8600000000 7.0200000000 9.7800000000 
H 7.6500000000 7.9600000000 0.8200000000 

