&CONTROL
/
&SYSTEM
   ntyp             = 2
   nat              = 96
   ibrav            = 0
/
&ELECTRONS
/
&IONS
/
&CELL
/

ATOMIC_SPECIES
O 15.999 None
H 1.008 None

K_POINTS gamma

CELL_PARAMETERS angstrom
9.86520000000000 0.00000000000000 0.00000000000000
0.00000000000000 9.86520000000000 0.00000000000000
0.00000000000000 0.00000000000000 9.86520000000000

ATOMIC_POSITIONS angstrom
O 2.3300000000 1.8300000000 4.8300000000 
H 1.4900000000 2.2000000000 5.1800000000 
H 2.7900000000 2.7000000000 4.7300000000 
O 9.3100000000 3.1100000000 0.5400000000 
H 9.0200000000 3.4700000000 9.6200000000 
H 0.3000000000 3.4500000000 0.8100000000 
O 2.2600000000 3.8400000000 7.4400000000 
H 1.9900000000 4.5000000000 8.1200000000 
H 1.4400000000 3.4000000000 7.1900000000 
O 3.8100000000 7.3600000000 0.1500000000 
H 3.5500000000 7.1800000000 1.1100000000 
H 3.9700000000 8.3600000000 0.1100000000 
O 1.5200000000 6.6800000000 2.7700000000 
H 1.2200000000 7.2100000000 1.9400000000 
H 1.9600000000 7.3700000000 3.3400000000 
O 2.2000000000 9.6800000000 3.0600000000 
H 3.1600000000 9.8300000000 2.7700000000 
H 1.9900000000 0.5500000000 3.7200000000 
O 5.2700000000 8.3800000000 7.1500000000 
H 4.8700000000 7.4400000000 7.1000000000 
H 4.5100000000 8.9500000000 7.0000000000 
O 8.3000000000 6.1300000000 1.6400000000 
H 8.1300000000 5.8600000000 0.7400000000 
H 8.9200000000 6.8800000000 1.5700000000 
O 9.4700000000 4.9800000000 4.0000000000 
H 0.5000000000 5.3500000000 3.8600000000 
H 8.9700000000 5.1400000000 3.2200000000 
O 7.2100000000 2.7300000000 7.1000000000 
H 6.2900000000 2.5900000000 7.4000000000 
H 7.4500000000 3.4500000000 7.6500000000 
O 8.3500000000 4.7900000000 8.5000000000 
H 7.5700000000 5.2800000000 8.8300000000 
H 8.9400000000 5.4100000000 8.0100000000 
O 9.0700000000 0.6900000000 8.6700000000 
H 8.1000000000 0.7000000000 8.6600000000 
H 9.3100000000 1.1100000000 9.5600000000 
O 0.6800000000 8.3500000000 0.8900000000 
H 0.7300000000 8.4000000000 9.7900000000 
H 1.2200000000 9.1500000000 1.2100000000 
O 0.9000000000 8.4000000000 7.4700000000 
H 1.8000000000 8.7400000000 7.3800000000 
H 0.2600000000 9.1400000000 7.3500000000 
O 9.7400000000 3.0100000000 6.1500000000 
H 9.4500000000 3.7600000000 5.5700000000 
H 9.0300000000 2.9000000000 6.8700000000 
O 4.6200000000 9.5700000000 2.1300000000 
H 4.6000000000 8.6500000000 2.5600000000 
H 5.5300000000 9.7000000000 1.8800000000 
O 7.2800000000 7.9800000000 5.4100000000 
H 6.4500000000 8.2500000000 5.8600000000 
H 7.9000000000 8.1300000000 6.1300000000 
O 4.6700000000 2.6200000000 8.2700000000 
H 3.9300000000 3.0700000000 7.8300000000 
H 4.7400000000 3.1200000000 9.1500000000 
O 3.0800000000 9.3500000000 6.1700000000 
H 3.1000000000 8.7000000000 5.4100000000 
H 2.9300000000 0.3000000000 5.6800000000 
O 9.3500000000 6.4100000000 6.6300000000 
H 9.3800000000 5.8900000000 5.7800000000 
H 0.2800000000 6.9500000000 6.6600000000 
O 6.0800000000 7.2000000000 2.7600000000 
H 6.7300000000 6.5600000000 2.3900000000 
H 6.5500000000 7.5000000000 3.6100000000 
O 3.6200000000 4.5600000000 4.0700000000 
H 3.4000000000 4.3200000000 3.1900000000 
H 4.5700000000 4.4700000000 3.9900000000 
O 4.2400000000 5.8400000000 6.9300000000 
H 4.5100000000 5.6900000000 5.9700000000 
H 3.2900000000 5.5500000000 6.9100000000 
O 4.6500000000 2.4100000000 1.8000000000 
H 4.7600000000 1.4400000000 2.0700000000 
H 5.5200000000 2.7600000000 1.9600000000 
O 1.6700000000 5.9700000000 8.9200000000 
H 2.5300000000 6.5600000000 8.9300000000 
H 1.0100000000 6.7200000000 8.8000000000 
O 8.4800000000 0.0900000000 3.4500000000 
H 8.9800000000 9.5200000000 2.7200000000 
H 8.2700000000 9.1800000000 4.0500000000 
O 2.7800000000 0.6400000000 9.3700000000 
H 2.9600000000 1.0600000000 0.3600000000 
H 3.3000000000 1.1200000000 8.6400000000 
O 5.8900000000 5.7600000000 9.4300000000 
H 5.2100000000 6.2900000000 9.8100000000 
H 5.5000000000 5.6400000000 8.5100000000 
O 6.3100000000 4.1600000000 4.5800000000 
H 6.7100000000 3.5100000000 3.9200000000 
H 6.6600000000 3.9100000000 5.4200000000 
O 6.4700000000 0.1000000000 9.2300000000 
H 5.9800000000 0.8800000000 9.0400000000 
H 6.1000000000 9.3100000000 8.6200000000 
O 7.4800000000 2.4100000000 2.6300000000 
H 8.2200000000 2.7800000000 1.9800000000 
H 7.6900000000 1.4900000000 2.7900000000 
O 3.7400000000 7.1900000000 4.4500000000 
H 4.4500000000 7.1900000000 3.8200000000 
H 3.4700000000 6.2500000000 4.4700000000 

