&CONTROL
/
&SYSTEM
   ntyp             = 2
   nat              = 96
   ibrav            = 0
/
&ELECTRONS
/
&IONS
/
&CELL
/

ATOMIC_SPECIES
O 15.999 None
H 1.008 None

K_POINTS gamma

CELL_PARAMETERS angstrom
9.86520000000000 0.00000000000000 0.00000000000000
0.00000000000000 9.86520000000000 0.00000000000000
0.00000000000000 0.00000000000000 9.86520000000000

ATOMIC_POSITIONS angstrom
O 9.1300000000 3.5600000000 1.3200000000 
H 8.8800000000 2.8700000000 1.9400000000 
H 8.1800000000 3.7500000000 0.9300000000 
O 5.2100000000 9.4800000000 3.7000000000 
H 4.7500000000 8.6700000000 3.7200000000 
H 4.4500000000 0.2300000000 3.7100000000 
O 2.4800000000 0.9400000000 8.2400000000 
H 2.5100000000 1.6000000000 8.9800000000 
H 3.2700000000 1.1800000000 7.7700000000 
O 4.5500000000 2.4400000000 7.2800000000 
H 5.0000000000 2.7500000000 8.1200000000 
H 5.1000000000 1.7500000000 6.9300000000 
O 6.5100000000 4.7500000000 0.4500000000 
H 6.6800000000 5.1700000000 9.4300000000 
H 5.7200000000 5.3000000000 0.7400000000 
O 4.2400000000 6.5000000000 0.3200000000 
H 3.4700000000 5.9200000000 0.5400000000 
H 3.9600000000 7.3300000000 0.8000000000 
O 2.9400000000 2.5200000000 0.5600000000 
H 2.3900000000 1.9100000000 1.1700000000 
H 3.8600000000 2.5200000000 0.8700000000 
O 0.3300000000 9.4400000000 3.6900000000 
H 9.3800000000 8.9500000000 3.9300000000 
H 0.8900000000 9.5300000000 4.5100000000 
O 2.4500000000 7.5500000000 2.9800000000 
H 1.6000000000 7.1100000000 2.7400000000 
H 2.3000000000 8.5200000000 2.7800000000 
O 7.3900000000 1.5400000000 3.4400000000 
H 6.9500000000 0.7700000000 3.8700000000 
H 8.2200000000 1.4500000000 3.8200000000 
O 9.6200000000 2.2800000000 5.3600000000 
H 0.6700000000 2.5100000000 5.3900000000 
H 9.5900000000 1.4600000000 5.8300000000 
O 9.1500000000 6.7800000000 1.3300000000 
H 8.4500000000 6.1800000000 1.7100000000 
H 8.9500000000 7.6200000000 1.8000000000 
O 3.3600000000 1.5800000000 3.7800000000 
H 3.2100000000 2.2400000000 4.4900000000 
H 3.5200000000 2.2100000000 3.0800000000 
O 6.8000000000 6.0900000000 4.4400000000 
H 6.9400000000 5.4000000000 5.0000000000 
H 5.9400000000 5.6800000000 4.1400000000 
O 7.8100000000 8.3900000000 3.4300000000 
H 7.4200000000 7.6400000000 3.9400000000 
H 7.0300000000 8.7400000000 3.0300000000 
O 3.9000000000 4.5100000000 3.1500000000 
H 3.1500000000 4.5800000000 2.5400000000 
H 3.6300000000 5.1300000000 3.8400000000 
O 6.2100000000 9.5700000000 9.8200000000 
H 5.8400000000 9.1900000000 8.9500000000 
H 5.3600000000 9.8200000000 0.4000000000 
O 5.9200000000 0.2900000000 6.1800000000 
H 6.0200000000 9.2600000000 6.5000000000 
H 5.8400000000 0.0400000000 5.2300000000 
O 2.4700000000 3.5100000000 5.7300000000 
H 3.1000000000 3.1900000000 6.4800000000 
H 2.6500000000 4.4700000000 5.5700000000 
O 9.5300000000 2.2800000000 8.1900000000 
H 9.5300000000 3.2400000000 8.0600000000 
H 0.6400000000 2.1300000000 7.9300000000 
O 5.5200000000 2.1900000000 1.5800000000 
H 5.9700000000 3.0200000000 1.2600000000 
H 6.1500000000 1.8900000000 2.2500000000 
O 1.9700000000 5.0900000000 1.0700000000 
H 1.0000000000 5.2000000000 1.1600000000 
H 2.0400000000 4.1800000000 0.8800000000 
O 0.4000000000 4.7500000000 7.3800000000 
H 0.7000000000 5.6400000000 7.7500000000 
H 0.7400000000 4.6300000000 6.4800000000 
O 0.7100000000 9.3400000000 6.4300000000 
H 1.4700000000 9.6000000000 6.9600000000 
H 0.3500000000 8.5900000000 6.9700000000 
O 9.4800000000 7.3000000000 8.4100000000 
H 9.3700000000 8.2400000000 8.7400000000 
H 9.4100000000 6.8800000000 9.3200000000 
O 1.3200000000 0.6700000000 1.3900000000 
H 0.4700000000 0.5700000000 0.8800000000 
H 1.0600000000 0.3500000000 2.2700000000 
O 8.9700000000 9.6600000000 9.7900000000 
H 9.0300000000 0.5900000000 9.2100000000 
H 7.9900000000 9.8100000000 0.1300000000 
O 5.3400000000 7.2700000000 7.5200000000 
H 6.2400000000 6.8200000000 7.5600000000 
H 4.9000000000 6.8300000000 8.2600000000 
O 3.3000000000 6.1500000000 5.3400000000 
H 2.9200000000 6.7600000000 4.6800000000 
H 3.8300000000 6.7100000000 5.8600000000 
O 7.3200000000 5.4400000000 7.6900000000 
H 7.2300000000 4.7500000000 7.0000000000 
H 8.3000000000 5.6000000000 7.7000000000 
O 7.2800000000 3.5000000000 5.7000000000 
H 8.1200000000 3.1400000000 5.5200000000 
H 6.7600000000 2.7700000000 5.4200000000 
O 3.5300000000 9.2300000000 0.5100000000 
H 3.0000000000 9.4800000000 9.5100000000 
H 3.1100000000 9.7800000000 1.2200000000 

