&CONTROL
/
&SYSTEM
   ntyp             = 2
   nat              = 96
   ibrav            = 0
/
&ELECTRONS
/
&IONS
/
&CELL
/

ATOMIC_SPECIES
O 15.999 None
H 1.008 None

K_POINTS gamma

CELL_PARAMETERS angstrom
9.86520000000000 0.00000000000000 0.00000000000000
0.00000000000000 9.86520000000000 0.00000000000000
0.00000000000000 0.00000000000000 9.86520000000000

ATOMIC_POSITIONS angstrom
O 7.3500000000 3.2600000000 7.7100000000 
H 8.0100000000 2.5700000000 7.8000000000 
H 7.9400000000 3.8000000000 7.0700000000 
O 2.7100000000 4.4400000000 7.5500000000 
H 2.8600000000 5.3800000000 7.6500000000 
H 2.0800000000 4.4800000000 6.7600000000 
O 0.8200000000 4.1300000000 2.5100000000 
H 0.1900000000 4.3900000000 1.7800000000 
H 1.5400000000 3.8900000000 1.8500000000 
O 2.6800000000 5.6400000000 4.5400000000 
H 3.5500000000 5.1400000000 4.6300000000 
H 1.9800000000 4.9800000000 4.6700000000 
O 0.6900000000 1.1500000000 4.8000000000 
H 0.2500000000 1.2100000000 3.9100000000 
H 1.3500000000 0.3500000000 4.7700000000 
O 4.6600000000 9.6000000000 3.5200000000 
H 5.1500000000 9.1500000000 2.7400000000 
H 5.3400000000 0.3800000000 3.9700000000 
O 2.5300000000 3.4800000000 0.3900000000 
H 2.8200000000 3.6200000000 9.3000000000 
H 3.2900000000 2.7900000000 0.5800000000 
O 1.8200000000 9.3800000000 1.2500000000 
H 1.5800000000 8.4500000000 1.5900000000 
H 1.1500000000 0.1100000000 1.6100000000 
O 0.7600000000 7.5000000000 6.3600000000 
H 1.0300000000 7.7100000000 5.4000000000 
H 1.4400000000 8.0100000000 6.9000000000 
O 1.4400000000 9.6300000000 8.4100000000 
H 1.2900000000 9.6600000000 9.3700000000 
H 2.3000000000 9.1400000000 8.3300000000 
O 0.7400000000 3.9200000000 5.3400000000 
H 0.5800000000 3.8500000000 4.3600000000 
H 0.9500000000 3.0000000000 5.5300000000 
O 9.3400000000 1.3200000000 7.5800000000 
H 0.3200000000 1.0300000000 8.0500000000 
H 9.5900000000 1.1700000000 6.6600000000 
O 3.3900000000 7.0600000000 8.5200000000 
H 3.7800000000 6.8200000000 9.4200000000 
H 3.5900000000 8.0200000000 8.5800000000 
O 4.5800000000 9.4700000000 8.4700000000 
H 5.3100000000 9.2600000000 9.1100000000 
H 4.8000000000 0.4700000000 8.1200000000 
O 6.2700000000 8.1600000000 5.9100000000 
H 5.3900000000 8.4800000000 5.4900000000 
H 6.4000000000 7.2400000000 5.5800000000 
O 0.6600000000 6.9100000000 1.6200000000 
H 0.8800000000 6.4000000000 2.4200000000 
H 0.3500000000 6.2600000000 0.9700000000 
O 6.0500000000 3.6900000000 0.4500000000 
H 6.5300000000 3.5300000000 9.4500000000 
H 5.6200000000 2.7500000000 0.4700000000 
O 8.7300000000 5.5300000000 6.3400000000 
H 9.4700000000 4.9600000000 5.9700000000 
H 9.2100000000 6.3600000000 6.6400000000 
O 4.3300000000 1.1800000000 1.2100000000 
H 3.6600000000 0.6200000000 0.8500000000 
H 4.5800000000 0.7100000000 2.0400000000 
O 9.4200000000 1.4800000000 2.1900000000 
H 0.0600000000 2.1700000000 1.7100000000 
H 8.5700000000 1.8800000000 2.3600000000 
O 4.4100000000 5.5600000000 1.3500000000 
H 3.7600000000 4.7500000000 1.4900000000 
H 5.2200000000 5.1000000000 0.9900000000 
O 7.7300000000 3.5800000000 2.5800000000 
H 7.2000000000 3.8100000000 1.7300000000 
H 7.6000000000 4.4700000000 3.0300000000 
O 2.2300000000 8.2900000000 4.2100000000 
H 2.4300000000 7.3000000000 4.1700000000 
H 3.0500000000 8.6900000000 3.7400000000 
O 7.2200000000 6.4100000000 9.1600000000 
H 7.2800000000 7.4000000000 8.8900000000 
H 6.9900000000 5.9600000000 8.3600000000 
O 9.3900000000 4.8400000000 0.1200000000 
H 8.5700000000 5.1800000000 9.5700000000 
H 9.7500000000 4.4100000000 9.1500000000 
O 8.4300000000 8.5400000000 3.2100000000 
H 9.0900000000 8.7500000000 2.4900000000 
H 7.9900000000 9.4200000000 3.3000000000 
O 6.4300000000 1.2400000000 5.1300000000 
H 7.2800000000 0.9800000000 5.5700000000 
H 5.7100000000 0.9900000000 5.7500000000 
O 7.3300000000 9.5100000000 8.3200000000 
H 6.8900000000 9.2100000000 7.5200000000 
H 7.9700000000 0.3200000000 8.0800000000 
O 4.5800000000 2.3900000000 8.0200000000 
H 5.2800000000 3.0200000000 7.8700000000 
H 3.7700000000 2.8100000000 7.6900000000 
O 7.2300000000 6.0900000000 4.1200000000 
H 7.9900000000 5.7700000000 4.6500000000 
H 7.5000000000 6.9800000000 3.7100000000 
O 5.3800000000 4.3000000000 5.1300000000 
H 6.0300000000 5.0500000000 4.8800000000 
H 5.7700000000 3.4600000000 4.8500000000 
O 5.3000000000 8.0500000000 1.5800000000 
H 6.0400000000 7.6100000000 1.1100000000 
H 4.7100000000 7.3300000000 1.7800000000 

