&CONTROL
/
&SYSTEM
   ntyp             = 2
   nat              = 96
   ibrav            = 0
/
&ELECTRONS
/
&IONS
/
&CELL
/

ATOMIC_SPECIES
O 15.999 None
H 1.008 None

K_POINTS gamma

CELL_PARAMETERS angstrom
9.86520000000000 0.00000000000000 0.00000000000000
0.00000000000000 9.86520000000000 0.00000000000000
0.00000000000000 0.00000000000000 9.86520000000000

ATOMIC_POSITIONS angstrom
O 1.8600000000 9.7600000000 6.0000000000 
H 1.6200000000 0.6500000000 5.4500000000 
H 1.7600000000 9.0200000000 5.3500000000 
O 6.6000000000 1.3100000000 6.3100000000 
H 7.2600000000 2.0100000000 6.4000000000 
H 6.9200000000 0.7900000000 7.0900000000 
O 7.0300000000 9.6300000000 8.5100000000 
H 6.8900000000 8.7200000000 8.8000000000 
H 7.2700000000 0.2100000000 9.4000000000 
O 5.5400000000 7.3100000000 6.0300000000 
H 4.7800000000 7.5300000000 6.5600000000 
H 5.6900000000 6.3700000000 6.1100000000 
O 5.3600000000 5.9700000000 2.7700000000 
H 5.4500000000 5.2700000000 3.4600000000 
H 4.4200000000 5.8200000000 2.4700000000 
O 5.1200000000 4.3400000000 6.8600000000 
H 4.7700000000 4.9200000000 7.5300000000 
H 4.5900000000 3.5300000000 7.0900000000 
O 5.4100000000 5.2900000000 9.3300000000 
H 4.7400000000 5.6600000000 0.0700000000 
H 6.0900000000 5.9400000000 9.0400000000 
O 7.5200000000 0.2400000000 1.5200000000 
H 8.5300000000 0.2900000000 1.6300000000 
H 7.0800000000 0.1500000000 2.3900000000 
O 1.5400000000 4.3800000000 9.2500000000 
H 1.5800000000 5.3300000000 9.2600000000 
H 1.8500000000 4.1600000000 8.3600000000 
O 4.9500000000 1.3500000000 3.9500000000 
H 5.1400000000 2.3300000000 4.0200000000 
H 5.5600000000 1.0400000000 4.6900000000 
O 1.4500000000 1.3100000000 9.2000000000 
H 2.3000000000 1.2800000000 8.7900000000 
H 0.8900000000 1.9600000000 8.6300000000 
O 3.8500000000 1.4900000000 7.3500000000 
H 3.2800000000 0.6800000000 7.3100000000 
H 4.7100000000 1.1300000000 7.0400000000 
O 8.6400000000 3.5700000000 4.0200000000 
H 9.0100000000 3.3500000000 3.1200000000 
H 8.8800000000 4.5100000000 4.2200000000 
O 1.4100000000 4.1200000000 6.4200000000 
H 1.5800000000 4.7900000000 5.6600000000 
H 1.6000000000 3.2400000000 5.8700000000 
O 7.4600000000 7.0100000000 9.0800000000 
H 7.8500000000 7.0300000000 0.1200000000 
H 8.0800000000 6.3700000000 8.6700000000 
O 5.1900000000 3.0700000000 1.4100000000 
H 5.9000000000 2.7600000000 0.8100000000 
H 5.6800000000 3.3400000000 2.1900000000 
O 6.0500000000 3.7500000000 4.4700000000 
H 5.8400000000 4.0400000000 5.4100000000 
H 7.0400000000 3.7300000000 4.3900000000 
O 4.1300000000 9.2100000000 9.5100000000 
H 4.2200000000 9.4600000000 0.5500000000 
H 5.0200000000 9.4300000000 9.1000000000 
O 1.5600000000 8.5100000000 3.5500000000 
H 2.4300000000 8.6900000000 3.2400000000 
H 1.0400000000 9.1300000000 3.0200000000 
O 9.2200000000 6.4000000000 4.2800000000 
H 0.1900000000 7.0200000000 4.2500000000 
H 8.6900000000 6.6100000000 3.5200000000 
O 2.4400000000 5.5600000000 4.1000000000 
H 2.4800000000 4.7900000000 3.4300000000 
H 2.6200000000 6.3900000000 3.6600000000 
O 1.9400000000 2.1700000000 4.5100000000 
H 1.8300000000 2.5400000000 3.5500000000 
H 2.8500000000 1.8900000000 4.5000000000 
O 4.2000000000 9.0300000000 2.5300000000 
H 4.9800000000 8.6600000000 2.9200000000 
H 4.1800000000 0.0300000000 3.0100000000 
O 7.4600000000 3.3000000000 9.2100000000 
H 6.7100000000 3.9000000000 9.2500000000 
H 7.4400000000 2.8100000000 8.3600000000 
O 2.4300000000 3.6400000000 2.1800000000 
H 3.2700000000 3.2800000000 1.9000000000 
H 1.9100000000 3.8200000000 1.3600000000 
O 9.4100000000 3.5600000000 1.2300000000 
H 0.1900000000 4.0100000000 0.8100000000 
H 8.7700000000 3.4500000000 0.4900000000 
O 0.4500000000 0.6700000000 1.6500000000 
H 0.2100000000 1.5700000000 1.6000000000 
H 0.8800000000 0.5900000000 0.7600000000 
O 8.7300000000 2.9000000000 6.7800000000 
H 8.5600000000 3.2200000000 5.8700000000 
H 9.4800000000 3.4900000000 6.9300000000 
O 7.8700000000 7.0500000000 1.8500000000 
H 7.0200000000 6.5700000000 1.9600000000 
H 7.5800000000 7.9000000000 2.1800000000 
O 9.8600000000 8.5000000000 8.8100000000 
H 0.1500000000 9.4500000000 8.7900000000 
H 9.1800000000 8.3600000000 8.0800000000 
O 2.1100000000 6.9700000000 9.2900000000 
H 1.2500000000 7.4100000000 9.0000000000 
H 2.6600000000 7.7900000000 9.4000000000 
O 6.7200000000 8.9800000000 4.3800000000 
H 7.2100000000 9.5500000000 5.0400000000 
H 6.3400000000 8.3700000000 5.0300000000 

