&CONTROL
/
&SYSTEM
   ntyp             = 2
   nat              = 96
   ibrav            = 0
/
&ELECTRONS
/
&IONS
/
&CELL
/

ATOMIC_SPECIES
O 15.999 None
H 1.008 None

K_POINTS gamma

CELL_PARAMETERS angstrom
9.86520000000000 0.00000000000000 0.00000000000000
0.00000000000000 9.86520000000000 0.00000000000000
0.00000000000000 0.00000000000000 9.86520000000000

ATOMIC_POSITIONS angstrom
O 2.3500000000 2.5300000000 0.5600000000 
H 3.2900000000 2.6300000000 0.2900000000 
H 1.8200000000 2.5200000000 9.6000000000 
O 9.0800000000 4.1300000000 0.4700000000 
H 9.5400000000 3.7800000000 9.5900000000 
H 8.8700000000 5.0900000000 0.1200000000 
O 6.7700000000 3.4100000000 5.2700000000 
H 6.8900000000 3.5400000000 4.3100000000 
H 6.6400000000 4.3100000000 5.6900000000 
O 4.4900000000 8.0100000000 9.3200000000 
H 4.7900000000 8.6400000000 0.1600000000 
H 4.9300000000 8.4200000000 8.5500000000 
O 7.1200000000 9.5500000000 5.6300000000 
H 6.8200000000 9.6000000000 4.6600000000 
H 6.3200000000 9.1200000000 6.0100000000 
O 2.4300000000 7.5400000000 2.3300000000 
H 2.7700000000 8.1600000000 1.6700000000 
H 3.3200000000 7.2000000000 2.7700000000 
O 4.2300000000 8.1100000000 6.2300000000 
H 4.0700000000 9.0200000000 5.8600000000 
H 3.3800000000 7.7500000000 6.1300000000 
O 6.5700000000 6.4700000000 3.3900000000 
H 7.5500000000 6.4000000000 3.4000000000 
H 6.4700000000 6.7600000000 2.5000000000 
O 8.7900000000 7.3300000000 6.4200000000 
H 8.5600000000 8.2800000000 6.1700000000 
H 7.8600000000 6.9700000000 6.3300000000 
O 1.2900000000 0.7200000000 2.3100000000 
H 0.7400000000 1.5200000000 2.4800000000 
H 2.0000000000 1.0700000000 1.7200000000 
O 5.5400000000 2.7400000000 0.2200000000 
H 5.5300000000 2.0500000000 9.3100000000 
H 5.4400000000 3.6200000000 9.6300000000 
O 7.3500000000 9.1900000000 8.6900000000 
H 7.4300000000 0.1000000000 8.0400000000 
H 7.9400000000 9.4200000000 9.4000000000 
O 9.4500000000 6.7900000000 2.9500000000 
H 9.3400000000 7.0800000000 2.0300000000 
H 0.5500000000 6.9800000000 2.9500000000 
O 9.3400000000 9.3200000000 0.6400000000 
H 0.0400000000 8.6300000000 0.2000000000 
H 0.1000000000 9.7800000000 1.2300000000 
O 0.4200000000 2.6200000000 8.1200000000 
H 9.7400000000 2.1300000000 7.5500000000 
H 0.8600000000 3.1900000000 7.3500000000 
O 5.1400000000 9.2000000000 1.7600000000 
H 4.5200000000 0.0900000000 1.9600000000 
H 5.9000000000 9.3700000000 2.3700000000 
O 1.4400000000 9.2200000000 4.7400000000 
H 0.7600000000 9.8400000000 4.8700000000 
H 1.5000000000 9.1900000000 3.7800000000 
O 3.7300000000 0.7600000000 5.0000000000 
H 2.8300000000 0.3600000000 4.8500000000 
H 3.9000000000 1.2700000000 4.1900000000 
O 1.5400000000 7.4700000000 6.7100000000 
H 0.6000000000 7.2300000000 6.8800000000 
H 1.4200000000 7.9800000000 5.9000000000 
O 8.3800000000 6.5600000000 9.2800000000 
H 7.7400000000 7.2700000000 9.4400000000 
H 8.8700000000 6.8600000000 8.5500000000 
O 6.2700000000 6.3000000000 6.0100000000 
H 6.3700000000 6.2800000000 5.0200000000 
H 5.4800000000 6.9700000000 6.1100000000 
O 1.0100000000 3.7200000000 2.4900000000 
H 0.3300000000 3.9000000000 1.8000000000 
H 1.8300000000 3.5400000000 2.0000000000 
O 4.4700000000 2.1000000000 2.6500000000 
H 4.7000000000 2.2700000000 1.7200000000 
H 5.2700000000 2.4000000000 3.0600000000 
O 5.4600000000 5.3600000000 9.0100000000 
H 6.0900000000 5.6400000000 8.3200000000 
H 4.8900000000 6.1700000000 9.0400000000 
O 1.4500000000 7.6400000000 9.4600000000 
H 1.9300000000 7.9500000000 8.6600000000 
H 2.1400000000 7.2000000000 0.1000000000 
O 6.2200000000 1.8000000000 7.5900000000 
H 6.6000000000 2.2200000000 6.7400000000 
H 5.2600000000 1.8500000000 7.4600000000 
O 3.5900000000 2.4800000000 7.6400000000 
H 3.5900000000 2.1200000000 6.7200000000 
H 3.2200000000 3.4000000000 7.5300000000 
O 2.3200000000 4.7200000000 7.1300000000 
H 2.5100000000 5.6100000000 7.4600000000 
H 1.4900000000 4.8000000000 6.5900000000 
O 9.3000000000 1.6000000000 5.7300000000 
H 8.4800000000 1.1100000000 5.5800000000 
H 8.9200000000 2.4500000000 5.3900000000 
O 7.3000000000 2.9100000000 2.3400000000 
H 6.6900000000 2.6500000000 1.5600000000 
H 7.8600000000 3.5600000000 1.8500000000 
O 0.0900000000 4.5500000000 5.3100000000 
H 9.4900000000 5.3800000000 5.6100000000 
H 0.2800000000 4.6300000000 4.2800000000 
O 7.4500000000 0.1600000000 2.8100000000 
H 7.9900000000 9.7200000000 2.0400000000 
H 7.6300000000 1.1600000000 2.7700000000 

