&CONTROL
/
&SYSTEM
   ntyp             = 2
   nat              = 96
   ibrav            = 0
/
&ELECTRONS
/
&IONS
/
&CELL
/

ATOMIC_SPECIES
O 15.999 None
H 1.008 None

K_POINTS gamma

CELL_PARAMETERS angstrom
9.86520000000000 0.00000000000000 0.00000000000000
0.00000000000000 9.86520000000000 0.00000000000000
0.00000000000000 0.00000000000000 9.86520000000000

ATOMIC_POSITIONS angstrom
O 9.4400000000 5.4400000000 2.4500000000 
H 8.7200000000 6.1500000000 2.6000000000 
H 0.3900000000 5.9700000000 2.3400000000 
O 4.9600000000 7.3000000000 3.4300000000 
H 5.3900000000 6.6300000000 3.9500000000 
H 4.9700000000 8.1200000000 4.0100000000 
O 7.5700000000 3.7500000000 1.3900000000 
H 8.2300000000 4.3200000000 1.8400000000 
H 7.9800000000 3.4500000000 0.5800000000 
O 7.2800000000 7.6700000000 2.1300000000 
H 6.5000000000 7.2400000000 2.5300000000 
H 7.1400000000 8.6300000000 2.1500000000 
O 0.5800000000 7.6200000000 0.0300000000 
H 0.2000000000 8.4700000000 0.1900000000 
H 1.4300000000 7.6300000000 0.5900000000 
O 6.9800000000 5.5500000000 4.7800000000 
H 7.4000000000 4.9400000000 5.4000000000 
H 7.5200000000 6.3100000000 4.9200000000 
O 2.3900000000 9.4800000000 5.2600000000 
H 3.3100000000 9.2200000000 4.9100000000 
H 2.0200000000 0.1400000000 4.5700000000 
O 6.7900000000 9.1200000000 7.6300000000 
H 7.1500000000 8.4500000000 8.2300000000 
H 7.4700000000 9.7800000000 7.5300000000 
O 9.1200000000 0.5300000000 7.0300000000 
H 8.9900000000 0.8300000000 6.1100000000 
H 9.5200000000 9.5000000000 6.9600000000 
O 3.7100000000 1.3200000000 7.5300000000 
H 3.7700000000 1.0300000000 6.5700000000 
H 3.6400000000 0.4600000000 8.1000000000 
O 3.3500000000 0.7000000000 0.9800000000 
H 3.6700000000 9.7300000000 0.5800000000 
H 4.0800000000 1.2800000000 0.7400000000 
O 4.2000000000 6.2500000000 8.3500000000 
H 4.9700000000 5.7500000000 8.0100000000 
H 4.1000000000 5.6200000000 9.0900000000 
O 7.6700000000 6.9100000000 9.3200000000 
H 8.6400000000 6.7800000000 9.3400000000 
H 7.4300000000 7.1300000000 0.3300000000 
O 2.4600000000 6.2400000000 2.2800000000 
H 3.0000000000 5.5800000000 1.8300000000 
H 3.1200000000 6.9800000000 2.4800000000 
O 4.5700000000 8.7600000000 9.4500000000 
H 5.4300000000 9.1000000000 8.9900000000 
H 4.3800000000 7.8500000000 9.0900000000 
O 2.7500000000 4.5200000000 6.7100000000 
H 2.9000000000 3.7200000000 7.2000000000 
H 2.8400000000 5.2700000000 7.3500000000 
O 5.5300000000 1.8600000000 9.5700000000 
H 6.5100000000 2.1100000000 9.5700000000 
H 5.2300000000 1.9600000000 8.6100000000 
O 0.8000000000 8.0800000000 6.8000000000 
H 1.3500000000 8.0000000000 7.6000000000 
H 1.4200000000 8.5000000000 6.1700000000 
O 9.7500000000 0.2800000000 1.1300000000 
H 0.2300000000 0.6100000000 1.9300000000 
H 9.6000000000 1.1700000000 0.7500000000 
O 6.4400000000 4.6100000000 8.3100000000 
H 7.0800000000 3.9600000000 8.5000000000 
H 6.8400000000 5.3700000000 8.7200000000 
O 0.3300000000 3.5900000000 4.4000000000 
H 0.1000000000 4.2200000000 3.6700000000 
H 0.1400000000 4.0900000000 5.2100000000 
O 0.4700000000 4.6700000000 9.0200000000 
H 0.6400000000 5.6500000000 9.2500000000 
H 1.4600000000 4.3700000000 9.1400000000 
O 4.8800000000 4.3800000000 1.3500000000 
H 5.0500000000 3.7600000000 2.1500000000 
H 5.8400000000 4.3600000000 0.9800000000 
O 5.8300000000 2.0700000000 5.3800000000 
H 5.8000000000 3.0300000000 5.7200000000 
H 6.7900000000 2.0200000000 5.0400000000 
O 8.3100000000 1.3000000000 4.4600000000 
H 8.9400000000 2.0400000000 4.2300000000 
H 8.5300000000 0.6200000000 3.8000000000 
O 8.5300000000 2.5300000000 8.7600000000 
H 9.3800000000 3.1200000000 8.9700000000 
H 8.8100000000 1.8500000000 8.1300000000 
O 3.2600000000 3.5300000000 3.6700000000 
H 3.2600000000 4.4900000000 3.3700000000 
H 3.0900000000 3.5800000000 4.5900000000 
O 6.7200000000 0.6400000000 2.1200000000 
H 6.7300000000 1.3400000000 2.8700000000 
H 6.3000000000 1.2100000000 1.4700000000 
O 5.2200000000 9.2000000000 5.2900000000 
H 5.4400000000 0.2900000000 5.2700000000 
H 5.8000000000 8.9000000000 6.0600000000 
O 2.8900000000 3.4600000000 9.4300000000 
H 3.2100000000 2.6800000000 8.8700000000 
H 3.6100000000 3.5200000000 0.1900000000 
O 1.3200000000 1.1600000000 3.2600000000 
H 2.1400000000 1.0700000000 2.6000000000 
H 1.5000000000 2.1200000000 3.4700000000 
O 9.4300000000 5.5700000000 6.3800000000 
H 9.7400000000 6.4700000000 6.5100000000 
H 9.7700000000 5.1100000000 7.1700000000 

