&CONTROL
/
&SYSTEM
   ntyp             = 2
   nat              = 96
   ibrav            = 0
/
&ELECTRONS
/
&IONS
/
&CELL
/

ATOMIC_SPECIES
O 15.999 None
H 1.008 None

K_POINTS gamma

CELL_PARAMETERS angstrom
9.86520000000000 0.00000000000000 0.00000000000000
0.00000000000000 9.86520000000000 0.00000000000000
0.00000000000000 0.00000000000000 9.86520000000000

ATOMIC_POSITIONS angstrom
O 2.7700000000 0.7400000000 3.4000000000 
H 1.9900000000 1.2700000000 3.8400000000 
H 3.2000000000 1.4300000000 2.8800000000 
O 8.6900000000 3.2700000000 1.5000000000 
H 8.4400000000 3.8500000000 0.7100000000 
H 9.5900000000 3.5600000000 1.6700000000 
O 1.3800000000 4.2200000000 7.6000000000 
H 1.2700000000 4.3900000000 8.5700000000 
H 0.8500000000 3.3800000000 7.4200000000 
O 5.4200000000 8.1100000000 1.8900000000 
H 5.2900000000 7.2000000000 1.6900000000 
H 4.5900000000 8.5500000000 1.6300000000 
O 2.2500000000 6.2500000000 2.7700000000 
H 2.4800000000 6.9600000000 2.1100000000 
H 2.9600000000 6.3700000000 3.4700000000 
O 2.8800000000 8.4700000000 0.9700000000 
H 2.6100000000 8.5700000000 0.1000000000 
H 2.5700000000 9.3400000000 1.4500000000 
O 5.3600000000 9.5400000000 5.1400000000 
H 4.8100000000 8.8500000000 4.7600000000 
H 4.8000000000 0.3700000000 5.4100000000 
O 8.2200000000 6.1500000000 2.0600000000 
H 7.5300000000 6.1400000000 1.3100000000 
H 8.9200000000 6.5800000000 1.5300000000 
O 9.8000000000 4.8300000000 3.7400000000 
H 0.6500000000 5.5400000000 3.7300000000 
H 9.1100000000 5.2400000000 3.1200000000 
O 0.2600000000 1.5500000000 7.4500000000 
H 0.0300000000 0.6800000000 7.1800000000 
H 9.5400000000 1.6900000000 8.1900000000 
O 8.0000000000 5.1400000000 8.9600000000 
H 8.6600000000 5.3900000000 8.3100000000 
H 7.3400000000 5.8500000000 8.6600000000 
O 8.4100000000 1.4300000000 9.4800000000 
H 7.5300000000 1.5700000000 9.0400000000 
H 8.6300000000 2.1800000000 0.1700000000 
O 0.1400000000 7.5300000000 0.3800000000 
H 0.4700000000 7.9500000000 9.4000000000 
H 9.8500000000 8.3200000000 1.0100000000 
O 9.4400000000 9.0100000000 6.4600000000 
H 0.3800000000 8.7600000000 5.9800000000 
H 9.1500000000 8.0900000000 6.6100000000 
O 0.8500000000 2.4000000000 4.4900000000 
H 0.4900000000 3.2900000000 4.1800000000 
H 9.8300000000 1.9200000000 4.5800000000 
O 6.4700000000 0.6900000000 1.7700000000 
H 6.3000000000 9.5900000000 1.8200000000 
H 7.3400000000 0.7500000000 1.3100000000 
O 7.9600000000 0.4300000000 4.6800000000 
H 7.0400000000 0.3400000000 4.9800000000 
H 8.4300000000 9.8500000000 5.4800000000 
O 3.4900000000 2.4300000000 9.0700000000 
H 3.0800000000 3.2700000000 8.6800000000 
H 3.6100000000 2.7000000000 0.2200000000 
O 2.1700000000 8.6500000000 5.1900000000 
H 2.5800000000 7.7700000000 5.0300000000 
H 2.3700000000 9.2200000000 4.3600000000 
O 8.7100000000 6.2300000000 6.1100000000 
H 9.1200000000 5.6800000000 5.4000000000 
H 7.8800000000 6.4700000000 5.6400000000 
O 6.8200000000 7.3600000000 4.5100000000 
H 7.1400000000 7.4800000000 3.5700000000 
H 6.6200000000 8.2500000000 4.7600000000 
O 3.0500000000 4.2000000000 5.4000000000 
H 2.4000000000 3.5900000000 4.9300000000 
H 2.4900000000 4.2200000000 6.2400000000 
O 4.5300000000 5.3100000000 8.0700000000 
H 3.6200000000 5.5800000000 7.8000000000 
H 4.8900000000 4.9800000000 7.2200000000 
O 4.4700000000 2.7100000000 1.6000000000 
H 4.9700000000 1.9400000000 1.2900000000 
H 5.0700000000 2.9500000000 2.3300000000 
O 1.4300000000 4.9300000000 0.4600000000 
H 1.9500000000 5.0100000000 1.2700000000 
H 1.0700000000 5.8000000000 0.4800000000 
O 9.3900000000 9.4200000000 2.2900000000 
H 9.8000000000 0.4700000000 2.2300000000 
H 8.7500000000 9.5300000000 3.0400000000 
O 2.6000000000 9.6200000000 8.3200000000 
H 2.5600000000 0.6500000000 8.6500000000 
H 2.4700000000 9.6400000000 7.3700000000 
O 5.3500000000 5.4300000000 0.7500000000 
H 5.3500000000 4.5000000000 1.0900000000 
H 5.1300000000 5.3800000000 9.6500000000 
O 6.1300000000 4.2200000000 6.1900000000 
H 7.1400000000 4.3200000000 6.1200000000 
H 5.9200000000 3.6500000000 5.3800000000 
O 6.1900000000 2.2000000000 8.3300000000 
H 5.2500000000 2.1200000000 8.6500000000 
H 6.0100000000 3.0200000000 7.7200000000 
O 6.6400000000 3.0600000000 3.7200000000 
H 7.2300000000 3.5800000000 3.1300000000 
H 6.9600000000 2.1700000000 3.5200000000 
O 3.9700000000 6.6700000000 4.6900000000 
H 4.9300000000 6.7500000000 4.8200000000 
H 3.6400000000 5.7800000000 5.0300000000 

