&CONTROL
/
&SYSTEM
   ntyp             = 2
   nat              = 96
   ibrav            = 0
/
&ELECTRONS
/
&IONS
/
&CELL
/

ATOMIC_SPECIES
O 15.999 None
H 1.008 None

K_POINTS gamma

CELL_PARAMETERS angstrom
9.86520000000000 0.00000000000000 0.00000000000000
0.00000000000000 9.86520000000000 0.00000000000000
0.00000000000000 0.00000000000000 9.86520000000000

ATOMIC_POSITIONS angstrom
O 3.1700000000 5.2300000000 9.1200000000 
H 2.6400000000 5.8800000000 8.6200000000 
H 2.6300000000 5.1300000000 0.0900000000 
O 4.9100000000 0.8200000000 2.2300000000 
H 5.2200000000 1.7700000000 2.1600000000 
H 4.2600000000 0.7800000000 1.5100000000 
O 5.3000000000 7.4900000000 7.0200000000 
H 5.3900000000 7.1700000000 7.9600000000 
H 4.3500000000 7.1600000000 6.9000000000 
O 1.6300000000 5.8300000000 1.6400000000 
H 0.7400000000 6.0100000000 1.2000000000 
H 1.9900000000 6.7100000000 1.7900000000 
O 8.3700000000 3.8300000000 5.4400000000 
H 7.4500000000 4.1200000000 5.2000000000 
H 8.8100000000 3.8200000000 4.5900000000 
O 5.3300000000 3.5400000000 2.5400000000 
H 5.9200000000 4.2200000000 2.0700000000 
H 5.5900000000 3.8200000000 3.4300000000 
O 7.3100000000 9.2200000000 6.2300000000 
H 7.5300000000 8.5400000000 5.5400000000 
H 6.5100000000 8.7800000000 6.5900000000 
O 7.6700000000 7.4200000000 4.2300000000 
H 7.2300000000 6.5500000000 4.0700000000 
H 7.7300000000 7.6700000000 3.2700000000 
O 9.4200000000 1.3300000000 5.3400000000 
H 9.1500000000 2.2900000000 5.4100000000 
H 8.6100000000 0.7100000000 5.6400000000 
O 3.0600000000 8.2800000000 2.3300000000 
H 3.3600000000 8.8000000000 1.5800000000 
H 2.3600000000 8.8200000000 2.7100000000 
O 4.2700000000 2.7400000000 8.2800000000 
H 3.9400000000 3.5100000000 8.8900000000 
H 5.0200000000 3.1700000000 7.8100000000 
O 9.5000000000 1.4700000000 8.7300000000 
H 8.7600000000 1.6500000000 8.1100000000 
H 0.4100000000 2.0200000000 8.4100000000 
O 0.8600000000 9.4000000000 3.6800000000 
H 0.5600000000 9.8600000000 4.4500000000 
H 0.4900000000 0.1900000000 3.1000000000 
O 2.3900000000 7.2700000000 7.2300000000 
H 2.2200000000 8.2300000000 7.3900000000 
H 2.0000000000 7.0700000000 6.3100000000 
O 8.2600000000 9.1200000000 9.2300000000 
H 7.8300000000 9.0700000000 8.3200000000 
H 8.8700000000 0.0700000000 9.1400000000 
O 3.3600000000 0.5200000000 9.7000000000 
H 3.2800000000 9.8500000000 8.8500000000 
H 3.4400000000 1.4200000000 9.2900000000 
O 4.0700000000 6.9200000000 4.4100000000 
H 3.7500000000 7.4000000000 3.6200000000 
H 4.2000000000 7.6800000000 5.0400000000 
O 4.5300000000 0.4500000000 5.3300000000 
H 5.5000000000 0.4700000000 5.5900000000 
H 4.5200000000 0.2900000000 4.3900000000 
O 0.5500000000 6.9500000000 4.8900000000 
H 9.4500000000 6.9100000000 4.6600000000 
H 0.8300000000 7.7800000000 4.4700000000 
O 7.5000000000 5.2400000000 2.0400000000 
H 8.1000000000 4.4700000000 2.0500000000 
H 7.8500000000 5.7200000000 1.2800000000 
O 1.4400000000 3.1400000000 7.2700000000 
H 1.4900000000 3.4100000000 6.3500000000 
H 2.3800000000 3.2700000000 7.5800000000 
O 2.8000000000 3.3800000000 1.6300000000 
H 2.4600000000 4.0800000000 2.2400000000 
H 3.7200000000 3.1900000000 2.0000000000 
O 5.7200000000 4.8400000000 5.0300000000 
H 5.2500000000 5.6900000000 4.8100000000 
H 5.6200000000 4.8900000000 6.0100000000 
O 5.5900000000 6.5300000000 9.5500000000 
H 5.8300000000 6.9000000000 0.5700000000 
H 4.6700000000 6.2500000000 9.6900000000 
O 9.1700000000 6.4700000000 0.2800000000 
H 9.2900000000 6.1900000000 9.2600000000 
H 8.9900000000 7.4400000000 0.1700000000 
O 6.4600000000 4.4100000000 7.6800000000 
H 6.3300000000 4.9800000000 8.4600000000 
H 7.4400000000 4.4300000000 7.6100000000 
O 2.3700000000 0.1800000000 6.9800000000 
H 3.2100000000 0.4600000000 6.4300000000 
H 1.7200000000 0.8900000000 6.7700000000 
O 1.8200000000 4.7200000000 4.3900000000 
H 2.6400000000 5.1000000000 3.9900000000 
H 1.3200000000 5.5300000000 4.7200000000 
O 9.2800000000 5.0600000000 7.6800000000 
H 9.1200000000 4.9000000000 6.6500000000 
H 0.1200000000 4.4200000000 7.7500000000 
O 0.4700000000 1.6600000000 1.4600000000 
H 9.8500000000 1.4900000000 0.6300000000 
H 1.2400000000 2.1800000000 1.2200000000 
O 9.6000000000 3.5500000000 3.0900000000 
H 0.2100000000 2.8000000000 2.6900000000 
H 0.5100000000 4.0600000000 3.4800000000 
O 6.5700000000 8.5400000000 1.5900000000 
H 6.1400000000 9.3700000000 1.9900000000 
H 7.0600000000 8.9100000000 0.8000000000 

