&CONTROL
/
&SYSTEM
   ntyp             = 2
   nat              = 96
   ibrav            = 0
/
&ELECTRONS
/
&IONS
/
&CELL
/

ATOMIC_SPECIES
O 15.999 None
H 1.008 None

K_POINTS gamma

CELL_PARAMETERS angstrom
9.86520000000000 0.00000000000000 0.00000000000000
0.00000000000000 9.86520000000000 0.00000000000000
0.00000000000000 0.00000000000000 9.86520000000000

ATOMIC_POSITIONS angstrom
O 1.0600000000 6.5400000000 4.1000000000 
H 1.9800000000 6.3100000000 3.9300000000 
H 1.0400000000 7.5200000000 4.2400000000 
O 4.8900000000 6.4300000000 0.7100000000 
H 5.0800000000 7.3500000000 1.0300000000 
H 5.7500000000 5.9800000000 0.4700000000 
O 8.0000000000 4.6800000000 2.7300000000 
H 7.3500000000 5.3300000000 3.0200000000 
H 8.6600000000 5.2600000000 2.2900000000 
O 7.7300000000 9.0400000000 3.2000000000 
H 7.8200000000 0.0600000000 2.8400000000 
H 8.5600000000 8.8300000000 3.6800000000 
O 9.7400000000 6.3300000000 1.5200000000 
H 0.4100000000 6.3100000000 2.3900000000 
H 0.5200000000 5.9900000000 0.8300000000 
O 6.4200000000 6.6500000000 3.4400000000 
H 6.6400000000 7.5600000000 3.1100000000 
H 7.0600000000 6.6000000000 4.2500000000 
O 2.7800000000 8.6200000000 2.0300000000 
H 3.1700000000 7.7800000000 2.3700000000 
H 3.6300000000 9.0000000000 1.6400000000 
O 8.1700000000 9.4800000000 6.7600000000 
H 7.4200000000 8.8100000000 6.7300000000 
H 8.9000000000 8.8200000000 6.9400000000 
O 1.5700000000 0.3100000000 7.4500000000 
H 1.3100000000 9.4200000000 6.8700000000 
H 1.2600000000 9.8600000000 8.3100000000 
O 0.5700000000 9.0700000000 0.3200000000 
H 9.6200000000 9.2000000000 0.7700000000 
H 1.2500000000 8.7000000000 0.9800000000 
O 5.4800000000 9.3000000000 1.3000000000 
H 6.3300000000 9.6200000000 1.5900000000 
H 5.1800000000 0.2500000000 0.7200000000 
O 2.5400000000 6.2600000000 7.6200000000 
H 3.0400000000 5.5700000000 7.1300000000 
H 2.5400000000 5.8500000000 8.5000000000 
O 6.7300000000 7.3700000000 7.5200000000 
H 7.2100000000 6.8000000000 6.8900000000 
H 6.5800000000 6.7000000000 8.2600000000 
O 2.3700000000 5.2200000000 0.5900000000 
H 2.4400000000 4.3600000000 1.0600000000 
H 3.1600000000 5.5900000000 0.8600000000 
O 4.5200000000 8.6300000000 8.0400000000 
H 5.4000000000 8.2900000000 7.6500000000 
H 4.0300000000 7.7800000000 8.1700000000 
O 3.6400000000 4.2600000000 5.8500000000 
H 3.1100000000 3.5800000000 6.4000000000 
H 4.5900000000 4.0600000000 6.1000000000 
O 4.4000000000 1.2700000000 9.4000000000 
H 4.6400000000 0.4400000000 8.9400000000 
H 3.9600000000 1.8500000000 8.7700000000 
O 0.1400000000 7.4500000000 7.4800000000 
H 0.1500000000 7.8700000000 8.3300000000 
H 0.9600000000 6.8900000000 7.4800000000 
O 0.7000000000 9.3200000000 3.6600000000 
H 1.4000000000 9.5100000000 3.0400000000 
H 0.4700000000 0.3400000000 4.0200000000 
O 6.4300000000 3.9700000000 5.4700000000 
H 6.9900000000 3.6500000000 6.2000000000 
H 6.9300000000 3.9000000000 4.5900000000 
O 3.6900000000 5.9100000000 3.6400000000 
H 4.5700000000 5.9400000000 3.2900000000 
H 3.8200000000 5.3400000000 4.4300000000 
O 7.3200000000 5.7700000000 9.7100000000 
H 8.1400000000 6.1300000000 0.1800000000 
H 7.6400000000 5.0400000000 9.1800000000 
O 2.8600000000 2.4900000000 1.4200000000 
H 3.0800000000 2.4400000000 2.4200000000 
H 3.5400000000 1.9100000000 0.9300000000 
O 8.6800000000 2.3500000000 6.6800000000 
H 8.6100000000 1.3400000000 6.7200000000 
H 9.2200000000 2.3500000000 5.8400000000 
O 2.5600000000 2.7100000000 7.8000000000 
H 1.7900000000 3.0600000000 8.2900000000 
H 2.1900000000 1.8300000000 7.6000000000 
O 9.1900000000 4.3400000000 8.6900000000 
H 9.4200000000 3.7400000000 9.4000000000 
H 8.9600000000 3.8000000000 7.8400000000 
O 2.6300000000 2.1300000000 4.3500000000 
H 3.2200000000 2.8100000000 4.7500000000 
H 2.9900000000 1.3000000000 4.6500000000 
O 7.3800000000 1.9100000000 1.3700000000 
H 8.2700000000 2.0200000000 1.0000000000 
H 7.3000000000 2.7200000000 1.8900000000 
O 3.4300000000 9.5000000000 5.3400000000 
H 3.6800000000 8.5900000000 5.1100000000 
H 3.1100000000 9.4600000000 6.2900000000 
O 0.3100000000 2.2700000000 0.5800000000 
H 0.2500000000 1.2600000000 0.3500000000 
H 1.1300000000 2.3100000000 1.0500000000 
O 9.7400000000 2.4800000000 4.0000000000 
H 9.5100000000 3.4100000000 3.7300000000 
H 0.8600000000 2.5200000000 3.9200000000 
O 8.4700000000 6.4000000000 5.4800000000 
H 9.2300000000 6.1800000000 5.0200000000 
H 8.9700000000 6.8100000000 6.2800000000 

