&CONTROL
/
&SYSTEM
   ntyp             = 2
   nat              = 96
   ibrav            = 0
/
&ELECTRONS
/
&IONS
/
&CELL
/

ATOMIC_SPECIES
O 15.999 None
H 1.008 None

K_POINTS gamma

CELL_PARAMETERS angstrom
9.86520000000000 0.00000000000000 0.00000000000000
0.00000000000000 9.86520000000000 0.00000000000000
0.00000000000000 0.00000000000000 9.86520000000000

ATOMIC_POSITIONS angstrom
O 2.8900000000 2.3400000000 0.8300000000 
H 3.8600000000 2.4800000000 0.8900000000 
H 2.7900000000 1.4100000000 1.0000000000 
O 6.4500000000 8.8300000000 0.0000000000 
H 7.2200000000 9.4700000000 9.8600000000 
H 5.9700000000 8.8800000000 9.0400000000 
O 2.7500000000 8.1600000000 6.3900000000 
H 1.9100000000 8.1300000000 6.8500000000 
H 2.6300000000 7.6500000000 5.5300000000 
O 2.9900000000 1.4400000000 5.4200000000 
H 3.5000000000 0.5300000000 5.4800000000 
H 3.6700000000 2.0100000000 5.1200000000 
O 5.4900000000 2.2900000000 1.4800000000 
H 6.1600000000 2.6500000000 0.8100000000 
H 5.9900000000 1.4600000000 1.5500000000 
O 4.0500000000 4.6100000000 9.0500000000 
H 3.4100000000 3.8800000000 8.7800000000 
H 4.9500000000 4.1400000000 9.1400000000 
O 8.3800000000 2.8600000000 3.3100000000 
H 9.2800000000 3.0900000000 3.0100000000 
H 8.1400000000 3.7100000000 3.7800000000 
O 0.6000000000 0.5200000000 1.3300000000 
H 0.9800000000 0.5300000000 0.4500000000 
H 1.2200000000 9.7300000000 1.8000000000 
O 3.5900000000 9.5800000000 1.3900000000 
H 4.1400000000 9.2800000000 2.0900000000 
H 3.5800000000 8.7200000000 0.8800000000 
O 1.5500000000 6.6000000000 4.2100000000 
H 1.3700000000 7.5900000000 4.1700000000 
H 0.7600000000 6.3500000000 3.7000000000 
O 6.0100000000 6.3600000000 6.2400000000 
H 5.4000000000 5.7900000000 5.6900000000 
H 5.9500000000 6.0600000000 7.1600000000 
O 6.7400000000 3.4300000000 9.1800000000 
H 6.8800000000 3.1300000000 8.2300000000 
H 7.3600000000 4.1400000000 9.3500000000 
O 8.9000000000 0.8200000000 5.2800000000 
H 8.5400000000 1.1400000000 6.1000000000 
H 8.6000000000 1.5200000000 4.6900000000 
O 5.2100000000 1.2300000000 7.7400000000 
H 5.1900000000 0.3000000000 7.4400000000 
H 4.3900000000 1.2700000000 8.3500000000 
O 7.9800000000 8.1400000000 3.9400000000 
H 8.1500000000 9.0300000000 4.4100000000 
H 8.1700000000 8.3100000000 3.0000000000 
O 1.1500000000 9.2500000000 4.2000000000 
H 1.7800000000 9.7200000000 4.6900000000 
H 0.3900000000 0.0200000000 4.1600000000 
O 1.3000000000 2.3600000000 7.2600000000 
H 0.9000000000 3.1400000000 6.8700000000 
H 1.8400000000 1.9100000000 6.5400000000 
O 2.5500000000 7.0700000000 9.5700000000 
H 2.0900000000 7.0900000000 8.7500000000 
H 3.3500000000 6.3900000000 9.4100000000 
O 1.1300000000 4.0100000000 2.5400000000 
H 1.9100000000 3.7400000000 2.9800000000 
H 1.1600000000 3.7800000000 1.6100000000 
O 0.7400000000 4.0000000000 9.6600000000 
H 1.4400000000 3.4300000000 9.8500000000 
H 0.6400000000 4.0500000000 8.7100000000 
O 5.2000000000 8.5700000000 7.4500000000 
H 5.5900000000 7.7300000000 7.1900000000 
H 4.2200000000 8.4400000000 7.1400000000 
O 9.8000000000 4.5100000000 6.3000000000 
H 0.4100000000 5.1300000000 5.5600000000 
H 8.8700000000 4.7600000000 6.0400000000 
O 6.9200000000 2.8800000000 6.4300000000 
H 6.3500000000 3.1200000000 5.6700000000 
H 6.2900000000 2.3200000000 6.8900000000 
O 9.5400000000 6.7300000000 1.0200000000 
H 0.5500000000 7.0500000000 0.7000000000 
H 9.6900000000 5.7700000000 1.1400000000 
O 7.7800000000 0.8800000000 1.5600000000 
H 7.8800000000 1.7500000000 2.0100000000 
H 8.7000000000 0.5200000000 1.6300000000 
O 0.4000000000 8.0500000000 7.7000000000 
H 9.3600000000 7.6900000000 7.8600000000 
H 0.2300000000 8.9800000000 7.7900000000 
O 4.4500000000 5.6200000000 3.9600000000 
H 4.7100000000 6.3100000000 3.3300000000 
H 3.4700000000 5.7300000000 4.0300000000 
O 7.9400000000 5.3500000000 4.4300000000 
H 7.0500000000 5.5900000000 4.9300000000 
H 8.1000000000 6.2600000000 4.1500000000 
O 5.2000000000 3.0600000000 4.3700000000 
H 5.4700000000 2.7100000000 3.5400000000 
H 4.9400000000 3.9800000000 4.0600000000 
O 7.7100000000 6.5800000000 8.9200000000 
H 8.4300000000 6.4600000000 9.6100000000 
H 7.2300000000 7.3400000000 9.2800000000 
O 9.4100000000 0.7200000000 8.3900000000 
H 8.8800000000 1.2100000000 9.0100000000 
H 9.8000000000 1.3500000000 7.7600000000 
O 5.4800000000 7.9300000000 2.7800000000 
H 6.2100000000 7.8300000000 3.4500000000 
H 6.0300000000 8.0300000000 1.9100000000 

