&CONTROL
/
&SYSTEM
   ntyp             = 2
   nat              = 96
   ibrav            = 0
/
&ELECTRONS
/
&IONS
/
&CELL
/

ATOMIC_SPECIES
O 15.999 None
H 1.008 None

K_POINTS gamma

CELL_PARAMETERS angstrom
9.86520000000000 0.00000000000000 0.00000000000000
0.00000000000000 9.86520000000000 0.00000000000000
0.00000000000000 0.00000000000000 9.86520000000000

ATOMIC_POSITIONS angstrom
O 4.0100000000 3.4600000000 2.7300000000 
H 4.8800000000 2.9300000000 2.8500000000 
H 3.5700000000 3.4200000000 3.6100000000 
O 1.3000000000 5.3000000000 3.4000000000 
H 0.5400000000 5.4000000000 4.0800000000 
H 1.1400000000 4.4800000000 2.9500000000 
O 8.7600000000 7.8200000000 2.2500000000 
H 7.9600000000 7.2900000000 2.5700000000 
H 8.7700000000 7.6300000000 1.2800000000 
O 8.4100000000 0.6300000000 7.2600000000 
H 8.2100000000 9.7400000000 6.6700000000 
H 8.4400000000 1.3900000000 6.6400000000 
O 6.9500000000 5.3000000000 1.7400000000 
H 7.2100000000 4.9800000000 0.8100000000 
H 6.9300000000 4.4800000000 2.2300000000 
O 3.4600000000 4.8300000000 5.1900000000 
H 2.8300000000 5.1100000000 4.4600000000 
H 3.7200000000 5.7700000000 5.4900000000 
O 1.0100000000 2.6700000000 9.2500000000 
H 1.8800000000 2.7900000000 9.6700000000 
H 1.0300000000 1.7400000000 8.9000000000 
O 4.5400000000 9.1800000000 2.4800000000 
H 4.6500000000 8.2300000000 2.3200000000 
H 5.3700000000 9.4800000000 2.8300000000 
O 9.5700000000 5.5100000000 9.4200000000 
H 0.2100000000 4.6600000000 9.5800000000 
H 0.3400000000 6.2200000000 9.7400000000 
O 9.0900000000 9.0400000000 9.6100000000 
H 8.9000000000 9.5900000000 8.8000000000 
H 0.2500000000 9.0800000000 9.6600000000 
O 5.3300000000 4.7200000000 8.5300000000 
H 5.6300000000 4.3100000000 7.6700000000 
H 5.2700000000 5.6500000000 8.4200000000 
O 4.7200000000 6.5100000000 2.3900000000 
H 5.6400000000 6.1900000000 2.1400000000 
H 4.3200000000 5.6800000000 2.6200000000 
O 8.3100000000 4.6800000000 5.2400000000 
H 8.2700000000 5.6000000000 5.5900000000 
H 7.4400000000 4.4000000000 5.6900000000 
O 5.9300000000 3.6400000000 6.2300000000 
H 5.8100000000 2.6700000000 6.4500000000 
H 5.0300000000 3.9600000000 6.0800000000 
O 6.7300000000 9.6500000000 4.2300000000 
H 7.5100000000 0.3700000000 4.4100000000 
H 6.1600000000 0.0500000000 5.0500000000 
O 1.2900000000 7.5600000000 6.1800000000 
H 0.3600000000 7.4400000000 6.4800000000 
H 1.1800000000 7.8300000000 5.2300000000 
O 5.3800000000 7.4400000000 8.1100000000 
H 5.2600000000 8.2700000000 8.6800000000 
H 4.8000000000 7.6300000000 7.3400000000 
O 0.1900000000 3.0500000000 6.3800000000 
H 0.3700000000 3.4400000000 7.2900000000 
H 9.4700000000 3.7800000000 6.1200000000 
O 5.3300000000 0.6400000000 6.3300000000 
H 5.2300000000 0.5700000000 7.3400000000 
H 4.4100000000 0.4100000000 5.9900000000 
O 1.3800000000 8.7600000000 3.6800000000 
H 1.6900000000 9.3700000000 2.9500000000 
H 0.5200000000 8.5800000000 3.2500000000 
O 3.4700000000 3.1000000000 0.0300000000 
H 4.1700000000 3.6900000000 9.4200000000 
H 3.6800000000 3.2300000000 1.0400000000 
O 2.1000000000 0.4300000000 1.6000000000 
H 3.0100000000 0.0900000000 1.9500000000 
H 2.1100000000 0.1900000000 0.6300000000 
O 2.4900000000 0.5400000000 5.7400000000 
H 2.1200000000 9.7900000000 5.0800000000 
H 1.9600000000 1.3300000000 5.5900000000 
O 5.3900000000 0.4900000000 9.3500000000 
H 6.0200000000 0.4100000000 0.2200000000 
H 4.7800000000 1.1800000000 9.7600000000 
O 7.3000000000 0.3500000000 1.4500000000 
H 7.5600000000 9.5200000000 2.0500000000 
H 7.9200000000 0.1600000000 0.7700000000 
O 1.9100000000 6.9100000000 1.0100000000 
H 1.7300000000 6.7400000000 1.9200000000 
H 2.9100000000 6.9700000000 1.0300000000 
O 8.6100000000 1.7900000000 4.4000000000 
H 9.1800000000 2.3100000000 5.0100000000 
H 9.2300000000 1.7400000000 3.6300000000 
O 3.9100000000 7.5200000000 5.4800000000 
H 3.8400000000 8.1300000000 4.7000000000 
H 2.9600000000 7.5200000000 5.8900000000 
O 0.5000000000 2.2600000000 2.2700000000 
H 0.4000000000 2.7400000000 1.4100000000 
H 1.1200000000 1.5500000000 2.0300000000 
O 6.5800000000 2.5700000000 2.7800000000 
H 7.2600000000 2.5900000000 3.5000000000 
H 6.9400000000 1.7400000000 2.3600000000 
O 1.7500000000 9.8500000000 8.3700000000 
H 1.3200000000 9.2600000000 7.7100000000 
H 2.3500000000 0.5100000000 7.7900000000 
O 8.3500000000 7.1200000000 7.2600000000 
H 7.4700000000 7.2800000000 7.6300000000 
H 8.8400000000 6.5500000000 7.9500000000 

