&CONTROL
/
&SYSTEM
   ntyp             = 2
   nat              = 96
   ibrav            = 0
/
&ELECTRONS
/
&IONS
/
&CELL
/

ATOMIC_SPECIES
O 15.999 None
H 1.008 None

K_POINTS gamma

CELL_PARAMETERS angstrom
9.86520000000000 0.00000000000000 0.00000000000000
0.00000000000000 9.86520000000000 0.00000000000000
0.00000000000000 0.00000000000000 9.86520000000000

ATOMIC_POSITIONS angstrom
O 9.7200000000 1.6500000000 4.2800000000 
H 8.8800000000 1.1700000000 4.1500000000 
H 0.1500000000 1.8500000000 3.3300000000 
O 1.7600000000 4.2200000000 9.0100000000 
H 2.7300000000 3.9600000000 9.1000000000 
H 1.5400000000 4.2200000000 8.0800000000 
O 4.3700000000 5.9600000000 8.0700000000 
H 3.4800000000 6.2600000000 7.7900000000 
H 4.3500000000 5.9200000000 9.0200000000 
O 3.2800000000 6.4100000000 0.7000000000 
H 2.3700000000 6.3600000000 1.0200000000 
H 3.4900000000 7.3500000000 0.8300000000 
O 6.3100000000 1.4100000000 9.7200000000 
H 7.1300000000 1.9300000000 9.4100000000 
H 6.6700000000 0.7800000000 0.5200000000 
O 4.0000000000 2.6000000000 9.1200000000 
H 4.4100000000 2.9800000000 8.3200000000 
H 4.7200000000 2.0600000000 9.4500000000 
O 6.2600000000 6.8500000000 1.5600000000 
H 6.7100000000 6.1000000000 1.2600000000 
H 5.6000000000 6.5400000000 2.1900000000 
O 1.0900000000 9.4500000000 6.2700000000 
H 1.0700000000 0.3800000000 5.7000000000 
H 1.3000000000 9.8500000000 7.1100000000 
O 8.7200000000 2.7400000000 8.7100000000 
H 9.5800000000 2.4200000000 8.4300000000 
H 8.6900000000 3.5100000000 8.0200000000 
O 3.7500000000 8.9700000000 1.3700000000 
H 4.6800000000 9.1100000000 1.6600000000 
H 3.1700000000 9.6200000000 1.7300000000 
O 1.1100000000 7.5900000000 2.3300000000 
H 0.3700000000 8.0800000000 2.8500000000 
H 1.2900000000 8.1700000000 1.5800000000 
O 5.4100000000 7.1200000000 4.3800000000 
H 6.0100000000 6.3200000000 4.5000000000 
H 5.6800000000 7.7100000000 5.0700000000 
O 7.0200000000 0.4500000000 4.4000000000 
H 6.2900000000 0.2600000000 5.0400000000 
H 6.9600000000 1.3700000000 4.3200000000 
O 3.0800000000 2.6800000000 5.2800000000 
H 4.0200000000 2.7900000000 5.6000000000 
H 3.2600000000 2.1600000000 4.4600000000 
O 7.3300000000 9.4000000000 1.5800000000 
H 7.0600000000 9.6900000000 2.4800000000 
H 7.0600000000 8.4700000000 1.5600000000 
O 0.8100000000 3.0100000000 6.4700000000 
H 1.7300000000 2.9500000000 6.1500000000 
H 0.2900000000 2.8000000000 5.6700000000 
O 7.4600000000 4.4600000000 1.3400000000 
H 7.5700000000 3.7900000000 0.7600000000 
H 8.2000000000 5.0400000000 1.1300000000 
O 3.7000000000 9.0400000000 8.4200000000 
H 3.8600000000 9.1000000000 9.4100000000 
H 2.8100000000 9.3300000000 8.2900000000 
O 1.7600000000 1.2200000000 8.3500000000 
H 2.6300000000 1.5500000000 8.6500000000 
H 1.3200000000 1.9300000000 7.9400000000 
O 8.5700000000 9.2800000000 8.0100000000 
H 8.5200000000 0.1100000000 8.6900000000 
H 7.6100000000 9.0600000000 7.9300000000 
O 9.6900000000 5.6700000000 0.5200000000 
H 0.5400000000 5.1500000000 0.0300000000 
H 0.2600000000 6.6200000000 0.3900000000 
O 0.1600000000 3.0500000000 1.8000000000 
H 9.6400000000 3.3200000000 0.9600000000 
H 9.5900000000 3.6900000000 2.3700000000 
O 2.2400000000 6.4500000000 4.5300000000 
H 2.1600000000 6.9900000000 3.6700000000 
H 3.2300000000 6.6100000000 4.7900000000 
O 8.4600000000 5.1900000000 7.8100000000 
H 9.2000000000 5.7400000000 7.5100000000 
H 8.3500000000 5.4000000000 8.7400000000 
O 6.1400000000 2.9200000000 3.3200000000 
H 6.9400000000 3.4800000000 3.2300000000 
H 5.8100000000 3.0100000000 2.3500000000 
O 0.6800000000 7.9600000000 9.3700000000 
H 0.0900000000 8.5600000000 8.8900000000 
H 1.1200000000 7.5800000000 8.5200000000 
O 5.3300000000 3.6800000000 6.9100000000 
H 5.0800000000 4.5600000000 7.3500000000 
H 6.0400000000 3.9900000000 6.3200000000 
O 9.6200000000 5.2500000000 3.6300000000 
H 9.8400000000 5.7000000000 2.7800000000 
H 0.6600000000 5.2400000000 4.0300000000 
O 0.7600000000 6.7300000000 6.7800000000 
H 1.3400000000 6.5900000000 5.9900000000 
H 0.6100000000 7.7300000000 6.6500000000 
O 2.5700000000 1.6100000000 1.8200000000 
H 2.8200000000 2.4400000000 1.3300000000 
H 1.6600000000 1.8400000000 1.9000000000 
O 7.3800000000 5.1700000000 5.4000000000 
H 8.1800000000 5.0900000000 4.8100000000 
H 7.7600000000 5.2900000000 6.2800000000 
O 6.0700000000 8.2500000000 7.3500000000 
H 5.7400000000 7.3400000000 7.5000000000 
H 5.2500000000 8.7400000000 7.5700000000 

