&CONTROL
/
&SYSTEM
   ntyp             = 2
   nat              = 96
   ibrav            = 0
/
&ELECTRONS
/
&IONS
/
&CELL
/

ATOMIC_SPECIES
O 15.999 None
H 1.008 None

K_POINTS gamma

CELL_PARAMETERS angstrom
9.86520000000000 0.00000000000000 0.00000000000000
0.00000000000000 9.86520000000000 0.00000000000000
0.00000000000000 0.00000000000000 9.86520000000000

ATOMIC_POSITIONS angstrom
O 2.4500000000 0.5200000000 2.0200000000 
H 3.1800000000 1.0900000000 1.6800000000 
H 1.7100000000 1.2300000000 2.1500000000 
O 0.5500000000 4.2500000000 4.0400000000 
H 1.5800000000 4.3700000000 3.9300000000 
H 0.3500000000 3.6500000000 3.3400000000 
O 1.9600000000 7.8100000000 1.6400000000 
H 2.0800000000 8.7000000000 2.1400000000 
H 1.0000000000 7.6400000000 1.7100000000 
O 4.4900000000 1.6400000000 5.5500000000 
H 3.5700000000 1.5700000000 5.7000000000 
H 4.7600000000 1.8100000000 6.5600000000 
O 6.5000000000 6.7800000000 0.8400000000 
H 7.5200000000 6.9900000000 0.8700000000 
H 6.5500000000 5.8900000000 1.2400000000 
O 5.9600000000 2.6200000000 0.3600000000 
H 5.0600000000 2.5700000000 0.8000000000 
H 6.4300000000 3.3600000000 0.9000000000 
O 7.4000000000 4.6700000000 7.4500000000 
H 6.7900000000 5.2200000000 6.9600000000 
H 8.0400000000 5.3600000000 7.8100000000 
O 9.1000000000 2.8100000000 6.4800000000 
H 8.5100000000 2.1200000000 6.0400000000 
H 8.4400000000 3.4600000000 6.9600000000 
O 9.3700000000 6.0800000000 9.1000000000 
H 0.2200000000 6.5800000000 8.6200000000 
H 9.3600000000 6.3400000000 0.1400000000 
O 8.1100000000 0.2700000000 1.2700000000 
H 8.3700000000 0.0000000000 0.3500000000 
H 7.1300000000 0.4500000000 1.1900000000 
O 0.1800000000 2.3200000000 1.8000000000 
H 0.3100000000 2.7200000000 0.8700000000 
H 9.3500000000 1.5900000000 1.7100000000 
O 3.0600000000 5.1500000000 3.5700000000 
H 3.3500000000 6.0000000000 3.9800000000 
H 3.1200000000 5.3700000000 2.6200000000 
O 7.3500000000 4.4600000000 1.9000000000 
H 8.1500000000 4.0000000000 2.1500000000 
H 6.6600000000 4.2300000000 2.6000000000 
O 5.2700000000 3.6100000000 3.7400000000 
H 4.5000000000 4.1600000000 3.8900000000 
H 4.9800000000 2.8600000000 4.3100000000 
O 0.5400000000 6.7400000000 5.3500000000 
H 9.6300000000 7.2800000000 4.9400000000 
H 0.5400000000 5.8900000000 4.8200000000 
O 8.2000000000 7.9800000000 4.4400000000 
H 7.8400000000 7.9900000000 5.3800000000 
H 7.4300000000 8.4100000000 4.0000000000 
O 6.2400000000 7.5900000000 6.3700000000 
H 5.5200000000 7.9800000000 5.7200000000 
H 6.1800000000 8.2600000000 7.0600000000 
O 4.7500000000 6.2900000000 8.4900000000 
H 5.3700000000 6.6400000000 9.1900000000 
H 5.1800000000 6.7500000000 7.6900000000 
O 1.8700000000 2.4500000000 6.2100000000 
H 2.0500000000 3.4100000000 6.3900000000 
H 0.8900000000 2.5300000000 6.0600000000 
O 3.2700000000 7.8900000000 4.3800000000 
H 2.9400000000 8.7900000000 4.5700000000 
H 2.5000000000 7.3300000000 4.6600000000 
O 3.3800000000 2.8100000000 0.8300000000 
H 2.8000000000 2.7700000000 0.0200000000 
H 3.1200000000 3.7100000000 1.2500000000 
O 3.3800000000 9.1000000000 9.1600000000 
H 3.1400000000 8.8800000000 0.1900000000 
H 2.7200000000 8.6500000000 8.6100000000 
O 2.5600000000 5.3600000000 6.8500000000 
H 1.8600000000 6.0300000000 6.7200000000 
H 3.3000000000 5.8300000000 7.3900000000 
O 6.0200000000 9.6400000000 8.4700000000 
H 5.1500000000 9.6600000000 8.8700000000 
H 5.9500000000 0.6000000000 8.0000000000 
O 9.1600000000 7.6200000000 1.8100000000 
H 8.9000000000 8.5700000000 1.8200000000 
H 8.7000000000 7.3100000000 2.6000000000 
O 3.4700000000 5.6800000000 0.8500000000 
H 2.8600000000 6.4000000000 0.8900000000 
H 3.9000000000 5.7900000000 0.0300000000 
O 5.6600000000 2.5600000000 7.6400000000 
H 6.3900000000 3.2200000000 7.4400000000 
H 5.3400000000 2.8100000000 8.5200000000 
O 5.8500000000 8.5300000000 3.0500000000 
H 4.9200000000 8.3200000000 3.3700000000 
H 5.9200000000 7.8500000000 2.3400000000 
O 0.6000000000 3.3400000000 9.2000000000 
H 0.3600000000 2.7300000000 8.4200000000 
H 0.1100000000 4.1700000000 9.0100000000 
O 7.2700000000 0.7800000000 4.8600000000 
H 6.3100000000 1.0600000000 5.0300000000 
H 7.3300000000 0.9100000000 3.8800000000 
O 1.1700000000 7.9900000000 7.7800000000 
H 0.4200000000 8.7000000000 7.8900000000 
H 1.1000000000 7.7100000000 6.8300000000 
O 8.6200000000 9.8000000000 8.4000000000 
H 8.8800000000 0.5000000000 7.6200000000 
H 7.6700000000 9.6700000000 8.2800000000 

