&CONTROL
/
&SYSTEM
   ntyp             = 2
   nat              = 96
   ibrav            = 0
/
&ELECTRONS
/
&IONS
/
&CELL
/

ATOMIC_SPECIES
O 15.999 None
H 1.008 None

K_POINTS gamma

CELL_PARAMETERS angstrom
9.86520000000000 0.00000000000000 0.00000000000000
0.00000000000000 9.86520000000000 0.00000000000000
0.00000000000000 0.00000000000000 9.86520000000000

ATOMIC_POSITIONS angstrom
O 9.8200000000 4.2200000000 1.3900000000 
H 9.3000000000 4.3900000000 2.2200000000 
H 0.0200000000 3.2500000000 1.4300000000 
O 5.0900000000 9.4400000000 4.2000000000 
H 4.2100000000 8.9300000000 3.9700000000 
H 5.1500000000 0.2800000000 3.5200000000 
O 1.7400000000 2.6800000000 7.2600000000 
H 1.7900000000 3.6100000000 7.1000000000 
H 2.7000000000 2.5100000000 7.1600000000 
O 4.4000000000 2.5200000000 6.6300000000 
H 4.7500000000 3.2300000000 7.2500000000 
H 5.0200000000 1.7100000000 6.6400000000 
O 4.2900000000 3.7400000000 9.4400000000 
H 5.1900000000 3.5400000000 9.8000000000 
H 4.3000000000 4.7400000000 9.3300000000 
O 4.3500000000 6.3300000000 1.0900000000 
H 3.5900000000 6.1000000000 1.6600000000 
H 3.9300000000 6.9800000000 0.4900000000 
O 2.4500000000 1.8900000000 0.4700000000 
H 2.7300000000 2.4600000000 9.6300000000 
H 1.8300000000 1.4000000000 0.0200000000 
O 0.4400000000 7.8600000000 5.4600000000 
H 9.3200000000 7.7500000000 5.4900000000 
H 0.5300000000 8.8300000000 5.7500000000 
O 2.6800000000 8.1600000000 3.8200000000 
H 2.5100000000 7.2300000000 3.2900000000 
H 1.9600000000 8.1200000000 4.4800000000 
O 0.1200000000 1.5000000000 2.0800000000 
H 0.4100000000 0.6200000000 1.6900000000 
H 0.8700000000 1.5900000000 2.7000000000 
O 2.1300000000 1.3100000000 4.3500000000 
H 1.5700000000 0.9600000000 5.0700000000 
H 2.8500000000 0.6200000000 4.2900000000 
O 8.0000000000 7.6800000000 1.1300000000 
H 7.8500000000 7.0300000000 1.8500000000 
H 7.8400000000 8.5800000000 1.5000000000 
O 4.6600000000 1.2500000000 1.9300000000 
H 3.7200000000 1.4800000000 1.6000000000 
H 5.2400000000 1.9900000000 1.5700000000 
O 8.2400000000 4.4000000000 3.7100000000 
H 8.3200000000 3.8400000000 4.5000000000 
H 7.4500000000 4.9200000000 3.8200000000 
O 7.3500000000 7.7600000000 4.2000000000 
H 6.8600000000 7.1000000000 3.7200000000 
H 6.6500000000 8.4700000000 4.3400000000 
O 5.5700000000 5.3300000000 3.5000000000 
H 4.8600000000 4.6200000000 3.7600000000 
H 5.2400000000 5.5800000000 2.6600000000 
O 7.3600000000 0.3100000000 1.8700000000 
H 6.5100000000 0.7600000000 2.0500000000 
H 8.0000000000 0.9300000000 1.4700000000 
O 6.1100000000 0.5700000000 6.6000000000 
H 5.6400000000 0.2100000000 7.4800000000 
H 5.7000000000 0.0300000000 5.8800000000 
O 3.4100000000 3.8100000000 4.3500000000 
H 2.8100000000 3.0200000000 4.2600000000 
H 3.9500000000 3.3300000000 5.0400000000 
O 7.7800000000 3.6500000000 8.1800000000 
H 7.9000000000 3.6100000000 7.2200000000 
H 8.0800000000 4.5700000000 8.3800000000 
O 6.6900000000 2.9700000000 0.7200000000 
H 7.2300000000 3.1700000000 9.7900000000 
H 7.2200000000 3.5900000000 1.3600000000 
O 2.1300000000 5.8000000000 2.5900000000 
H 1.5000000000 5.2100000000 2.2100000000 
H 2.4400000000 5.3100000000 3.4300000000 
O 9.7600000000 5.6700000000 8.7400000000 
H 0.0400000000 5.3000000000 9.6500000000 
H 0.8700000000 5.7700000000 8.4800000000 
O 0.3100000000 0.6700000000 6.4200000000 
H 0.7800000000 1.4500000000 6.7700000000 
H 9.3400000000 0.5800000000 6.9600000000 
O 7.2500000000 6.5700000000 8.3800000000 
H 7.1500000000 7.0300000000 9.2300000000 
H 8.2700000000 6.3700000000 8.4100000000 
O 0.5400000000 8.9300000000 9.7900000000 
H 9.7900000000 9.5600000000 9.3900000000 
H 9.6500000000 8.3400000000 0.2400000000 
O 8.3500000000 0.4300000000 8.7300000000 
H 7.8000000000 1.2600000000 8.9300000000 
H 7.5800000000 9.6700000000 8.5900000000 
O 5.3600000000 9.3800000000 8.9400000000 
H 5.4300000000 9.3900000000 0.0300000000 
H 4.4100000000 8.9500000000 8.8400000000 
O 2.4300000000 6.5300000000 7.0800000000 
H 1.8900000000 6.8900000000 6.4100000000 
H 3.1300000000 6.1000000000 6.5800000000 
O 4.7500000000 5.5200000000 6.4800000000 
H 5.5800000000 5.8200000000 7.0700000000 
H 5.0400000000 5.8300000000 5.5800000000 
O 8.1300000000 2.7900000000 5.6900000000 
H 7.4000000000 2.0800000000 5.8100000000 
H 8.9300000000 2.3900000000 5.9900000000 
O 3.1700000000 8.0500000000 9.1700000000 
H 2.3000000000 8.5400000000 9.4200000000 
H 2.9200000000 7.6100000000 8.3500000000 

