&CONTROL
/
&SYSTEM
   ntyp             = 2
   nat              = 96
   ibrav            = 0
/
&ELECTRONS
/
&IONS
/
&CELL
/

ATOMIC_SPECIES
O 15.999 None
H 1.008 None

K_POINTS gamma

CELL_PARAMETERS angstrom
9.86520000000000 0.00000000000000 0.00000000000000
0.00000000000000 9.86520000000000 0.00000000000000
0.00000000000000 0.00000000000000 9.86520000000000

ATOMIC_POSITIONS angstrom
O 3.6500000000 5.4400000000 1.1500000000 
H 3.4900000000 4.8300000000 0.3600000000 
H 2.7200000000 5.7400000000 1.3000000000 
O 3.3600000000 8.9700000000 6.8100000000 
H 3.3800000000 9.3200000000 5.8800000000 
H 3.6300000000 8.0200000000 6.6100000000 
O 0.6400000000 6.3100000000 1.5600000000 
H 9.6200000000 6.4700000000 1.9500000000 
H 0.7400000000 5.3600000000 1.9600000000 
O 6.1900000000 5.5600000000 4.6200000000 
H 6.6100000000 6.0700000000 3.8800000000 
H 5.7300000000 6.1900000000 5.2200000000 
O 7.3200000000 2.5800000000 9.5100000000 
H 6.5700000000 2.4900000000 0.2800000000 
H 7.5800000000 3.4900000000 9.6500000000 
O 8.5000000000 2.5400000000 4.0300000000 
H 8.6700000000 1.6600000000 3.6000000000 
H 8.0300000000 2.1900000000 4.7800000000 
O 8.8100000000 4.6000000000 6.1300000000 
H 8.1700000000 5.1200000000 5.5100000000 
H 8.9200000000 3.7800000000 5.6600000000 
O 3.8300000000 8.5300000000 9.3600000000 
H 2.8800000000 8.3300000000 9.3400000000 
H 3.9500000000 8.5400000000 8.3900000000 
O 1.1300000000 8.1900000000 9.7000000000 
H 1.0800000000 7.5200000000 0.5900000000 
H 0.6800000000 7.6400000000 9.0200000000 
O 1.5000000000 7.8500000000 3.8600000000 
H 1.9800000000 8.6200000000 3.4400000000 
H 1.5600000000 7.1200000000 3.1800000000 
O 8.9700000000 1.0000000000 7.9300000000 
H 8.3900000000 1.6700000000 8.3700000000 
H 8.3900000000 0.3900000000 7.4100000000 
O 0.9600000000 3.8000000000 2.8900000000 
H 1.2600000000 3.0900000000 2.2600000000 
H 0.1600000000 3.3700000000 3.2500000000 
O 6.8800000000 9.3100000000 6.3900000000 
H 6.1000000000 9.3900000000 5.8800000000 
H 7.5600000000 9.2100000000 5.7100000000 
O 5.6700000000 4.2400000000 7.6000000000 
H 5.7200000000 3.3100000000 8.0300000000 
H 6.5100000000 4.2900000000 7.1400000000 
O 3.2800000000 9.3900000000 2.1400000000 
H 3.0400000000 0.4600000000 2.0400000000 
H 3.7200000000 9.1800000000 1.2400000000 
O 0.4600000000 7.4200000000 6.2200000000 
H 0.7600000000 8.0100000000 5.4300000000 
H 0.3200000000 6.6200000000 5.7100000000 
O 1.7300000000 1.5100000000 6.4700000000 
H 2.1300000000 0.6100000000 6.7000000000 
H 1.0500000000 1.6400000000 7.2000000000 
O 2.8800000000 3.5800000000 9.0100000000 
H 2.2100000000 3.9500000000 8.3800000000 
H 3.3100000000 2.9400000000 8.4500000000 
O 9.5900000000 0.3600000000 1.3500000000 
H 0.5400000000 0.0300000000 0.9000000000 
H 8.9400000000 0.4600000000 0.6500000000 
O 8.2200000000 5.0900000000 9.8300000000 
H 7.8800000000 5.8400000000 9.2700000000 
H 9.2300000000 5.1200000000 9.6900000000 
O 5.1700000000 9.6800000000 4.3200000000 
H 5.5300000000 0.7700000000 4.2700000000 
H 4.8900000000 9.5400000000 3.4300000000 
O 5.4300000000 2.6700000000 4.5600000000 
H 4.5900000000 2.7600000000 5.1500000000 
H 5.9900000000 3.5300000000 4.6400000000 
O 7.4400000000 7.2900000000 8.4300000000 
H 8.0600000000 8.0300000000 8.2800000000 
H 6.9300000000 7.3900000000 7.6100000000 
O 6.0200000000 8.0200000000 1.0800000000 
H 5.1500000000 8.1000000000 0.6200000000 
H 6.5900000000 8.1600000000 0.2600000000 
O 4.5400000000 1.3800000000 8.3800000000 
H 4.5100000000 0.8700000000 7.6000000000 
H 4.4500000000 0.5900000000 8.9900000000 
O 8.4700000000 9.1400000000 3.6800000000 
H 8.6900000000 8.2100000000 3.5400000000 
H 8.9300000000 9.6700000000 2.9800000000 
O 2.8600000000 3.6400000000 5.3300000000 
H 2.4600000000 2.9200000000 5.8000000000 
H 2.4000000000 3.6000000000 4.4200000000 
O 7.9100000000 6.4500000000 2.4600000000 
H 7.2300000000 7.1100000000 2.2300000000 
H 7.8500000000 5.8700000000 1.6000000000 
O 0.6300000000 5.4300000000 8.1700000000 
H 0.9800000000 6.1500000000 7.6000000000 
H 9.6900000000 5.0200000000 7.6200000000 
O 4.2300000000 6.4300000000 6.8000000000 
H 4.7100000000 5.6900000000 7.2600000000 
H 3.8300000000 5.9700000000 6.0400000000 
O 5.6400000000 3.5200000000 1.5900000000 
H 5.1800000000 4.3700000000 1.3700000000 
H 6.1500000000 3.7900000000 2.3500000000 
O 3.1100000000 2.1700000000 1.6600000000 
H 3.8900000000 2.6700000000 1.9600000000 
H 3.1400000000 2.4900000000 0.6700000000 

