&CONTROL
/
&SYSTEM
   ntyp             = 2
   nat              = 96
   ibrav            = 0
/
&ELECTRONS
/
&IONS
/
&CELL
/

ATOMIC_SPECIES
O 15.999 None
H 1.008 None

K_POINTS gamma

CELL_PARAMETERS angstrom
9.86520000000000 0.00000000000000 0.00000000000000
0.00000000000000 9.86520000000000 0.00000000000000
0.00000000000000 0.00000000000000 9.86520000000000

ATOMIC_POSITIONS angstrom
O 3.3600000000 4.6700000000 8.4300000000 
H 3.7900000000 5.5400000000 8.6000000000 
H 2.5200000000 4.9400000000 8.0200000000 
O 5.4600000000 0.7600000000 2.8800000000 
H 5.8000000000 1.6500000000 3.1800000000 
H 5.2900000000 0.8000000000 1.9100000000 
O 5.3200000000 5.9800000000 6.3800000000 
H 5.1300000000 6.6500000000 7.0700000000 
H 4.4800000000 6.0300000000 5.7900000000 
O 9.7700000000 6.5000000000 0.5600000000 
H 9.3300000000 6.6100000000 9.5300000000 
H 0.3700000000 7.3900000000 0.5700000000 
O 8.4300000000 3.3800000000 4.4600000000 
H 7.6300000000 3.6400000000 4.0100000000 
H 9.1700000000 3.7000000000 3.8300000000 
O 6.0300000000 3.7800000000 3.4600000000 
H 5.7200000000 4.1000000000 2.6200000000 
H 5.2700000000 3.7300000000 4.1400000000 
O 8.4200000000 8.8300000000 6.3700000000 
H 8.0600000000 8.2200000000 5.8000000000 
H 8.6800000000 8.1700000000 7.0400000000 
O 7.5500000000 6.5500000000 4.9200000000 
H 7.2300000000 6.9600000000 4.0700000000 
H 6.7100000000 6.1700000000 5.2600000000 
O 0.2400000000 1.2200000000 5.3700000000 
H 9.4000000000 1.5300000000 4.7600000000 
H 9.8100000000 0.2600000000 5.5300000000 
O 1.8100000000 8.3800000000 1.1500000000 
H 2.4800000000 9.0800000000 0.9200000000 
H 2.4300000000 7.5700000000 1.3000000000 
O 4.8400000000 1.1700000000 8.2300000000 
H 5.5000000000 1.7800000000 8.6500000000 
H 5.2700000000 1.0300000000 7.3600000000 
O 9.5800000000 0.0300000000 8.8200000000 
H 9.1200000000 9.6100000000 7.9900000000 
H 0.6700000000 9.8100000000 8.5600000000 
O 1.2800000000 1.9900000000 2.6500000000 
H 1.5200000000 1.8400000000 3.5700000000 
H 2.0400000000 2.5400000000 2.3600000000 
O 3.5300000000 7.4500000000 8.2700000000 
H 3.1000000000 8.3600000000 8.1200000000 
H 2.7800000000 6.9900000000 7.8200000000 
O 8.7400000000 9.3200000000 1.4700000000 
H 9.6500000000 9.3000000000 1.7100000000 
H 8.8500000000 9.6700000000 0.5500000000 
O 3.5200000000 0.6800000000 0.6300000000 
H 4.1100000000 0.7000000000 9.6800000000 
H 3.3800000000 1.6800000000 0.8400000000 
O 3.5400000000 9.3400000000 4.5300000000 
H 3.7800000000 9.8100000000 3.6700000000 
H 4.2900000000 9.5300000000 5.1200000000 
O 5.8800000000 0.3800000000 5.8200000000 
H 6.6200000000 9.5800000000 6.0100000000 
H 6.3100000000 1.2100000000 5.6300000000 
O 0.2800000000 6.2500000000 4.7700000000 
H 9.1800000000 6.2200000000 4.9100000000 
H 0.2500000000 6.0200000000 3.7800000000 
O 5.1000000000 5.4700000000 1.6600000000 
H 5.3800000000 5.6400000000 0.7400000000 
H 5.4100000000 6.2900000000 2.0800000000 
O 1.0900000000 5.6500000000 7.2600000000 
H 0.8300000000 5.9200000000 6.3600000000 
H 0.3800000000 5.9600000000 7.8800000000 
O 3.3500000000 3.4600000000 1.0300000000 
H 3.2400000000 3.6500000000 0.1100000000 
H 3.8400000000 4.2900000000 1.3100000000 
O 4.3100000000 3.3300000000 5.6300000000 
H 4.9700000000 4.0100000000 5.9600000000 
H 3.5900000000 3.4600000000 6.2200000000 
O 6.1600000000 7.5600000000 9.5600000000 
H 5.4600000000 8.1100000000 9.1300000000 
H 6.1100000000 7.8500000000 0.6400000000 
O 8.3600000000 6.5600000000 8.0100000000 
H 8.1800000000 5.6800000000 7.6100000000 
H 7.5700000000 6.7600000000 8.5800000000 
O 6.6000000000 3.0700000000 9.2700000000 
H 7.0800000000 3.2300000000 8.3800000000 
H 7.3800000000 2.9200000000 9.7900000000 
O 2.2100000000 0.1500000000 7.5300000000 
H 2.9700000000 0.5900000000 7.9300000000 
H 2.3500000000 0.2200000000 6.6000000000 
O 2.9900000000 6.7200000000 5.3400000000 
H 3.0400000000 7.6100000000 4.9600000000 
H 2.1300000000 6.3700000000 5.0500000000 
O 8.5500000000 3.7000000000 7.2900000000 
H 8.5300000000 3.5800000000 6.3000000000 
H 9.3900000000 3.2400000000 7.6100000000 
O 9.4300000000 2.3700000000 0.4900000000 
H 9.2900000000 1.6000000000 9.7200000000 
H 0.0200000000 2.0200000000 1.2600000000 
O 9.6100000000 4.7200000000 2.4900000000 
H 9.6900000000 3.9400000000 1.9900000000 
H 9.6800000000 5.4400000000 1.7800000000 
O 6.5300000000 8.1200000000 2.4900000000 
H 6.0400000000 8.9000000000 2.7900000000 
H 7.4100000000 8.5000000000 2.1300000000 

