&CONTROL
/
&SYSTEM
   ntyp             = 2
   nat              = 96
   ibrav            = 0
/
&ELECTRONS
/
&IONS
/
&CELL
/

ATOMIC_SPECIES
O 15.999 None
H 1.008 None

K_POINTS gamma

CELL_PARAMETERS angstrom
9.86520000000000 0.00000000000000 0.00000000000000
0.00000000000000 9.86520000000000 0.00000000000000
0.00000000000000 0.00000000000000 9.86520000000000

ATOMIC_POSITIONS angstrom
O 7.2300000000 4.3700000000 7.2100000000 
H 7.3900000000 3.3500000000 7.0100000000 
H 7.3000000000 4.8400000000 6.3300000000 
O 3.8300000000 5.1700000000 0.2000000000 
H 3.9400000000 4.2400000000 9.6500000000 
H 3.1400000000 5.1000000000 0.9300000000 
O 9.8200000000 2.8300000000 4.3100000000 
H 9.2900000000 3.3600000000 3.6300000000 
H 9.4800000000 1.9900000000 4.0500000000 
O 2.0700000000 4.4900000000 2.3000000000 
H 2.6200000000 4.3900000000 3.1000000000 
H 1.3000000000 3.8700000000 2.4200000000 
O 9.5700000000 0.4100000000 6.2800000000 
H 0.4400000000 1.0400000000 6.3900000000 
H 0.0800000000 9.5200000000 5.7300000000 
O 3.5800000000 8.1900000000 2.6200000000 
H 3.7700000000 8.3300000000 3.5400000000 
H 4.3100000000 7.5700000000 2.3700000000 
O 4.3100000000 2.6100000000 9.0900000000 
H 3.4800000000 2.1000000000 9.0400000000 
H 4.7200000000 2.1300000000 8.3100000000 
O 2.4400000000 1.1300000000 0.8300000000 
H 2.9500000000 1.6000000000 1.5900000000 
H 2.6500000000 0.1700000000 1.0100000000 
O 3.4700000000 8.3300000000 9.7100000000 
H 3.4500000000 8.0100000000 0.7200000000 
H 4.4200000000 8.0400000000 9.4500000000 
O 0.0100000000 9.1800000000 9.4900000000 
H 0.3100000000 8.3200000000 9.0500000000 
H 0.6100000000 9.1000000000 0.4200000000 
O 0.4800000000 4.3400000000 6.4400000000 
H 0.4800000000 3.9700000000 5.5600000000 
H 0.8100000000 3.6600000000 6.9900000000 
O 0.9700000000 1.7100000000 8.4400000000 
H 1.3900000000 1.6900000000 9.3000000000 
H 0.3600000000 0.8700000000 8.6500000000 
O 4.1000000000 5.8200000000 7.2700000000 
H 3.7600000000 5.7900000000 8.2000000000 
H 4.8000000000 5.1300000000 7.2800000000 
O 7.2100000000 1.6400000000 6.6300000000 
H 6.7300000000 1.3700000000 5.8200000000 
H 8.1700000000 1.3900000000 6.4700000000 
O 4.4400000000 8.1000000000 5.4400000000 
H 4.2500000000 7.2900000000 5.8600000000 
H 5.3800000000 8.3100000000 5.7900000000 
O 0.0300000000 6.3700000000 1.4800000000 
H 9.5900000000 5.8200000000 0.7100000000 
H 0.6200000000 5.7400000000 2.0200000000 
O 6.3300000000 2.4200000000 1.3300000000 
H 7.0000000000 1.8400000000 0.8800000000 
H 5.6100000000 2.3500000000 0.6800000000 
O 0.6800000000 7.2200000000 7.0500000000 
H 0.7200000000 6.2400000000 6.8300000000 
H 1.5700000000 7.5600000000 6.9700000000 
O 3.5200000000 0.2000000000 7.2900000000 
H 3.7300000000 9.3000000000 6.7600000000 
H 3.2700000000 9.7100000000 8.1700000000 
O 8.0500000000 0.6000000000 3.3500000000 
H 7.1200000000 0.7500000000 3.4700000000 
H 8.1800000000 9.5500000000 3.0400000000 
O 5.9200000000 6.7000000000 1.8300000000 
H 5.5700000000 5.7900000000 1.6700000000 
H 6.1700000000 7.0900000000 0.9200000000 
O 6.8900000000 5.3900000000 4.2500000000 
H 7.3900000000 4.9200000000 3.6000000000 
H 7.1500000000 6.3200000000 3.9900000000 
O 0.9700000000 8.6200000000 4.1900000000 
H 1.8800000000 8.6700000000 3.7600000000 
H 0.3600000000 8.3400000000 3.4400000000 
O 8.8700000000 4.6900000000 9.3500000000 
H 9.2100000000 3.8800000000 8.8800000000 
H 8.2500000000 5.1300000000 8.7000000000 
O 8.3200000000 3.8800000000 2.2600000000 
H 8.4500000000 4.1800000000 1.3700000000 
H 7.5500000000 3.2700000000 1.9500000000 
O 8.2100000000 7.9800000000 2.4700000000 
H 7.4400000000 7.6500000000 1.9100000000 
H 8.9000000000 7.4100000000 2.0700000000 
O 5.4900000000 0.5700000000 4.5100000000 
H 4.9200000000 1.1500000000 3.9400000000 
H 4.8000000000 9.7800000000 4.8000000000 
O 7.6700000000 0.8800000000 9.5600000000 
H 7.6700000000 0.8600000000 8.5500000000 
H 8.5400000000 0.3900000000 9.6800000000 
O 4.0500000000 4.4800000000 4.5300000000 
H 3.8400000000 4.7200000000 5.5400000000 
H 4.9400000000 4.8800000000 4.4300000000 
O 7.4700000000 8.3200000000 6.5700000000 
H 8.3100000000 7.9300000000 6.9100000000 
H 7.8800000000 9.1100000000 6.1100000000 
O 4.0500000000 2.3800000000 2.5200000000 
H 5.0400000000 2.6100000000 2.2600000000 
H 3.7400000000 3.3000000000 2.7800000000 
O 6.3800000000 8.2500000000 9.2300000000 
H 6.3800000000 9.2600000000 9.4200000000 
H 6.7500000000 8.1900000000 8.3200000000 

