&CONTROL
/
&SYSTEM
   ntyp             = 2
   nat              = 96
   ibrav            = 0
/
&ELECTRONS
/
&IONS
/
&CELL
/

ATOMIC_SPECIES
O 15.999 None
H 1.008 None

K_POINTS gamma

CELL_PARAMETERS angstrom
9.86520000000000 0.00000000000000 0.00000000000000
0.00000000000000 9.86520000000000 0.00000000000000
0.00000000000000 0.00000000000000 9.86520000000000

ATOMIC_POSITIONS angstrom
O 9.4200000000 0.6800000000 5.4300000000 
H 0.0900000000 1.0300000000 6.2200000000 
H 9.2800000000 1.5400000000 5.0600000000 
O 2.6500000000 3.6300000000 9.4800000000 
H 3.3500000000 3.3100000000 8.9100000000 
H 2.1600000000 4.2800000000 8.9600000000 
O 4.7600000000 8.4200000000 7.2600000000 
H 5.2500000000 9.2200000000 6.8300000000 
H 3.8100000000 8.6400000000 7.0400000000 
O 4.4800000000 7.5700000000 2.1300000000 
H 3.8500000000 8.3100000000 2.4000000000 
H 5.3400000000 7.8200000000 2.5200000000 
O 6.5200000000 2.2300000000 8.2000000000 
H 5.7500000000 2.7900000000 8.0100000000 
H 6.2500000000 1.4300000000 7.7700000000 
O 6.6300000000 0.0200000000 6.2000000000 
H 6.8300000000 0.7900000000 5.6600000000 
H 7.5000000000 9.5000000000 6.3300000000 
O 6.6000000000 8.3100000000 3.4100000000 
H 7.4900000000 7.8000000000 3.3600000000 
H 6.6300000000 9.0300000000 4.0700000000 
O 9.4300000000 7.6300000000 6.5300000000 
H 9.8600000000 8.4700000000 6.3100000000 
H 9.1800000000 7.9000000000 7.4800000000 
O 8.4400000000 2.8700000000 0.2600000000 
H 8.4400000000 1.8800000000 0.4200000000 
H 7.5400000000 3.0100000000 9.8500000000 
O 1.4200000000 9.2200000000 9.4600000000 
H 1.5400000000 9.5400000000 8.5000000000 
H 0.4400000000 9.0300000000 9.5600000000 
O 1.2900000000 8.8700000000 4.0100000000 
H 0.4400000000 9.3100000000 3.9200000000 
H 1.8600000000 9.3700000000 3.3500000000 
O 5.1700000000 5.7300000000 6.4700000000 
H 6.0100000000 5.9100000000 5.9600000000 
H 4.8700000000 6.5400000000 6.9900000000 
O 7.7000000000 2.5600000000 3.3700000000 
H 8.2800000000 2.9600000000 4.0600000000 
H 7.9100000000 3.0600000000 2.5700000000 
O 4.3700000000 2.0700000000 4.6000000000 
H 4.8400000000 1.9300000000 3.7500000000 
H 3.6100000000 2.5700000000 4.3400000000 
O 8.3100000000 0.5400000000 1.7900000000 
H 7.4500000000 0.1800000000 1.8700000000 
H 8.3000000000 1.2300000000 2.4700000000 
O 1.7300000000 3.6100000000 4.2500000000 
H 1.4200000000 3.3400000000 3.3700000000 
H 1.6900000000 4.6300000000 4.3100000000 
O 4.6600000000 2.8300000000 1.7700000000 
H 3.9900000000 3.2600000000 1.2400000000 
H 4.9800000000 3.5600000000 2.3200000000 
O 2.2500000000 9.4500000000 6.5600000000 
H 1.8400000000 9.4000000000 5.6400000000 
H 2.1200000000 0.5200000000 6.7100000000 
O 1.6200000000 2.1700000000 6.4900000000 
H 1.6000000000 2.6500000000 5.6500000000 
H 2.1300000000 2.8000000000 7.0600000000 
O 8.6300000000 8.6300000000 9.1200000000 
H 8.5800000000 8.9900000000 0.1700000000 
H 7.6600000000 8.2000000000 9.1400000000 
O 8.9100000000 5.3600000000 1.2600000000 
H 8.7100000000 4.4600000000 0.8000000000 
H 9.8500000000 5.5900000000 0.9500000000 
O 0.9400000000 2.9700000000 1.6600000000 
H 0.1200000000 2.8200000000 1.1200000000 
H 1.5200000000 3.2800000000 0.8300000000 
O 1.9200000000 6.3400000000 5.0100000000 
H 1.3800000000 7.1000000000 4.8600000000 
H 2.6500000000 6.5900000000 4.4200000000 
O 8.8000000000 3.5900000000 5.6200000000 
H 9.0800000000 3.6300000000 6.5400000000 
H 8.0700000000 4.3600000000 5.5700000000 
O 4.4300000000 5.1900000000 3.4300000000 
H 4.6800000000 5.6100000000 4.2900000000 
H 4.3900000000 5.9200000000 2.7600000000 
O 1.6600000000 6.8500000000 1.3600000000 
H 1.6400000000 7.6600000000 0.7300000000 
H 2.6500000000 6.7400000000 1.4700000000 
O 4.2200000000 3.2200000000 7.1100000000 
H 4.3700000000 4.1100000000 6.8600000000 
H 4.5700000000 2.7400000000 6.3300000000 
O 9.1500000000 7.2100000000 3.1100000000 
H 9.0200000000 6.5300000000 2.4000000000 
H 0.2300000000 7.5100000000 2.9500000000 
O 1.2000000000 5.1900000000 7.6500000000 
H 1.8000000000 5.6000000000 6.9600000000 
H 0.4300000000 5.7600000000 7.6500000000 
O 2.8100000000 0.1300000000 2.0500000000 
H 3.2700000000 0.9900000000 1.7900000000 
H 2.1900000000 0.1300000000 1.2900000000 
O 7.6300000000 6.0800000000 5.4100000000 
H 8.0100000000 6.4100000000 4.5100000000 
H 8.2300000000 6.4500000000 6.0300000000 
O 6.2200000000 7.6000000000 9.6700000000 
H 5.6600000000 7.5900000000 0.6500000000 
H 5.5900000000 7.6300000000 8.9100000000 

