&CONTROL
/
&SYSTEM
   ntyp             = 2
   nat              = 96
   ibrav            = 0
/
&ELECTRONS
/
&IONS
/
&CELL
/

ATOMIC_SPECIES
O 15.999 None
H 1.008 None

K_POINTS gamma

CELL_PARAMETERS angstrom
9.86520000000000 0.00000000000000 0.00000000000000
0.00000000000000 9.86520000000000 0.00000000000000
0.00000000000000 0.00000000000000 9.86520000000000

ATOMIC_POSITIONS angstrom
O 9.3900000000 0.4000000000 7.3600000000 
H 9.5900000000 1.0500000000 6.7000000000 
H 0.4200000000 0.0300000000 7.5100000000 
O 9.7200000000 2.4200000000 5.4800000000 
H 9.1400000000 1.8300000000 4.9900000000 
H 0.4600000000 2.8000000000 4.8900000000 
O 4.6400000000 3.9900000000 4.2500000000 
H 5.3600000000 3.5100000000 4.7200000000 
H 5.1800000000 4.1800000000 3.4200000000 
O 7.6500000000 3.2800000000 2.4300000000 
H 8.2100000000 3.7300000000 3.0800000000 
H 7.8900000000 2.3600000000 2.4400000000 
O 3.4400000000 7.9600000000 2.2700000000 
H 3.1000000000 8.8200000000 2.1200000000 
H 4.3500000000 8.0200000000 1.9000000000 
O 7.3700000000 4.3800000000 9.1000000000 
H 8.2100000000 4.7900000000 9.4600000000 
H 6.7800000000 5.1100000000 9.1700000000 
O 7.7100000000 8.0700000000 7.3300000000 
H 8.1600000000 8.9800000000 7.3900000000 
H 8.2700000000 7.4700000000 6.7400000000 
O 8.6500000000 6.2100000000 1.0600000000 
H 7.9400000000 6.6500000000 1.6000000000 
H 8.9900000000 7.0000000000 0.6300000000 
O 2.8300000000 5.3900000000 1.4000000000 
H 3.7600000000 5.0700000000 1.5000000000 
H 2.8600000000 6.3200000000 1.7800000000 
O 9.5700000000 1.9500000000 0.3200000000 
H 0.1600000000 2.5700000000 1.0000000000 
H 9.6000000000 2.4100000000 9.3200000000 
O 2.3000000000 9.4000000000 6.9000000000 
H 2.4500000000 0.4800000000 6.6200000000 
H 3.0400000000 9.2600000000 7.5500000000 
O 5.5400000000 6.7600000000 8.3400000000 
H 4.9700000000 7.5600000000 8.1400000000 
H 6.4400000000 7.1700000000 8.1600000000 
O 9.3000000000 0.6700000000 3.4500000000 
H 9.0100000000 0.2900000000 2.5500000000 
H 0.1900000000 0.0300000000 3.7300000000 
O 5.2200000000 1.9600000000 9.4000000000 
H 4.2900000000 2.1700000000 9.4800000000 
H 5.7100000000 2.8100000000 9.5000000000 
O 7.3700000000 0.3700000000 0.7900000000 
H 8.1300000000 1.0300000000 0.6900000000 
H 6.6000000000 0.8800000000 0.5400000000 
O 2.6800000000 2.9100000000 9.6800000000 
H 1.9700000000 3.0800000000 8.9600000000 
H 2.7500000000 3.7300000000 0.2900000000 
O 8.5700000000 5.7300000000 5.1500000000 
H 8.4800000000 6.3800000000 4.4100000000 
H 9.4300000000 5.8600000000 5.5200000000 
O 0.1500000000 8.5100000000 0.4700000000 
H 0.9900000000 8.9900000000 0.3500000000 
H 9.3700000000 9.2300000000 0.5000000000 
O 2.1100000000 2.8800000000 3.6600000000 
H 1.6700000000 3.5400000000 3.0500000000 
H 3.0300000000 3.2300000000 3.7200000000 
O 5.5900000000 9.3600000000 4.1700000000 
H 4.8600000000 0.1500000000 3.8300000000 
H 6.0500000000 9.8200000000 4.8900000000 
O 1.7000000000 9.1500000000 4.1900000000 
H 1.8700000000 9.0700000000 5.1100000000 
H 2.3000000000 8.4400000000 3.8400000000 
O 3.6400000000 4.8800000000 6.5300000000 
H 4.0000000000 4.7900000000 5.5900000000 
H 4.4300000000 5.2700000000 7.0200000000 
O 6.4600000000 1.0200000000 6.3200000000 
H 6.5000000000 2.0200000000 6.4400000000 
H 7.2900000000 0.6700000000 6.7700000000 
O 4.4800000000 9.5400000000 8.2300000000 
H 5.0600000000 0.0500000000 7.5300000000 
H 4.7800000000 0.3400000000 8.9100000000 
O 0.5100000000 4.2900000000 1.9700000000 
H 1.2700000000 4.7200000000 1.6100000000 
H 9.6900000000 4.9900000000 1.8000000000 
O 1.2800000000 6.4800000000 6.8900000000 
H 1.5900000000 7.1400000000 7.5000000000 
H 2.0700000000 6.0200000000 6.7300000000 
O 2.8600000000 2.1600000000 6.1800000000 
H 2.5000000000 2.3800000000 5.2900000000 
H 3.3600000000 2.9800000000 6.5100000000 
O 2.3800000000 0.5300000000 1.4600000000 
H 2.0200000000 1.2200000000 2.0700000000 
H 2.6200000000 1.0100000000 0.6300000000 
O 6.5500000000 3.9700000000 6.4000000000 
H 7.0200000000 4.0300000000 7.2700000000 
H 7.1000000000 4.4400000000 5.8100000000 
O 6.8500000000 7.5700000000 2.4500000000 
H 7.0500000000 8.2900000000 1.9100000000 
H 6.5800000000 8.0400000000 3.3200000000 
O 0.4200000000 3.6200000000 7.9800000000 
H 0.5900000000 4.5600000000 7.7700000000 
H 0.3200000000 3.2100000000 7.0500000000 
O 5.6000000000 5.2300000000 1.7200000000 
H 6.4200000000 4.6700000000 1.6900000000 
H 6.0100000000 6.1300000000 1.7400000000 

