&CONTROL
/
&SYSTEM
   ntyp             = 2
   nat              = 96
   ibrav            = 0
/
&ELECTRONS
/
&IONS
/
&CELL
/

ATOMIC_SPECIES
O 15.999 None
H 1.008 None

K_POINTS gamma

CELL_PARAMETERS angstrom
9.86520000000000 0.00000000000000 0.00000000000000
0.00000000000000 9.86520000000000 0.00000000000000
0.00000000000000 0.00000000000000 9.86520000000000

ATOMIC_POSITIONS angstrom
O 3.7600000000 4.0600000000 0.3700000000 
H 3.6200000000 4.4400000000 9.3300000000 
H 2.9600000000 4.4100000000 0.8700000000 
O 8.5700000000 2.7100000000 1.7900000000 
H 8.8100000000 3.1200000000 0.9000000000 
H 8.2100000000 3.4600000000 2.3000000000 
O 7.3400000000 3.1700000000 5.7700000000 
H 6.7900000000 2.9800000000 4.9900000000 
H 8.0600000000 3.7300000000 5.3300000000 
O 5.4100000000 8.6400000000 0.0000000000 
H 6.2900000000 9.1400000000 9.8500000000 
H 4.7400000000 9.3400000000 9.7300000000 
O 6.5500000000 9.5000000000 5.0800000000 
H 6.5400000000 0.0800000000 4.1900000000 
H 5.6000000000 9.4600000000 5.3000000000 
O 3.4200000000 7.4800000000 2.5400000000 
H 3.8800000000 6.6900000000 2.8700000000 
H 3.9900000000 7.6900000000 1.8100000000 
O 3.1800000000 7.3400000000 6.3000000000 
H 3.4500000000 8.2500000000 6.4200000000 
H 2.7500000000 7.3200000000 5.4200000000 
O 7.1800000000 4.8300000000 3.3400000000 
H 7.3300000000 5.6900000000 3.7900000000 
H 7.0500000000 5.0800000000 2.3600000000 
O 7.7000000000 7.1300000000 5.4000000000 
H 7.4600000000 8.0700000000 5.5500000000 
H 7.2200000000 6.7700000000 6.2600000000 
O 1.1300000000 0.6800000000 4.3000000000 
H 1.0000000000 1.6400000000 4.1000000000 
H 1.4400000000 0.4000000000 3.2800000000 
O 6.5800000000 4.7500000000 0.8500000000 
H 5.6500000000 4.4700000000 1.1900000000 
H 6.6400000000 4.3900000000 9.7500000000 
O 9.3400000000 3.2600000000 9.0200000000 
H 8.5300000000 3.1200000000 8.5300000000 
H 0.1100000000 2.6600000000 8.5000000000 
O 8.1300000000 7.9000000000 2.4800000000 
H 7.5900000000 8.7300000000 2.2100000000 
H 8.0000000000 7.9500000000 3.4300000000 
O 2.0700000000 0.4700000000 9.8200000000 
H 1.6000000000 0.8600000000 8.9900000000 
H 1.5500000000 9.4900000000 9.7000000000 
O 7.5700000000 0.4200000000 9.3600000000 
H 8.3800000000 0.5200000000 0.0900000000 
H 8.0400000000 0.4600000000 8.4600000000 
O 4.3100000000 1.4400000000 1.1400000000 
H 3.4300000000 1.1900000000 0.6400000000 
H 4.3000000000 2.3900000000 0.8300000000 
O 1.4600000000 7.4200000000 4.2700000000 
H 0.8900000000 8.2400000000 4.1600000000 
H 2.1000000000 7.5900000000 3.5500000000 
O 3.5400000000 0.1800000000 5.7600000000 
H 3.8700000000 1.0000000000 5.4100000000 
H 2.5900000000 0.2500000000 5.3600000000 
O 0.3700000000 5.3600000000 5.5900000000 
H 9.3600000000 5.8800000000 5.6600000000 
H 0.8500000000 6.0900000000 5.0900000000 
O 9.2000000000 5.9700000000 9.3100000000 
H 9.1200000000 5.0900000000 8.9100000000 
H 8.3000000000 6.2600000000 9.3300000000 
O 3.4900000000 5.1300000000 7.9300000000 
H 3.0600000000 4.5100000000 7.2800000000 
H 3.4300000000 5.9900000000 7.4900000000 
O 1.3700000000 5.3300000000 1.2000000000 
H 0.6900000000 5.4700000000 0.4400000000 
H 1.5400000000 6.2700000000 1.5200000000 
O 4.5300000000 2.3000000000 4.1400000000 
H 4.6800000000 1.8400000000 3.2800000000 
H 4.2500000000 3.1800000000 3.8400000000 
O 6.2100000000 6.5900000000 7.6700000000 
H 5.5100000000 5.8700000000 7.7600000000 
H 5.9800000000 7.2900000000 8.3400000000 
O 0.4100000000 8.2300000000 0.5400000000 
H 0.1300000000 7.5200000000 9.8300000000 
H 9.5700000000 8.1400000000 1.2100000000 
O 6.4400000000 3.4000000000 8.3100000000 
H 6.1700000000 2.4700000000 8.3800000000 
H 6.4500000000 3.5800000000 7.3800000000 
O 1.1600000000 1.3700000000 7.4900000000 
H 0.5800000000 0.7800000000 7.0000000000 
H 1.6500000000 1.8600000000 6.7700000000 
O 2.1700000000 3.3600000000 5.8700000000 
H 1.5300000000 4.1700000000 5.9400000000 
H 2.7900000000 3.6200000000 5.2000000000 
O 8.4200000000 0.6500000000 6.8800000000 
H 7.9900000000 9.8200000000 6.3000000000 
H 8.0800000000 1.5300000000 6.6100000000 
O 1.6800000000 2.4300000000 2.1800000000 
H 0.9000000000 2.9500000000 1.8500000000 
H 1.7900000000 1.5700000000 1.6700000000 
O 2.9300000000 4.3900000000 3.4300000000 
H 2.5900000000 3.6600000000 2.8700000000 
H 2.6700000000 5.2000000000 2.8700000000 
O 6.7000000000 0.5700000000 2.3800000000 
H 5.8800000000 0.8600000000 1.9400000000 
H 7.3900000000 1.2400000000 2.1000000000 

