&CONTROL
/
&SYSTEM
   ntyp             = 2
   nat              = 96
   ibrav            = 0
/
&ELECTRONS
/
&IONS
/
&CELL
/

ATOMIC_SPECIES
O 15.999 None
H 1.008 None

K_POINTS gamma

CELL_PARAMETERS angstrom
9.86520000000000 0.00000000000000 0.00000000000000
0.00000000000000 9.86520000000000 0.00000000000000
0.00000000000000 0.00000000000000 9.86520000000000

ATOMIC_POSITIONS angstrom
O 2.5300000000 0.6900000000 3.4700000000 
H 1.7200000000 1.1900000000 3.7100000000 
H 3.0400000000 1.5200000000 3.2600000000 
O 9.2900000000 2.8800000000 0.4700000000 
H 8.5700000000 3.4100000000 0.0200000000 
H 0.1700000000 3.3100000000 9.8400000000 
O 2.3900000000 4.4900000000 7.3100000000 
H 1.8800000000 4.6900000000 8.1600000000 
H 1.8100000000 3.7900000000 6.8800000000 
O 4.2900000000 7.7300000000 9.6400000000 
H 3.9600000000 6.9100000000 9.1400000000 
H 3.4300000000 8.1100000000 0.0200000000 
O 2.0600000000 6.2900000000 2.6000000000 
H 2.2700000000 7.1900000000 2.2300000000 
H 2.4500000000 6.2700000000 3.5100000000 
O 1.6600000000 8.8800000000 1.6500000000 
H 1.8300000000 9.4800000000 0.9000000000 
H 2.2900000000 9.3400000000 2.2100000000 
O 5.2400000000 9.2300000000 7.2900000000 
H 4.3800000000 9.1900000000 6.8400000000 
H 5.0500000000 8.5500000000 7.9300000000 
O 7.8800000000 6.2400000000 2.5000000000 
H 7.6100000000 5.7800000000 1.6700000000 
H 8.2400000000 7.1000000000 2.0400000000 
O 9.8100000000 5.2400000000 4.0300000000 
H 0.6700000000 5.3100000000 3.3700000000 
H 9.1100000000 5.6000000000 3.4900000000 
O 9.4700000000 2.7100000000 6.8800000000 
H 9.3500000000 3.4900000000 7.5300000000 
H 8.6900000000 2.9000000000 6.3400000000 
O 8.1200000000 4.6300000000 8.4900000000 
H 7.3600000000 5.0500000000 9.0200000000 
H 8.2300000000 5.2900000000 7.7300000000 
O 8.4600000000 0.2600000000 9.8100000000 
H 7.7100000000 0.8500000000 9.5500000000 
H 9.1600000000 1.0200000000 9.7500000000 
O 9.1900000000 7.4600000000 0.3900000000 
H 8.5400000000 8.1200000000 0.0000000000 
H 0.1600000000 7.9900000000 0.6400000000 
O 9.6800000000 8.7900000000 7.3200000000 
H 0.7100000000 9.2300000000 7.1900000000 
H 9.2400000000 9.1900000000 8.1700000000 
O 0.4100000000 2.3700000000 4.2900000000 
H 0.1800000000 3.3000000000 4.0100000000 
H 0.3100000000 2.3800000000 5.2800000000 
O 5.5200000000 0.3000000000 1.2300000000 
H 5.4400000000 9.3700000000 0.6500000000 
H 6.2500000000 0.1600000000 1.8400000000 
O 7.4300000000 8.7200000000 5.6900000000 
H 6.6100000000 8.8200000000 6.2300000000 
H 8.1400000000 9.0800000000 6.2800000000 
O 3.7100000000 2.9200000000 9.4400000000 
H 4.3000000000 3.4700000000 8.9400000000 
H 3.9100000000 2.9800000000 0.5100000000 
O 2.5100000000 9.2400000000 6.3000000000 
H 2.6700000000 8.3100000000 5.9900000000 
H 2.5700000000 9.7600000000 5.5200000000 
O 8.8800000000 6.2500000000 6.4900000000 
H 9.4300000000 6.1500000000 5.6200000000 
H 9.1600000000 7.1700000000 6.8700000000 
O 5.6200000000 7.6000000000 3.6900000000 
H 6.2900000000 7.0300000000 3.2000000000 
H 6.2100000000 8.0500000000 4.3000000000 
O 4.3800000000 4.0700000000 4.6100000000 
H 4.4900000000 3.4400000000 3.8400000000 
H 5.3000000000 4.0300000000 4.9600000000 
O 4.5300000000 5.6200000000 7.8900000000 
H 5.2500000000 5.4400000000 7.2000000000 
H 3.7900000000 5.0300000000 7.5200000000 
O 4.7600000000 2.8100000000 2.1000000000 
H 5.0900000000 1.9000000000 1.9700000000 
H 5.5500000000 3.3200000000 2.3300000000 
O 1.5300000000 5.5400000000 9.6900000000 
H 2.2600000000 5.4300000000 0.4500000000 
H 0.8800000000 6.1200000000 0.2600000000 
O 8.3400000000 9.4100000000 2.9600000000 
H 9.1200000000 0.0400000000 2.8700000000 
H 8.2900000000 9.2000000000 3.9200000000 
O 2.3600000000 0.4800000000 9.3600000000 
H 2.7200000000 1.3800000000 9.5300000000 
H 2.2700000000 0.4300000000 8.3800000000 
O 6.2200000000 5.6400000000 0.3000000000 
H 5.9600000000 6.5400000000 0.4900000000 
H 5.4900000000 5.4700000000 9.5300000000 
O 7.2200000000 4.3200000000 5.2400000000 
H 7.3900000000 4.2400000000 4.2800000000 
H 7.6700000000 5.2100000000 5.5200000000 
O 6.4000000000 1.6000000000 8.5400000000 
H 5.5600000000 1.6500000000 9.0300000000 
H 6.1800000000 0.9800000000 7.8100000000 
O 7.5900000000 3.0900000000 2.5000000000 
H 8.3200000000 3.0400000000 1.7500000000 
H 7.7600000000 2.3400000000 3.0100000000 
O 3.4500000000 6.5700000000 5.0300000000 
H 4.2800000000 6.7300000000 4.5700000000 
H 3.4200000000 5.6100000000 5.0000000000 

