&CONTROL
/
&SYSTEM
   ntyp             = 2
   nat              = 96
   ibrav            = 0
/
&ELECTRONS
/
&IONS
/
&CELL
/

ATOMIC_SPECIES
O 15.999 None
H 1.008 None

K_POINTS gamma

CELL_PARAMETERS angstrom
9.86520000000000 0.00000000000000 0.00000000000000
0.00000000000000 9.86520000000000 0.00000000000000
0.00000000000000 0.00000000000000 9.86520000000000

ATOMIC_POSITIONS angstrom
O 8.5300000000 5.4800000000 3.0100000000 
H 7.8200000000 5.8800000000 3.5200000000 
H 8.9700000000 6.2600000000 2.5600000000 
O 4.6000000000 8.6800000000 2.9900000000 
H 4.4900000000 9.0600000000 3.9200000000 
H 5.2000000000 9.3000000000 2.4500000000 
O 7.5300000000 3.0800000000 1.5000000000 
H 8.0100000000 3.7100000000 2.1300000000 
H 8.1100000000 3.1200000000 0.7400000000 
O 7.6300000000 8.4400000000 2.4300000000 
H 7.6800000000 8.6800000000 3.3200000000 
H 7.2300000000 9.2700000000 2.0500000000 
O 0.4900000000 7.2300000000 0.6800000000 
H 0.4400000000 8.0300000000 1.2400000000 
H 1.2500000000 6.7900000000 1.1600000000 
O 6.5400000000 6.5100000000 4.6900000000 
H 6.1400000000 7.3900000000 4.8000000000 
H 5.9500000000 5.9400000000 5.2400000000 
O 2.2300000000 9.5200000000 5.6600000000 
H 3.1900000000 9.5000000000 5.7400000000 
H 2.1100000000 0.2200000000 4.8400000000 
O 6.4000000000 9.1900000000 8.0800000000 
H 6.4900000000 8.3900000000 8.6700000000 
H 7.2300000000 9.2100000000 7.6100000000 
O 8.6000000000 9.2500000000 6.5000000000 
H 8.7300000000 9.8600000000 5.7800000000 
H 9.1400000000 8.4100000000 6.3500000000 
O 0.9900000000 0.4100000000 8.0200000000 
H 0.1800000000 9.8600000000 7.5600000000 
H 1.6900000000 0.0800000000 7.4500000000 
O 3.1800000000 1.1700000000 0.7300000000 
H 2.9100000000 0.2200000000 0.5500000000 
H 3.9100000000 1.2700000000 9.8600000000 
O 5.3500000000 6.0500000000 9.1200000000 
H 6.3100000000 6.3300000000 9.3300000000 
H 5.0800000000 5.4500000000 0.0400000000 
O 7.5100000000 7.4900000000 9.7400000000 
H 8.3600000000 6.9700000000 0.0100000000 
H 7.3900000000 7.9000000000 0.7600000000 
O 2.8800000000 6.5200000000 1.9200000000 
H 3.4400000000 5.7500000000 2.0800000000 
H 3.4100000000 7.3400000000 2.2500000000 
O 3.4700000000 8.2600000000 9.1300000000 
H 2.6900000000 7.6600000000 8.8700000000 
H 4.0400000000 7.5200000000 9.5200000000 
O 4.4700000000 5.5000000000 6.5300000000 
H 3.4800000000 5.1400000000 6.5800000000 
H 4.6400000000 5.9000000000 7.3500000000 
O 5.4800000000 1.6900000000 8.9000000000 
H 6.1700000000 2.2100000000 8.3900000000 
H 5.6400000000 0.7400000000 8.4900000000 
O 0.5500000000 7.3100000000 6.2600000000 
H 1.0000000000 6.8500000000 6.9900000000 
H 1.1800000000 7.9500000000 5.8800000000 
O 0.7600000000 0.0800000000 1.3700000000 
H 1.4600000000 0.5900000000 1.8900000000 
H 0.6300000000 0.4400000000 0.4700000000 
O 6.7800000000 3.6900000000 7.3300000000 
H 6.1600000000 4.3900000000 7.6700000000 
H 7.5600000000 4.2600000000 7.1200000000 
O 0.2400000000 3.4700000000 4.3900000000 
H 9.7300000000 4.0700000000 3.7700000000 
H 0.0400000000 3.8900000000 5.2000000000 
O 1.8700000000 6.1600000000 8.3300000000 
H 1.3500000000 6.4300000000 9.0800000000 
H 2.0800000000 5.2500000000 8.5600000000 
O 4.6900000000 4.2100000000 1.5800000000 
H 4.3900000000 4.0400000000 2.4600000000 
H 5.6200000000 3.8400000000 1.5800000000 
O 6.4700000000 1.7500000000 5.2500000000 
H 6.7600000000 2.3200000000 6.0400000000 
H 7.2900000000 1.4900000000 4.8200000000 
O 9.1600000000 0.7700000000 4.1800000000 
H 9.4600000000 1.6800000000 4.0500000000 
H 9.2700000000 0.4400000000 3.2200000000 
O 9.6500000000 2.6600000000 9.2000000000 
H 0.3900000000 3.2600000000 8.8200000000 
H 0.0900000000 1.8200000000 8.7500000000 
O 4.3800000000 3.5800000000 4.4000000000 
H 5.1200000000 2.9800000000 4.3600000000 
H 4.6000000000 4.1900000000 5.1300000000 
O 6.3700000000 0.7000000000 1.4200000000 
H 5.8500000000 0.9600000000 0.5900000000 
H 6.8100000000 1.6000000000 1.5900000000 
O 5.2100000000 9.4000000000 5.5000000000 
H 5.7300000000 0.4100000000 5.4800000000 
H 5.2800000000 9.1200000000 6.4200000000 
O 2.5100000000 3.7100000000 9.7600000000 
H 2.7400000000 2.7700000000 0.1800000000 
H 3.3600000000 4.1300000000 0.0800000000 
O 2.3600000000 1.4900000000 3.5100000000 
H 3.0700000000 1.6800000000 2.8500000000 
H 2.0400000000 2.4600000000 3.7200000000 
O 8.5800000000 5.3900000000 6.2100000000 
H 7.9900000000 5.8100000000 5.5200000000 
H 9.2900000000 6.0800000000 6.1300000000 

