&CONTROL
/
&SYSTEM
   ntyp             = 2
   nat              = 96
   ibrav            = 0
/
&ELECTRONS
/
&IONS
/
&CELL
/

ATOMIC_SPECIES
O 15.999 None
H 1.008 None

K_POINTS gamma

CELL_PARAMETERS angstrom
9.86520000000000 0.00000000000000 0.00000000000000
0.00000000000000 9.86520000000000 0.00000000000000
0.00000000000000 0.00000000000000 9.86520000000000

ATOMIC_POSITIONS angstrom
O 0.1600000000 0.6300000000 4.1500000000 
H 9.0800000000 0.9800000000 3.9700000000 
H 0.8600000000 1.3600000000 4.0400000000 
O 1.6700000000 4.3200000000 8.4600000000 
H 2.5100000000 3.9300000000 8.2200000000 
H 1.6100000000 5.1300000000 7.8500000000 
O 4.9200000000 5.3400000000 9.5500000000 
H 4.2200000000 5.4300000000 8.8600000000 
H 4.3100000000 5.1800000000 0.4300000000 
O 3.1400000000 4.9600000000 1.8200000000 
H 2.4100000000 4.3400000000 2.0700000000 
H 3.0500000000 5.5400000000 2.6300000000 
O 6.2200000000 1.9700000000 0.1400000000 
H 7.1300000000 2.1700000000 9.7000000000 
H 6.2600000000 1.0700000000 0.5200000000 
O 3.9300000000 2.8600000000 8.1900000000 
H 4.5000000000 3.0000000000 7.3700000000 
H 4.6200000000 2.7500000000 8.9300000000 
O 4.9600000000 7.7200000000 2.4000000000 
H 5.2500000000 6.7800000000 2.1000000000 
H 5.1400000000 7.7300000000 3.3800000000 
O 9.3100000000 8.6400000000 6.4000000000 
H 9.7200000000 9.2900000000 5.8300000000 
H 9.7100000000 8.7500000000 7.2900000000 
O 9.2900000000 2.0800000000 9.1000000000 
H 8.7500000000 1.2200000000 9.0400000000 
H 0.3300000000 1.8500000000 8.7100000000 
O 2.8500000000 9.1300000000 1.6500000000 
H 3.5200000000 8.4600000000 1.9000000000 
H 3.1300000000 0.1500000000 2.0300000000 
O 1.1100000000 7.9100000000 3.4500000000 
H 0.7800000000 8.6800000000 3.8800000000 
H 1.7000000000 8.4000000000 2.8100000000 
O 5.6000000000 7.4700000000 5.3500000000 
H 6.3900000000 6.8800000000 5.0700000000 
H 5.9400000000 7.6900000000 6.2300000000 
O 7.2700000000 1.2600000000 3.5900000000 
H 6.4400000000 0.9800000000 3.8700000000 
H 7.0900000000 2.2300000000 3.7300000000 
O 2.9100000000 2.7300000000 4.7100000000 
H 3.4800000000 3.3700000000 5.2100000000 
H 3.4500000000 2.5000000000 3.9100000000 
O 6.6900000000 9.3500000000 1.2500000000 
H 7.0600000000 9.8400000000 2.0100000000 
H 6.1500000000 8.6500000000 1.6700000000 
O 0.2900000000 3.8400000000 5.2000000000 
H 1.1000000000 3.3200000000 4.9600000000 
H 0.1400000000 4.4600000000 4.5100000000 
O 6.8700000000 5.6800000000 1.5700000000 
H 6.2800000000 5.2400000000 0.9600000000 
H 7.7200000000 5.9000000000 1.0100000000 
O 2.4800000000 9.1100000000 8.5400000000 
H 2.5000000000 9.4700000000 9.4600000000 
H 2.2600000000 0.1000000000 8.0900000000 
O 1.5400000000 1.6000000000 7.3500000000 
H 2.3400000000 2.1400000000 7.6500000000 
H 1.4700000000 1.8800000000 6.3700000000 
O 8.2700000000 9.3600000000 9.0400000000 
H 7.6800000000 9.2000000000 9.8200000000 
H 7.8000000000 9.0100000000 8.2500000000 
O 9.3400000000 5.2100000000 9.7500000000 
H 0.1500000000 4.7000000000 9.2000000000 
H 9.7700000000 6.1900000000 9.7400000000 
O 1.3900000000 3.0000000000 1.2200000000 
H 0.4300000000 2.7200000000 1.3200000000 
H 1.2900000000 3.3100000000 0.2900000000 
O 3.2000000000 6.2600000000 4.1700000000 
H 2.4400000000 6.9200000000 4.0200000000 
H 3.9200000000 6.8300000000 4.5900000000 
O 7.7000000000 4.0400000000 7.4200000000 
H 8.4100000000 4.1100000000 6.6900000000 
H 8.2300000000 3.9400000000 8.2800000000 
O 6.6400000000 3.9500000000 3.5800000000 
H 7.0300000000 4.8200000000 3.9000000000 
H 6.6700000000 4.2500000000 2.6100000000 
O 0.6000000000 7.5900000000 0.2900000000 
H 0.0400000000 8.3800000000 0.0600000000 
H 1.4500000000 7.6500000000 9.7600000000 
O 5.2700000000 3.6500000000 5.9500000000 
H 6.0500000000 3.8800000000 6.4600000000 
H 5.5600000000 3.9600000000 5.0800000000 
O 9.7400000000 5.4800000000 2.6600000000 
H 9.5900000000 5.4200000000 1.7200000000 
H 0.2800000000 6.4300000000 2.7800000000 
O 3.3300000000 6.5800000000 7.5500000000 
H 3.4200000000 6.5700000000 6.5500000000 
H 3.0800000000 7.5200000000 7.8900000000 
O 3.6200000000 1.8400000000 2.3300000000 
H 4.3200000000 2.1600000000 1.7100000000 
H 2.7900000000 2.1800000000 1.9400000000 
O 7.9800000000 6.2200000000 4.5500000000 
H 8.5200000000 5.9200000000 3.7500000000 
H 8.6200000000 6.8600000000 4.8500000000 
O 6.6400000000 7.1000000000 8.1000000000 
H 7.2300000000 6.3200000000 7.9700000000 
H 5.9200000000 6.6100000000 8.5500000000 

