&CONTROL
/
&SYSTEM
   ntyp             = 2
   nat              = 96
   ibrav            = 0
/
&ELECTRONS
/
&IONS
/
&CELL
/

ATOMIC_SPECIES
O 15.999 None
H 1.008 None

K_POINTS gamma

CELL_PARAMETERS angstrom
9.86520000000000 0.00000000000000 0.00000000000000
0.00000000000000 9.86520000000000 0.00000000000000
0.00000000000000 0.00000000000000 9.86520000000000

ATOMIC_POSITIONS angstrom
O 2.9100000000 0.2500000000 4.0900000000 
H 2.9200000000 9.4900000000 3.3600000000 
H 2.3600000000 9.5600000000 4.6900000000 
O 0.3500000000 6.1900000000 7.0900000000 
H 9.5200000000 5.6800000000 6.6000000000 
H 1.0200000000 5.4900000000 7.4000000000 
O 6.6900000000 1.9300000000 5.3200000000 
H 6.5200000000 1.4000000000 6.1500000000 
H 7.4300000000 1.4000000000 4.8900000000 
O 7.5500000000 4.5300000000 2.7300000000 
H 8.2000000000 4.3800000000 3.4500000000 
H 6.6800000000 4.2200000000 3.0700000000 
O 0.5500000000 2.4700000000 0.9100000000 
H 0.6000000000 2.1800000000 9.8400000000 
H 0.7400000000 3.4700000000 0.9500000000 
O 3.4000000000 1.7800000000 6.1400000000 
H 4.1300000000 1.1900000000 6.4300000000 
H 3.0200000000 1.2500000000 5.3500000000 
O 4.4500000000 3.6000000000 9.2900000000 
H 4.0700000000 2.8500000000 9.8600000000 
H 5.3200000000 3.1700000000 9.1700000000 
O 6.4300000000 6.3200000000 6.7600000000 
H 6.2300000000 6.3600000000 7.7300000000 
H 6.8700000000 5.5000000000 6.7000000000 
O 5.5800000000 0.5500000000 7.6100000000 
H 5.0000000000 9.8000000000 8.0500000000 
H 6.0500000000 1.0400000000 8.3800000000 
O 5.1300000000 3.2600000000 3.3700000000 
H 5.2900000000 2.9100000000 4.2500000000 
H 4.9400000000 2.4600000000 2.8600000000 
O 8.6400000000 0.4700000000 1.5300000000 
H 8.5300000000 0.3900000000 2.4800000000 
H 9.3800000000 1.1000000000 1.4100000000 
O 3.4200000000 1.5700000000 0.8500000000 
H 2.4600000000 1.7700000000 0.9900000000 
H 3.6100000000 0.6500000000 1.0700000000 
O 8.0000000000 4.9300000000 9.7500000000 
H 7.8600000000 4.7600000000 0.8300000000 
H 8.7100000000 5.5900000000 9.7600000000 
O 1.3000000000 1.3900000000 8.3000000000 
H 1.1600000000 0.4500000000 8.5900000000 
H 2.2600000000 1.4700000000 8.2000000000 
O 7.6800000000 8.5800000000 9.5300000000 
H 7.1300000000 8.1100000000 0.3300000000 
H 8.1500000000 9.1100000000 0.3000000000 
O 3.4400000000 5.4700000000 3.1800000000 
H 4.0700000000 4.7200000000 3.0700000000 
H 3.3700000000 5.6300000000 4.1500000000 
O 2.4300000000 5.0400000000 8.4400000000 
H 2.2100000000 5.2200000000 9.3800000000 
H 3.2800000000 4.5100000000 8.4800000000 
O 9.0500000000 9.7900000000 4.4000000000 
H 0.1600000000 9.5600000000 4.2300000000 
H 8.8600000000 9.3100000000 5.2700000000 
O 5.5200000000 8.2600000000 4.5400000000 
H 6.1600000000 8.1700000000 5.2600000000 
H 4.7400000000 7.9600000000 5.0100000000 
O 1.5400000000 8.2300000000 5.3800000000 
H 0.9200000000 7.7000000000 5.8700000000 
H 2.3400000000 7.6900000000 5.5500000000 
O 3.7000000000 6.0400000000 5.8200000000 
H 4.6600000000 6.1100000000 6.1500000000 
H 3.3500000000 5.4400000000 6.5100000000 
O 4.0300000000 8.5400000000 8.5800000000 
H 3.1000000000 8.4100000000 8.9000000000 
H 4.3100000000 7.6800000000 8.4400000000 
O 6.8700000000 7.2500000000 2.0700000000 
H 7.2100000000 6.3900000000 2.3000000000 
H 6.5300000000 7.6800000000 2.9600000000 
O 8.2700000000 8.6800000000 6.9600000000 
H 7.5200000000 8.0100000000 6.7600000000 
H 8.0500000000 8.9700000000 7.8800000000 
O 1.5500000000 5.0500000000 1.2200000000 
H 1.1300000000 5.8300000000 1.4800000000 
H 2.1900000000 5.0500000000 2.0200000000 
O 0.7200000000 8.4900000000 8.5200000000 
H 0.6800000000 7.5300000000 8.3600000000 
H 0.1200000000 8.7700000000 7.8200000000 
O 0.2900000000 7.5000000000 1.1900000000 
H 0.4700000000 8.0600000000 0.4200000000 
H 9.8200000000 8.1100000000 1.9000000000 
O 3.3400000000 8.1100000000 2.3800000000 
H 3.2900000000 7.1700000000 2.6200000000 
H 4.1600000000 8.2500000000 1.9000000000 
O 8.2500000000 4.2800000000 5.5400000000 
H 9.1200000000 3.9500000000 5.7800000000 
H 7.6400000000 3.5400000000 5.5700000000 
O 6.8400000000 2.1000000000 9.4900000000 
H 7.5700000000 2.7500000000 9.4400000000 
H 7.0600000000 1.7400000000 0.4800000000 
O 0.8700000000 3.6000000000 6.3400000000 
H 1.8500000000 3.5800000000 6.3000000000 
H 0.6600000000 2.8800000000 6.9500000000 
O 5.2300000000 6.1800000000 9.3300000000 
H 5.0400000000 5.2500000000 9.4200000000 
H 5.6300000000 6.2800000000 0.3700000000 

