&CONTROL
/
&SYSTEM
   ntyp             = 2
   nat              = 96
   ibrav            = 0
/
&ELECTRONS
/
&IONS
/
&CELL
/

ATOMIC_SPECIES
O 15.999 None
H 1.008 None

K_POINTS gamma

CELL_PARAMETERS angstrom
9.86520000000000 0.00000000000000 0.00000000000000
0.00000000000000 9.86520000000000 0.00000000000000
0.00000000000000 0.00000000000000 9.86520000000000

ATOMIC_POSITIONS angstrom
O 0.5700000000 9.7200000000 4.3400000000 
H 9.6300000000 0.2500000000 4.7300000000 
H 0.4800000000 9.7000000000 3.3200000000 
O 4.4600000000 2.8200000000 8.6200000000 
H 4.7100000000 3.1000000000 9.5300000000 
H 3.6300000000 3.3700000000 8.3500000000 
O 5.3900000000 9.5600000000 8.2700000000 
H 5.6800000000 0.1500000000 9.0200000000 
H 5.8300000000 0.2000000000 7.5200000000 
O 5.3000000000 8.3600000000 1.0200000000 
H 5.3000000000 9.3500000000 1.0400000000 
H 4.3200000000 8.2400000000 0.9900000000 
O 6.8800000000 3.5600000000 0.4400000000 
H 6.8700000000 3.7200000000 9.3300000000 
H 7.1300000000 2.6100000000 0.3700000000 
O 5.5500000000 1.6000000000 6.1600000000 
H 5.0000000000 1.7300000000 6.9900000000 
H 5.5200000000 2.3600000000 5.6000000000 
O 5.1500000000 9.4400000000 4.6800000000 
H 4.5500000000 9.6100000000 3.8900000000 
H 5.2900000000 0.4000000000 5.0900000000 
O 2.1200000000 4.2700000000 8.5300000000 
H 2.3500000000 5.1800000000 8.2400000000 
H 1.8100000000 4.4300000000 9.4100000000 
O 7.5800000000 0.9600000000 9.8200000000 
H 8.0200000000 0.1600000000 9.3500000000 
H 7.9900000000 0.8800000000 0.8300000000 
O 2.6300000000 7.3900000000 0.5500000000 
H 2.5900000000 7.1500000000 9.4600000000 
H 2.4100000000 6.5400000000 0.9700000000 
O 0.2800000000 9.4800000000 1.4900000000 
H 1.2000000000 9.7800000000 1.4800000000 
H 0.2300000000 8.8600000000 0.7500000000 
O 2.6900000000 6.7900000000 7.6200000000 
H 3.5900000000 6.7400000000 7.2900000000 
H 2.5400000000 7.8200000000 7.5600000000 
O 7.2900000000 1.1100000000 2.7900000000 
H 6.3500000000 1.1100000000 2.7800000000 
H 7.5500000000 0.8400000000 3.7000000000 
O 5.5600000000 4.3500000000 5.1200000000 
H 5.9400000000 5.1300000000 4.7300000000 
H 4.6400000000 4.4400000000 4.7900000000 
O 4.3400000000 1.4600000000 1.8900000000 
H 3.4600000000 1.3500000000 1.3900000000 
H 4.3800000000 2.4200000000 2.1000000000 
O 3.2100000000 4.7000000000 4.3500000000 
H 2.6500000000 5.5000000000 4.5000000000 
H 2.6700000000 3.9400000000 4.5300000000 
O 4.6500000000 4.2400000000 1.5700000000 
H 5.5500000000 4.2900000000 1.2100000000 
H 4.7800000000 4.9000000000 2.2900000000 
O 2.6200000000 9.2700000000 6.4800000000 
H 2.0000000000 9.6400000000 5.7900000000 
H 2.8200000000 0.1900000000 6.9800000000 
O 1.4800000000 1.7300000000 7.1700000000 
H 0.5200000000 1.7800000000 6.9000000000 
H 1.5100000000 2.5800000000 7.6700000000 
O 8.3600000000 8.6100000000 8.3600000000 
H 8.1500000000 8.3000000000 7.4700000000 
H 7.7800000000 8.0600000000 8.9200000000 
O 8.4800000000 3.5500000000 2.5700000000 
H 8.1700000000 2.5900000000 2.7400000000 
H 7.9300000000 3.6500000000 1.7600000000 
O 2.1200000000 1.3600000000 0.1800000000 
H 1.3800000000 1.8700000000 9.7300000000 
H 2.6600000000 1.3600000000 9.2200000000 
O 1.3400000000 7.2500000000 4.7500000000 
H 2.0700000000 7.6000000000 5.3900000000 
H 0.9700000000 8.1100000000 4.4400000000 
O 8.3100000000 1.2500000000 5.3500000000 
H 7.4100000000 1.2200000000 5.8300000000 
H 8.8800000000 1.8000000000 5.9400000000 
O 5.7200000000 6.4500000000 3.1400000000 
H 5.7600000000 7.2100000000 3.7700000000 
H 5.8200000000 6.8600000000 2.2700000000 
O 1.8800000000 4.7100000000 1.4800000000 
H 1.5700000000 4.1900000000 2.2300000000 
H 2.7600000000 4.4000000000 1.3700000000 
O 6.8300000000 4.6800000000 7.7900000000 
H 6.2900000000 5.5100000000 7.8900000000 
H 6.4100000000 4.3200000000 6.9700000000 
O 8.6200000000 5.8300000000 4.6400000000 
H 8.5400000000 5.3300000000 3.8000000000 
H 9.5300000000 6.3300000000 4.5900000000 
O 9.2600000000 3.7400000000 6.5700000000 
H 9.2500000000 4.4800000000 5.8900000000 
H 8.6100000000 4.0600000000 7.1900000000 
O 1.0000000000 3.2900000000 3.5800000000 
H 0.7600000000 2.3000000000 3.6300000000 
H 0.1100000000 3.6900000000 3.4600000000 
O 7.4100000000 8.0300000000 5.8000000000 
H 7.6500000000 7.3800000000 5.1400000000 
H 6.7600000000 8.6300000000 5.2300000000 
O 5.3900000000 7.0300000000 7.5100000000 
H 5.0600000000 7.9000000000 7.8800000000 
H 6.0400000000 7.3400000000 6.8200000000 

