&CONTROL
/
&SYSTEM
   ntyp             = 2
   nat              = 96
   ibrav            = 0
/
&ELECTRONS
/
&IONS
/
&CELL
/

ATOMIC_SPECIES
O 15.999 None
H 1.008 None

K_POINTS gamma

CELL_PARAMETERS angstrom
9.86520000000000 0.00000000000000 0.00000000000000
0.00000000000000 9.86520000000000 0.00000000000000
0.00000000000000 0.00000000000000 9.86520000000000

ATOMIC_POSITIONS angstrom
O 7.2300000000 0.0700000000 2.7900000000 
H 8.1500000000 0.3900000000 2.5100000000 
H 7.1000000000 0.3100000000 3.7500000000 
O 1.4600000000 5.4300000000 9.1700000000 
H 1.3000000000 4.5800000000 8.7100000000 
H 1.3200000000 6.0500000000 8.3800000000 
O 7.4600000000 1.1900000000 5.1700000000 
H 8.2300000000 1.8200000000 5.2700000000 
H 7.4100000000 0.8900000000 6.1000000000 
O 4.5700000000 4.4500000000 3.9700000000 
H 4.3000000000 4.1000000000 3.1000000000 
H 4.7200000000 3.6800000000 4.6100000000 
O 3.4900000000 4.0000000000 7.2500000000 
H 3.7700000000 3.4400000000 6.5200000000 
H 2.5800000000 3.6400000000 7.3600000000 
O 4.4300000000 0.2200000000 2.8300000000 
H 5.4200000000 0.3500000000 2.8600000000 
H 4.4100000000 9.1500000000 3.1800000000 
O 0.8900000000 3.4600000000 7.6500000000 
H 0.2100000000 3.2400000000 8.3200000000 
H 0.4300000000 3.3800000000 6.8100000000 
O 6.4100000000 8.5100000000 9.7200000000 
H 6.5400000000 8.9600000000 0.7000000000 
H 7.0100000000 7.7600000000 9.6800000000 
O 3.6900000000 9.3600000000 5.7600000000 
H 4.0500000000 8.5400000000 5.3100000000 
H 3.6000000000 9.0300000000 6.6900000000 
O 3.4300000000 2.7000000000 1.9100000000 
H 2.6900000000 2.8400000000 2.5600000000 
H 3.7600000000 1.8100000000 2.1600000000 
O 0.1000000000 0.5900000000 2.0000000000 
H 0.6600000000 0.0200000000 1.3700000000 
H 0.4800000000 0.5300000000 2.8900000000 
O 4.9800000000 2.2700000000 5.5900000000 
H 5.9200000000 2.0800000000 5.3600000000 
H 4.5500000000 1.3700000000 5.7800000000 
O 9.2900000000 2.1800000000 9.7500000000 
H 8.3100000000 1.9100000000 9.8100000000 
H 9.5700000000 1.6900000000 0.7500000000 
O 0.4400000000 7.4200000000 7.4700000000 
H 0.4600000000 7.3400000000 6.4800000000 
H 0.6000000000 8.3800000000 7.4700000000 
O 8.4700000000 6.7400000000 9.6300000000 
H 8.1300000000 5.9000000000 9.2000000000 
H 9.1200000000 7.0900000000 8.9200000000 
O 4.7700000000 3.9500000000 9.6800000000 
H 4.1000000000 3.5300000000 0.4200000000 
H 4.2800000000 4.0000000000 8.7800000000 
O 3.3100000000 6.4500000000 1.0900000000 
H 3.8600000000 5.7900000000 0.6600000000 
H 2.5300000000 6.4600000000 0.4000000000 
O 7.6800000000 5.4400000000 7.3000000000 
H 7.9400000000 5.0100000000 6.4500000000 
H 7.9100000000 6.3400000000 7.0700000000 
O 3.9600000000 8.5000000000 8.2600000000 
H 3.9300000000 7.6700000000 7.8000000000 
H 4.8100000000 8.3700000000 8.7600000000 
O 7.3500000000 0.4400000000 7.8100000000 
H 7.1900000000 1.1400000000 8.4800000000 
H 6.9600000000 9.5300000000 8.3100000000 
O 9.3500000000 5.3000000000 1.9400000000 
H 9.4700000000 4.6600000000 1.2200000000 
H 9.2000000000 6.1600000000 1.5700000000 
O 2.1900000000 9.5600000000 0.5100000000 
H 2.9300000000 9.4500000000 1.1700000000 
H 2.6300000000 9.2200000000 9.5700000000 
O 4.8900000000 6.3800000000 6.2100000000 
H 4.2300000000 5.6600000000 6.0800000000 
H 5.4800000000 5.8900000000 6.7900000000 
O 1.3900000000 0.2400000000 4.3900000000 
H 0.9400000000 0.5100000000 5.2700000000 
H 2.3300000000 0.0900000000 4.6100000000 
O 6.6800000000 1.9700000000 0.3500000000 
H 5.8900000000 2.4200000000 0.0600000000 
H 6.4500000000 1.9500000000 1.3100000000 
O 0.2000000000 7.4300000000 4.7000000000 
H 0.7300000000 8.1200000000 4.2800000000 
H 9.1700000000 7.6600000000 4.5100000000 
O 9.7300000000 2.7900000000 5.1800000000 
H 9.0500000000 3.3900000000 4.8000000000 
H 0.5200000000 2.6700000000 4.4800000000 
O 4.8100000000 7.2700000000 3.3600000000 
H 4.4200000000 7.1100000000 2.4400000000 
H 4.7900000000 6.3400000000 3.8500000000 
O 0.3500000000 0.4700000000 7.5200000000 
H 9.2500000000 0.1200000000 7.7200000000 
H 0.5100000000 1.3000000000 8.0000000000 
O 7.8200000000 4.6400000000 4.4500000000 
H 8.2100000000 5.0500000000 3.6600000000 
H 6.9200000000 5.0400000000 4.4500000000 
O 1.5600000000 3.9800000000 3.3200000000 
H 2.1600000000 4.6100000000 2.8600000000 
H 0.6800000000 4.3000000000 3.0900000000 
O 7.5400000000 7.6400000000 4.5400000000 
H 6.5200000000 7.5700000000 4.6300000000 
H 7.5500000000 8.3800000000 3.9700000000 

