&CONTROL
/
&SYSTEM
   ntyp             = 2
   nat              = 96
   ibrav            = 0
/
&ELECTRONS
/
&IONS
/
&CELL
/

ATOMIC_SPECIES
O 15.999 None
H 1.008 None

K_POINTS gamma

CELL_PARAMETERS angstrom
9.86520000000000 0.00000000000000 0.00000000000000
0.00000000000000 9.86520000000000 0.00000000000000
0.00000000000000 0.00000000000000 9.86520000000000

ATOMIC_POSITIONS angstrom
O 9.4700000000 8.3000000000 5.5800000000 
H 0.4100000000 8.0500000000 5.0400000000 
H 8.8800000000 7.6400000000 5.1000000000 
O 1.6900000000 4.5500000000 8.4400000000 
H 1.2800000000 5.4800000000 8.4300000000 
H 2.6300000000 4.7300000000 8.6100000000 
O 7.9300000000 9.2200000000 0.0900000000 
H 8.2700000000 9.5400000000 0.8900000000 
H 8.4700000000 9.5800000000 9.2000000000 
O 1.8200000000 6.7200000000 4.7100000000 
H 1.7500000000 6.0000000000 5.3600000000 
H 2.1300000000 6.2800000000 3.8700000000 
O 4.6500000000 6.3400000000 5.9300000000 
H 4.8200000000 6.2700000000 4.9500000000 
H 4.5200000000 7.3500000000 6.0300000000 
O 5.3500000000 3.4300000000 0.4000000000 
H 6.1700000000 3.0200000000 0.7800000000 
H 4.5500000000 2.8600000000 0.7300000000 
O 4.3100000000 3.0100000000 6.6800000000 
H 4.3300000000 2.8200000000 5.7300000000 
H 3.4800000000 2.5600000000 7.0200000000 
O 5.3100000000 7.4100000000 3.2000000000 
H 5.5400000000 6.4400000000 2.9200000000 
H 6.2200000000 7.8300000000 3.2600000000 
O 5.4900000000 2.0000000000 4.0700000000 
H 4.8100000000 1.3400000000 3.6500000000 
H 6.4000000000 1.6000000000 4.1300000000 
O 2.9800000000 2.1200000000 1.3500000000 
H 2.5100000000 2.3000000000 2.1900000000 
H 2.3800000000 2.0300000000 0.6400000000 
O 9.4200000000 9.0200000000 2.5800000000 
H 9.7200000000 8.2100000000 3.0600000000 
H 0.1700000000 8.8600000000 1.7600000000 
O 5.6100000000 4.4800000000 3.2000000000 
H 5.7200000000 3.9100000000 2.3800000000 
H 5.5200000000 3.6700000000 3.8000000000 
O 1.2700000000 5.5100000000 2.2800000000 
H 0.5400000000 5.4800000000 1.6800000000 
H 2.0000000000 5.8300000000 1.7000000000 
O 0.2300000000 4.7600000000 6.1800000000 
H 9.1100000000 4.9500000000 6.4200000000 
H 0.6000000000 4.6000000000 7.1100000000 
O 8.9000000000 5.3000000000 0.8200000000 
H 8.8000000000 4.4800000000 0.3600000000 
H 8.4000000000 5.8700000000 0.1700000000 
O 4.3400000000 9.3600000000 0.5900000000 
H 4.1600000000 0.4700000000 0.5400000000 
H 5.3300000000 9.3400000000 0.4900000000 
O 3.2100000000 6.4900000000 0.6700000000 
H 3.7200000000 6.0700000000 9.7300000000 
H 3.7800000000 7.2100000000 1.0100000000 
O 7.3100000000 2.6100000000 7.3100000000 
H 7.1700000000 3.2500000000 6.5800000000 
H 6.3900000000 2.4700000000 7.5500000000 
O 2.7600000000 9.1400000000 6.1100000000 
H 2.9500000000 9.5700000000 5.2400000000 
H 2.7000000000 8.1600000000 5.8900000000 
O 9.5500000000 2.9700000000 9.4800000000 
H 0.5900000000 3.2700000000 9.0700000000 
H 9.0800000000 2.6500000000 8.6700000000 
O 7.4500000000 2.1400000000 1.4400000000 
H 7.6900000000 2.0500000000 2.4300000000 
H 8.3600000000 2.3600000000 1.0900000000 
O 0.5400000000 6.9700000000 8.2800000000 
H 1.1100000000 7.6100000000 8.8100000000 
H 0.4500000000 7.4300000000 7.4500000000 
O 7.2200000000 7.0300000000 8.4400000000 
H 6.4700000000 6.8400000000 9.0400000000 
H 7.5800000000 7.8600000000 8.9200000000 
O 1.4100000000 2.9600000000 3.7000000000 
H 1.3300000000 3.6300000000 4.4200000000 
H 1.3700000000 3.5500000000 2.8400000000 
O 4.4000000000 5.2500000000 8.6100000000 
H 5.0100000000 4.4500000000 8.9000000000 
H 4.6500000000 5.3200000000 7.6400000000 
O 7.4200000000 5.3100000000 6.3200000000 
H 7.4400000000 5.9500000000 7.0400000000 
H 6.4500000000 5.3100000000 6.0900000000 
O 2.0700000000 0.8800000000 8.1900000000 
H 2.5200000000 0.2100000000 7.5700000000 
H 1.1300000000 0.8600000000 7.9200000000 
O 3.6600000000 9.5700000000 3.4300000000 
H 4.0400000000 8.6400000000 3.5100000000 
H 3.6900000000 9.8100000000 2.4800000000 
O 1.3200000000 9.0400000000 0.3300000000 
H 1.2800000000 9.6900000000 9.4600000000 
H 2.2500000000 9.0600000000 0.6600000000 
O 8.6400000000 1.5900000000 3.8200000000 
H 9.5100000000 2.0500000000 3.8600000000 
H 8.9500000000 0.7200000000 3.5400000000 
O 8.1700000000 6.4400000000 3.6900000000 
H 8.3600000000 5.8600000000 2.8400000000 
H 8.0000000000 5.8200000000 4.4800000000 
O 9.2700000000 0.3900000000 7.4700000000 
H 9.3600000000 9.7400000000 6.7100000000 
H 8.5300000000 1.0200000000 7.2100000000 

