&CONTROL
/
&SYSTEM
   ntyp             = 2
   nat              = 96
   ibrav            = 0
/
&ELECTRONS
/
&IONS
/
&CELL
/

ATOMIC_SPECIES
O 15.999 None
H 1.008 None

K_POINTS gamma

CELL_PARAMETERS angstrom
9.86520000000000 0.00000000000000 0.00000000000000
0.00000000000000 9.86520000000000 0.00000000000000
0.00000000000000 0.00000000000000 9.86520000000000

ATOMIC_POSITIONS angstrom
O 6.2300000000 1.5600000000 3.5500000000 
H 6.9000000000 1.6100000000 4.2700000000 
H 6.0300000000 0.6000000000 3.6000000000 
O 7.5500000000 0.5200000000 9.3800000000 
H 8.5300000000 0.7200000000 9.3000000000 
H 7.2400000000 1.1700000000 0.2000000000 
O 9.1200000000 5.3400000000 6.9400000000 
H 9.2400000000 5.4100000000 5.9500000000 
H 9.4900000000 6.1600000000 7.3800000000 
O 1.1600000000 2.0300000000 4.2000000000 
H 2.0500000000 2.4000000000 4.3000000000 
H 0.8600000000 2.5900000000 3.4600000000 
O 0.3500000000 0.5500000000 9.2100000000 
H 0.6300000000 1.5000000000 9.0000000000 
H 1.1400000000 0.1200000000 9.6300000000 
O 5.4900000000 4.3900000000 0.3600000000 
H 6.2200000000 4.7700000000 9.6500000000 
H 4.8800000000 4.2300000000 9.4700000000 
O 6.5300000000 4.5600000000 5.1000000000 
H 7.4000000000 4.6000000000 4.6900000000 
H 6.5700000000 5.5200000000 5.5700000000 
O 0.9100000000 5.5700000000 0.5100000000 
H 0.7400000000 6.2000000000 9.6200000000 
H 1.1800000000 6.1800000000 1.2700000000 
O 4.4300000000 7.5200000000 0.2900000000 
H 4.1600000000 7.2300000000 9.2700000000 
H 3.7900000000 8.2900000000 0.3400000000 
O 9.3800000000 5.3900000000 4.2900000000 
H 9.7400000000 4.7500000000 3.6300000000 
H 9.1600000000 6.1700000000 3.7000000000 
O 3.4700000000 9.3600000000 7.0900000000 
H 2.7000000000 9.2000000000 6.5100000000 
H 3.8800000000 8.5400000000 6.9900000000 
O 7.2800000000 7.5300000000 0.2200000000 
H 6.3300000000 7.5400000000 0.6100000000 
H 7.4100000000 8.4400000000 9.7200000000 
O 8.3000000000 9.4100000000 6.4300000000 
H 8.3000000000 0.3400000000 5.8700000000 
H 8.4600000000 9.7300000000 7.3700000000 
O 6.9100000000 5.5100000000 8.3800000000 
H 7.7900000000 5.4300000000 7.8500000000 
H 7.1300000000 6.2400000000 9.0600000000 
O 3.4600000000 0.3200000000 3.3400000000 
H 3.7200000000 1.2800000000 3.4200000000 
H 2.8500000000 0.2900000000 4.0700000000 
O 1.0200000000 9.1600000000 5.1300000000 
H 0.8600000000 0.1900000000 4.6600000000 
H 0.1500000000 8.8600000000 5.5700000000 
O 0.0500000000 3.6900000000 2.3200000000 
H 9.2000000000 3.0800000000 2.0400000000 
H 0.0400000000 4.2900000000 1.5100000000 
O 3.6600000000 2.9900000000 4.2400000000 
H 3.6300000000 3.6000000000 3.4500000000 
H 4.4200000000 3.2900000000 4.8100000000 
O 2.7400000000 9.6100000000 0.5300000000 
H 2.9300000000 9.5600000000 1.5100000000 
H 3.2500000000 0.5900000000 0.4400000000 
O 3.6300000000 3.7900000000 8.0800000000 
H 3.9000000000 2.7900000000 8.0400000000 
H 2.6000000000 3.7400000000 8.2300000000 
O 4.5700000000 1.3400000000 8.8100000000 
H 4.1800000000 0.6300000000 8.2300000000 
H 5.4700000000 1.4300000000 8.4300000000 
O 4.1000000000 5.9500000000 4.7800000000 
H 3.6200000000 5.5800000000 4.0200000000 
H 4.8500000000 5.3900000000 4.9600000000 
O 8.4400000000 2.0000000000 5.3500000000 
H 9.4500000000 2.0500000000 5.0100000000 
H 8.3100000000 2.9800000000 5.6300000000 
O 1.5900000000 7.4500000000 2.5800000000 
H 0.8600000000 8.0200000000 3.0200000000 
H 2.4600000000 7.9000000000 2.6600000000 
O 0.8500000000 3.4700000000 8.3900000000 
H 0.7300000000 4.0100000000 9.2100000000 
H 0.4500000000 3.9700000000 7.7200000000 
O 0.7900000000 7.4100000000 8.1100000000 
H 0.7000000000 8.3000000000 8.4800000000 
H 1.7700000000 7.2600000000 8.1000000000 
O 3.3400000000 6.4400000000 7.5600000000 
H 3.6100000000 5.6300000000 7.9800000000 
H 3.3500000000 6.1300000000 6.6300000000 
O 5.9500000000 8.4700000000 3.7400000000 
H 6.1200000000 8.2200000000 4.6400000000 
H 5.0300000000 8.3000000000 3.5900000000 
O 7.4200000000 2.6700000000 1.4700000000 
H 7.0800000000 2.3000000000 2.3300000000 
H 6.7500000000 3.4400000000 1.3900000000 
O 6.3800000000 7.1900000000 6.2700000000 
H 6.9500000000 7.9500000000 6.5900000000 
H 5.9800000000 6.6800000000 7.0000000000 
O 3.4700000000 5.0700000000 2.3000000000 
H 4.2300000000 5.0600000000 1.7400000000 
H 2.7700000000 5.5400000000 1.7400000000 
O 8.4200000000 7.6000000000 2.7200000000 
H 8.2700000000 7.4100000000 1.8100000000 
H 7.6000000000 8.0300000000 3.0800000000 

