&CONTROL
/
&SYSTEM
   ntyp             = 2
   nat              = 96
   ibrav            = 0
/
&ELECTRONS
/
&IONS
/
&CELL
/

ATOMIC_SPECIES
O 15.999 None
H 1.008 None

K_POINTS gamma

CELL_PARAMETERS angstrom
9.86520000000000 0.00000000000000 0.00000000000000
0.00000000000000 9.86520000000000 0.00000000000000
0.00000000000000 0.00000000000000 9.86520000000000

ATOMIC_POSITIONS angstrom
O 5.0600000000 7.3200000000 5.5100000000 
H 4.9100000000 8.1700000000 5.0600000000 
H 4.8000000000 7.5000000000 6.4000000000 
O 9.7500000000 2.6600000000 3.2300000000 
H 0.2500000000 3.2000000000 2.5200000000 
H 0.4000000000 2.8400000000 4.0900000000 
O 6.8100000000 3.1900000000 5.4000000000 
H 6.0000000000 3.0400000000 4.9100000000 
H 7.4400000000 2.9200000000 4.7100000000 
O 6.1000000000 8.7400000000 0.5800000000 
H 7.0400000000 9.0400000000 0.6900000000 
H 5.6400000000 8.9700000000 1.3600000000 
O 2.2200000000 9.4800000000 6.5200000000 
H 1.9700000000 8.6900000000 5.9500000000 
H 2.1700000000 9.1300000000 7.4400000000 
O 7.5400000000 0.2000000000 5.0000000000 
H 6.6500000000 0.3100000000 5.4400000000 
H 7.8800000000 9.3800000000 5.6100000000 
O 7.6000000000 1.1500000000 2.4000000000 
H 8.3700000000 1.6100000000 2.8300000000 
H 7.4100000000 0.5900000000 3.2500000000 
O 1.1200000000 3.4500000000 0.9100000000 
H 1.5600000000 4.0700000000 0.2700000000 
H 1.4600000000 2.5700000000 0.5800000000 
O 0.7700000000 0.3600000000 1.6800000000 
H 0.2000000000 1.0800000000 2.0500000000 
H 0.7600000000 9.5300000000 2.3500000000 
O 9.4600000000 9.3700000000 8.2400000000 
H 8.8000000000 8.7100000000 7.9900000000 
H 9.1700000000 0.3700000000 7.8000000000 
O 3.1300000000 3.2500000000 8.3700000000 
H 2.7700000000 4.1600000000 8.5100000000 
H 3.5100000000 3.3700000000 7.4400000000 
O 8.8300000000 2.0500000000 7.4600000000 
H 8.3800000000 2.2200000000 8.3600000000 
H 7.9900000000 2.1000000000 6.9800000000 
O 2.8100000000 5.5400000000 9.6300000000 
H 2.5400000000 6.5200000000 9.5100000000 
H 3.8200000000 5.6900000000 9.6800000000 
O 4.6900000000 2.9700000000 0.9900000000 
H 4.2600000000 2.7200000000 0.1600000000 
H 5.1100000000 3.8000000000 0.7600000000 
O 8.3500000000 6.5800000000 2.0700000000 
H 8.2900000000 6.6000000000 1.0400000000 
H 7.4800000000 6.6600000000 2.4600000000 
O 3.2800000000 5.1700000000 5.6100000000 
H 4.0800000000 5.7500000000 5.7000000000 
H 3.2100000000 5.2200000000 4.6000000000 
O 3.5900000000 0.3200000000 1.6900000000 
H 4.2700000000 0.8800000000 1.2700000000 
H 2.8600000000 0.9600000000 1.9200000000 
O 0.5600000000 5.1500000000 5.4900000000 
H 0.6100000000 4.1600000000 5.6100000000 
H 1.5300000000 5.2200000000 5.5200000000 
O 2.1800000000 8.4000000000 9.2100000000 
H 2.4800000000 8.8600000000 0.2000000000 
H 1.1800000000 8.6600000000 9.1400000000 
O 1.0000000000 2.5700000000 5.7600000000 
H 0.4100000000 2.4600000000 6.5900000000 
H 1.2300000000 1.6200000000 5.6200000000 
O 8.3200000000 6.0800000000 9.2500000000 
H 9.1300000000 6.5800000000 9.1300000000 
H 8.0500000000 5.8700000000 8.3300000000 
O 4.5800000000 2.6700000000 3.6700000000 
H 3.9600000000 3.4000000000 3.7500000000 
H 4.8300000000 2.6800000000 2.7300000000 
O 0.6500000000 7.4600000000 3.5000000000 
H 0.5000000000 6.7300000000 4.1700000000 
H 9.7300000000 7.2600000000 2.9500000000 
O 5.8300000000 6.7000000000 2.9200000000 
H 5.7800000000 6.6300000000 3.9300000000 
H 4.9000000000 6.7100000000 2.5800000000 
O 5.6300000000 5.4200000000 0.4300000000 
H 5.7100000000 5.7700000000 1.2900000000 
H 6.3300000000 5.8200000000 9.8000000000 
O 3.0300000000 7.5900000000 2.2100000000 
H 2.1200000000 7.5900000000 2.6000000000 
H 3.2600000000 8.5300000000 2.0500000000 
O 7.3400000000 2.1500000000 9.6500000000 
H 6.4000000000 2.4800000000 0.0900000000 
H 7.7100000000 1.8400000000 0.6700000000 
O 4.6300000000 7.9000000000 8.3000000000 
H 5.2000000000 8.0800000000 9.1000000000 
H 3.6400000000 8.1100000000 8.4500000000 
O 2.7600000000 4.8800000000 3.0000000000 
H 2.7300000000 5.8000000000 2.5800000000 
H 2.3800000000 4.3900000000 2.2000000000 
O 7.5800000000 5.5000000000 6.6300000000 
H 7.0100000000 4.7000000000 6.2200000000 
H 8.4600000000 5.3500000000 6.2300000000 
O 4.7800000000 0.2800000000 5.2100000000 
H 3.9300000000 0.3100000000 5.6600000000 
H 4.8800000000 1.0500000000 4.6100000000 
O 7.3000000000 8.2600000000 7.1700000000 
H 7.3800000000 7.2900000000 6.9200000000 
H 6.3500000000 8.5000000000 7.2200000000 

