&CONTROL
/
&SYSTEM
   ntyp             = 2
   nat              = 96
   ibrav            = 0
/
&ELECTRONS
/
&IONS
/
&CELL
/

ATOMIC_SPECIES
O 15.999 None
H 1.008 None

K_POINTS gamma

CELL_PARAMETERS angstrom
9.86520000000000 0.00000000000000 0.00000000000000
0.00000000000000 9.86520000000000 0.00000000000000
0.00000000000000 0.00000000000000 9.86520000000000

ATOMIC_POSITIONS angstrom
O 4.9500000000 4.8500000000 5.4300000000 
H 4.4800000000 4.1900000000 6.0700000000 
H 5.7500000000 5.0600000000 5.8300000000 
O 7.2100000000 9.1200000000 3.1400000000 
H 6.7200000000 0.1300000000 3.2200000000 
H 6.5300000000 8.4700000000 3.1500000000 
O 5.6400000000 1.1200000000 5.6200000000 
H 5.7800000000 1.0800000000 4.6100000000 
H 4.7300000000 0.6500000000 5.6200000000 
O 0.0400000000 9.5800000000 8.5400000000 
H 9.8600000000 0.0400000000 9.4600000000 
H 9.0500000000 9.8200000000 8.2400000000 
O 3.2700000000 1.0600000000 2.3600000000 
H 2.5100000000 1.6400000000 2.6400000000 
H 2.7900000000 0.5500000000 1.6100000000 
O 3.8000000000 9.1500000000 4.4300000000 
H 3.8600000000 8.3100000000 3.9300000000 
H 3.4500000000 9.7100000000 3.7700000000 
O 1.4200000000 1.2900000000 4.5800000000 
H 0.6400000000 0.7900000000 4.8900000000 
H 1.7100000000 1.8300000000 5.3900000000 
O 1.4400000000 2.8400000000 7.1700000000 
H 2.4600000000 2.8400000000 7.2400000000 
H 1.2100000000 2.9200000000 8.1200000000 
O 9.7200000000 6.1800000000 1.6300000000 
H 9.5600000000 6.6400000000 2.5200000000 
H 0.7600000000 6.0400000000 1.8500000000 
O 8.6800000000 2.7100000000 6.0100000000 
H 9.4200000000 3.0000000000 6.5300000000 
H 8.8100000000 1.8200000000 5.8900000000 
O 1.8000000000 5.8300000000 7.3500000000 
H 1.0000000000 6.1200000000 7.8700000000 
H 1.5400000000 4.9700000000 7.0600000000 
O 4.3700000000 3.2100000000 0.4500000000 
H 3.6300000000 2.8700000000 0.9200000000 
H 4.3300000000 4.1600000000 0.5900000000 
O 0.4700000000 3.4800000000 9.6000000000 
H 0.0600000000 4.4300000000 9.7100000000 
H 0.4400000000 3.1000000000 0.6500000000 
O 2.4000000000 6.1100000000 4.6400000000 
H 2.2300000000 6.1800000000 5.6200000000 
H 3.3300000000 5.7700000000 4.7100000000 
O 7.5300000000 5.1900000000 6.5600000000 
H 7.8600000000 5.4400000000 7.4200000000 
H 7.7100000000 4.2400000000 6.4300000000 
O 9.5100000000 6.9200000000 4.2600000000 
H 8.8600000000 6.6600000000 4.9100000000 
H 0.5600000000 6.5700000000 4.4700000000 
O 9.3600000000 9.6800000000 1.3700000000 
H 9.8100000000 0.4900000000 1.9100000000 
H 8.6400000000 9.2700000000 1.9300000000 
O 8.0500000000 3.3500000000 3.5300000000 
H 7.2600000000 2.7200000000 3.4800000000 
H 8.4200000000 3.3200000000 4.4100000000 
O 5.7200000000 1.6500000000 2.8300000000 
H 5.7100000000 2.3400000000 2.0400000000 
H 4.8100000000 1.3100000000 2.7000000000 
O 0.5100000000 2.5000000000 2.3900000000 
H 0.7600000000 2.1900000000 3.2800000000 
H 9.5500000000 2.9600000000 2.5500000000 
O 7.5200000000 3.0200000000 9.2000000000 
H 8.4500000000 3.2800000000 8.9700000000 
H 7.5100000000 2.0900000000 8.9200000000 
O 2.4200000000 6.4100000000 1.7500000000 
H 2.8700000000 7.3000000000 1.7300000000 
H 2.5400000000 6.0500000000 2.6500000000 
O 9.3000000000 6.5000000000 8.6900000000 
H 9.2900000000 6.4900000000 9.7200000000 
H 9.1100000000 7.4500000000 8.5800000000 
O 5.2900000000 8.3400000000 8.5200000000 
H 5.0100000000 7.4500000000 8.8200000000 
H 4.4600000000 8.6000000000 8.0200000000 
O 5.5100000000 7.0400000000 3.5000000000 
H 5.7000000000 6.3500000000 2.7400000000 
H 5.6100000000 6.5100000000 4.3500000000 
O 8.9300000000 9.8500000000 5.1700000000 
H 8.3900000000 9.3400000000 5.8100000000 
H 8.5400000000 9.5700000000 4.3100000000 
O 2.4400000000 9.1900000000 0.1200000000 
H 1.5400000000 9.0800000000 9.6200000000 
H 3.0200000000 9.0400000000 9.1900000000 
O 3.1300000000 8.6000000000 7.1700000000 
H 3.1200000000 8.3700000000 6.1800000000 
H 2.2800000000 9.1100000000 7.2600000000 
O 6.2900000000 5.0900000000 1.4700000000 
H 6.7900000000 4.5500000000 2.1400000000 
H 6.6500000000 4.6700000000 0.6600000000 
O 4.2300000000 3.1500000000 7.4500000000 
H 4.8600000000 2.5800000000 7.0100000000 
H 4.3900000000 2.9800000000 8.4500000000 
O 7.2700000000 0.3400000000 7.6700000000 
H 6.6100000000 9.6000000000 8.0200000000 
H 6.8200000000 0.8700000000 6.9500000000 
O 3.9500000000 6.0300000000 9.2100000000 
H 3.3500000000 6.0700000000 8.4400000000 
H 3.2600000000 6.0100000000 0.1400000000 

