&CONTROL
/
&SYSTEM
   ntyp             = 2
   nat              = 96
   ibrav            = 0
/
&ELECTRONS
/
&IONS
/
&CELL
/

ATOMIC_SPECIES
O 15.999 None
H 1.008 None

K_POINTS gamma

CELL_PARAMETERS angstrom
9.86520000000000 0.00000000000000 0.00000000000000
0.00000000000000 9.86520000000000 0.00000000000000
0.00000000000000 0.00000000000000 9.86520000000000

ATOMIC_POSITIONS angstrom
O 0.1000000000 0.7700000000 7.3800000000 
H 0.3300000000 9.7700000000 7.0100000000 
H 9.4200000000 0.4300000000 8.1000000000 
O 0.4200000000 3.0400000000 4.3300000000 
H 0.6900000000 2.0900000000 4.1900000000 
H 0.6200000000 3.1300000000 5.3000000000 
O 6.5000000000 2.7700000000 4.4500000000 
H 5.6600000000 2.4800000000 4.6900000000 
H 6.8200000000 2.9600000000 5.3100000000 
O 0.3100000000 4.3800000000 0.1100000000 
H 9.5800000000 5.1300000000 9.8200000000 
H 0.8300000000 4.3900000000 9.1800000000 
O 1.9000000000 8.5700000000 1.6100000000 
H 2.4300000000 8.0800000000 2.3200000000 
H 2.5600000000 9.1000000000 1.1500000000 
O 4.3300000000 2.5500000000 9.3000000000 
H 4.9700000000 3.0100000000 0.1000000000 
H 3.9000000000 3.2800000000 8.7900000000 
O 7.1300000000 6.4600000000 6.3000000000 
H 7.2500000000 7.4300000000 6.2600000000 
H 7.6800000000 6.0700000000 5.6300000000 
O 8.5800000000 5.5100000000 4.3000000000 
H 9.0700000000 4.6700000000 4.3100000000 
H 9.2000000000 6.0400000000 3.7900000000 
O 1.3500000000 0.6200000000 3.7700000000 
H 0.6400000000 9.8200000000 4.0400000000 
H 1.5200000000 0.3400000000 2.8000000000 
O 0.6700000000 3.4500000000 7.2500000000 
H 1.6100000000 3.7400000000 7.2600000000 
H 0.7200000000 2.5200000000 7.3900000000 
O 3.4000000000 7.6600000000 5.3900000000 
H 3.5000000000 7.0500000000 4.6700000000 
H 3.6700000000 8.5100000000 4.9400000000 
O 6.5600000000 5.1400000000 9.0900000000 
H 7.3300000000 5.7500000000 8.9700000000 
H 5.7300000000 5.7100000000 8.8400000000 
O 9.5100000000 8.4000000000 3.4900000000 
H 9.7700000000 8.4100000000 2.5500000000 
H 8.5700000000 8.7300000000 3.4500000000 
O 2.7200000000 8.1900000000 7.9600000000 
H 1.9300000000 8.5900000000 7.5900000000 
H 3.2300000000 7.9300000000 7.1100000000 
O 7.3900000000 0.4800000000 2.8600000000 
H 7.6600000000 0.7400000000 2.0100000000 
H 7.1200000000 1.3600000000 3.3000000000 
O 3.0200000000 4.8300000000 7.5000000000 
H 2.6800000000 5.7400000000 7.7000000000 
H 3.6700000000 4.9800000000 6.7700000000 
O 8.9500000000 6.4200000000 8.8200000000 
H 9.3300000000 6.5700000000 7.9200000000 
H 8.9900000000 7.3000000000 9.2700000000 
O 9.3600000000 8.6400000000 0.6600000000 
H 0.4300000000 8.6000000000 0.8500000000 
H 9.2700000000 9.6400000000 0.7100000000 
O 1.5900000000 4.5300000000 2.2400000000 
H 1.0600000000 4.1900000000 2.9400000000 
H 1.1000000000 4.2300000000 1.3800000000 
O 6.6800000000 9.1700000000 5.6100000000 
H 6.2700000000 9.5200000000 6.4100000000 
H 6.1600000000 9.7300000000 4.9000000000 
O 0.4700000000 8.0100000000 5.9800000000 
H 1.2200000000 7.5000000000 5.5200000000 
H 9.6800000000 8.3400000000 5.2700000000 
O 3.4400000000 6.6300000000 2.8300000000 
H 4.2300000000 6.0600000000 3.0100000000 
H 2.7400000000 5.9900000000 2.4600000000 
O 5.7100000000 0.9100000000 7.7900000000 
H 5.0300000000 1.5000000000 8.2000000000 
H 6.3800000000 1.5900000000 7.5500000000 
O 4.5300000000 9.0200000000 9.8500000000 
H 4.1100000000 8.4600000000 9.1400000000 
H 5.1400000000 9.5300000000 9.2500000000 
O 6.6700000000 3.3400000000 1.4300000000 
H 6.6800000000 4.1300000000 0.7900000000 
H 6.4200000000 3.8200000000 2.3200000000 
O 4.8800000000 5.1700000000 5.4700000000 
H 5.6300000000 5.5500000000 5.9900000000 
H 5.1900000000 5.3200000000 4.5200000000 
O 4.3600000000 0.6600000000 4.3600000000 
H 3.3500000000 0.9900000000 4.3300000000 
H 4.6700000000 0.9800000000 3.5300000000 
O 3.2500000000 1.4400000000 1.7300000000 
H 3.5500000000 1.5200000000 0.8000000000 
H 3.0200000000 2.3600000000 1.9700000000 
O 7.4400000000 3.1100000000 7.3600000000 
H 7.2600000000 3.8400000000 8.0200000000 
H 8.3500000000 3.1500000000 7.2200000000 
O 6.1900000000 7.9600000000 1.8700000000 
H 5.3600000000 8.1000000000 1.4000000000 
H 6.5500000000 8.8300000000 2.1800000000 
O 8.8000000000 1.7900000000 0.7800000000 
H 8.1300000000 2.5000000000 0.9300000000 
H 9.5900000000 2.2500000000 0.3600000000 
O 5.8800000000 5.5200000000 2.9600000000 
H 6.7000000000 5.4700000000 3.4800000000 
H 6.0200000000 6.3900000000 2.4800000000 

