&CONTROL
/
&SYSTEM
   ntyp             = 2
   nat              = 96
   ibrav            = 0
/
&ELECTRONS
/
&IONS
/
&CELL
/

ATOMIC_SPECIES
O 15.999 None
H 1.008 None

K_POINTS gamma

CELL_PARAMETERS angstrom
9.86520000000000 0.00000000000000 0.00000000000000
0.00000000000000 9.86520000000000 0.00000000000000
0.00000000000000 0.00000000000000 9.86520000000000

ATOMIC_POSITIONS angstrom
O 0.2500000000 4.5600000000 6.0500000000 
H 0.0500000000 3.6900000000 6.5000000000 
H 1.1500000000 4.6500000000 6.1600000000 
O 8.6200000000 8.3400000000 4.5300000000 
H 8.2600000000 7.6700000000 3.9300000000 
H 9.4400000000 8.4100000000 4.0900000000 
O 0.5500000000 2.3700000000 7.5000000000 
H 0.1400000000 1.5100000000 7.2800000000 
H 1.1700000000 2.1300000000 8.3100000000 
O 7.3000000000 6.4100000000 3.3400000000 
H 7.4900000000 5.4500000000 3.2800000000 
H 6.5600000000 6.5300000000 2.6900000000 
O 5.4100000000 3.5300000000 3.6600000000 
H 5.8200000000 3.0400000000 4.3800000000 
H 6.0600000000 3.6300000000 3.0100000000 
O 6.0700000000 9.6400000000 1.5300000000 
H 5.9400000000 0.1900000000 2.3700000000 
H 6.9800000000 9.6500000000 1.2700000000 
O 8.6900000000 4.0200000000 3.5500000000 
H 9.3900000000 4.6400000000 3.2200000000 
H 9.0900000000 3.8600000000 4.4700000000 
O 0.2300000000 9.1900000000 8.1300000000 
H 9.7100000000 8.3200000000 8.0000000000 
H 1.1900000000 9.0800000000 7.8700000000 
O 5.2400000000 7.0900000000 1.2400000000 
H 5.9200000000 6.9400000000 0.5500000000 
H 5.2700000000 8.0500000000 1.3000000000 
O 6.5500000000 0.7400000000 8.3500000000 
H 6.2200000000 9.6700000000 8.5100000000 
H 7.3700000000 0.8900000000 8.9600000000 
O 4.5900000000 2.0800000000 0.2600000000 
H 5.2400000000 2.2800000000 1.0800000000 
H 5.2200000000 1.8000000000 9.3800000000 
O 7.1600000000 2.6700000000 1.6100000000 
H 7.6400000000 2.7200000000 0.7000000000 
H 7.6600000000 3.2300000000 2.2200000000 
O 8.6300000000 9.8000000000 0.6000000000 
H 9.3300000000 9.4900000000 1.2000000000 
H 9.1200000000 0.0900000000 9.5900000000 
O 1.2900000000 1.0900000000 2.5400000000 
H 2.0500000000 1.4700000000 3.1200000000 
H 0.4900000000 1.4500000000 2.9900000000 
O 6.3100000000 0.0200000000 4.4900000000 
H 6.0500000000 0.8200000000 5.0000000000 
H 7.2000000000 9.5900000000 4.8800000000 
O 5.6200000000 6.5800000000 5.4200000000 
H 6.4500000000 6.7200000000 4.8600000000 
H 5.9700000000 6.0200000000 6.1300000000 
O 6.4200000000 2.4200000000 5.9300000000 
H 6.2700000000 1.8600000000 6.7600000000 
H 6.6600000000 3.3400000000 6.2800000000 
O 2.9200000000 6.1900000000 8.4300000000 
H 3.3400000000 6.4700000000 9.2900000000 
H 2.9300000000 7.0900000000 8.0500000000 
O 3.8800000000 8.8000000000 4.4500000000 
H 4.4300000000 8.0400000000 4.7700000000 
H 4.5900000000 9.3600000000 4.2300000000 
O 8.7300000000 6.7000000000 6.7700000000 
H 9.4300000000 5.9800000000 6.6600000000 
H 8.6900000000 7.3200000000 6.0100000000 
O 0.8800000000 5.7900000000 2.5500000000 
H 0.9300000000 6.6700000000 2.9100000000 
H 1.7100000000 5.4700000000 2.8700000000 
O 2.7600000000 8.6700000000 7.0300000000 
H 2.8600000000 9.6500000000 7.0900000000 
H 2.7700000000 8.5700000000 6.0300000000 
O 1.2600000000 8.3000000000 3.5400000000 
H 1.1300000000 9.2400000000 3.2500000000 
H 2.1900000000 8.3500000000 3.9900000000 
O 0.4300000000 5.3500000000 9.6200000000 
H 1.3900000000 5.2700000000 9.3700000000 
H 0.5400000000 5.4100000000 0.7200000000 
O 3.6400000000 5.7600000000 3.0700000000 
H 4.2400000000 4.9800000000 3.3000000000 
H 4.1800000000 6.3600000000 2.5000000000 
O 8.5100000000 3.4200000000 9.2600000000 
H 8.9700000000 2.9300000000 8.5200000000 
H 9.0600000000 4.1700000000 9.5400000000 
O 3.2700000000 1.4500000000 7.2900000000 
H 3.0300000000 1.3800000000 8.2800000000 
H 3.3900000000 2.4500000000 7.2600000000 
O 6.3900000000 4.6200000000 7.4500000000 
H 6.5200000000 4.1300000000 8.2600000000 
H 7.2000000000 5.2000000000 7.5100000000 
O 6.5900000000 7.5900000000 8.1700000000 
H 7.4500000000 7.6200000000 7.6300000000 
H 5.9100000000 7.6900000000 7.4500000000 
O 2.0100000000 1.7300000000 9.7700000000 
H 2.9700000000 1.9100000000 0.1200000000 
H 1.7000000000 1.4200000000 0.7500000000 
O 2.8000000000 2.6900000000 4.2900000000 
H 3.5500000000 3.2400000000 3.8900000000 
H 2.9100000000 2.7300000000 5.2400000000 
O 3.7200000000 4.0100000000 6.9200000000 
H 3.3200000000 4.6000000000 7.6700000000 
H 4.6900000000 4.2500000000 7.0100000000 

