&CONTROL
/
&SYSTEM
   ntyp             = 2
   nat              = 96
   ibrav            = 0
/
&ELECTRONS
/
&IONS
/
&CELL
/

ATOMIC_SPECIES
O 15.999 None
H 1.008 None

K_POINTS gamma

CELL_PARAMETERS angstrom
9.86520000000000 0.00000000000000 0.00000000000000
0.00000000000000 9.86520000000000 0.00000000000000
0.00000000000000 0.00000000000000 9.86520000000000

ATOMIC_POSITIONS angstrom
O 1.7500000000 6.3400000000 4.5100000000 
H 2.1300000000 5.8500000000 3.7100000000 
H 2.6000000000 6.1800000000 5.0000000000 
O 5.6000000000 6.1600000000 2.2600000000 
H 5.8300000000 7.0000000000 2.6400000000 
H 6.2900000000 6.1100000000 1.5400000000 
O 6.5900000000 3.5400000000 2.6900000000 
H 6.3700000000 4.5300000000 2.5400000000 
H 5.7200000000 3.1500000000 2.9500000000 
O 7.7000000000 8.6300000000 0.7900000000 
H 7.5900000000 9.6100000000 1.1200000000 
H 8.0800000000 8.2300000000 1.6100000000 
O 0.2600000000 6.4900000000 1.6700000000 
H 0.2600000000 7.0700000000 2.4200000000 
H 1.1100000000 6.0200000000 1.7800000000 
O 6.5600000000 8.1800000000 3.5100000000 
H 6.6000000000 8.7100000000 4.3600000000 
H 7.5200000000 7.8600000000 3.6800000000 
O 2.3400000000 9.3700000000 3.8100000000 
H 1.9300000000 0.2300000000 4.3600000000 
H 3.2300000000 9.2000000000 4.1900000000 
O 7.1500000000 9.2900000000 5.9800000000 
H 6.9800000000 8.7100000000 6.7500000000 
H 8.1000000000 9.3300000000 6.0000000000 
O 0.1000000000 9.4500000000 7.1200000000 
H 0.2900000000 9.8500000000 8.0100000000 
H 0.2400000000 8.5000000000 7.2500000000 
O 2.5300000000 0.4600000000 8.6100000000 
H 2.6600000000 9.5400000000 7.9700000000 
H 3.0600000000 0.2100000000 9.3800000000 
O 4.5400000000 9.4600000000 0.4700000000 
H 4.6000000000 9.6800000000 1.4000000000 
H 5.4000000000 9.6900000000 0.1900000000 
O 2.7300000000 5.4200000000 7.9700000000 
H 2.8200000000 4.6100000000 7.4000000000 
H 3.4700000000 5.3100000000 8.6200000000 
O 6.4800000000 7.9100000000 8.3500000000 
H 6.5500000000 6.9000000000 8.4600000000 
H 6.8500000000 8.2500000000 9.1800000000 
O 2.8600000000 5.4000000000 2.3000000000 
H 2.9000000000 4.6600000000 1.6100000000 
H 3.6900000000 5.7500000000 2.4900000000 
O 3.5500000000 8.0700000000 7.4300000000 
H 4.1700000000 8.0000000000 8.1500000000 
H 3.5000000000 7.1200000000 7.2200000000 
O 3.3900000000 3.2300000000 6.4600000000 
H 2.6900000000 2.7800000000 5.9700000000 
H 3.5400000000 2.6200000000 7.2400000000 
O 5.2500000000 4.6700000000 9.2400000000 
H 6.0400000000 4.7700000000 9.8600000000 
H 5.6600000000 4.9100000000 8.4000000000 
O 0.5100000000 7.1100000000 8.5700000000 
H 0.3000000000 7.3400000000 9.5100000000 
H 1.3800000000 6.5600000000 8.6100000000 
O 9.7200000000 8.1300000000 3.8000000000 
H 0.6600000000 8.7100000000 3.6200000000 
H 0.2900000000 7.4400000000 4.3100000000 
O 6.7200000000 4.8500000000 6.8400000000 
H 6.9600000000 3.8800000000 6.7200000000 
H 7.5800000000 5.2400000000 6.6000000000 
O 4.5800000000 6.0400000000 5.5200000000 
H 5.1000000000 6.5100000000 4.8400000000 
H 5.2400000000 5.4800000000 6.0200000000 
O 7.6500000000 5.4300000000 0.3800000000 
H 8.4900000000 6.0600000000 0.5400000000 
H 7.9200000000 4.7100000000 9.6200000000 
O 3.3700000000 3.2500000000 0.7800000000 
H 3.8000000000 2.6000000000 1.4400000000 
H 4.1800000000 3.6300000000 0.2700000000 
O 8.3100000000 2.2600000000 6.2200000000 
H 7.9200000000 1.3700000000 6.2600000000 
H 8.7900000000 2.3600000000 5.3200000000 
O 1.4300000000 1.5900000000 5.5100000000 
H 0.7700000000 2.2200000000 4.9800000000 
H 0.8800000000 0.9300000000 6.0000000000 
O 8.3700000000 3.2000000000 8.8300000000 
H 9.3600000000 3.0100000000 8.9700000000 
H 8.2700000000 3.0400000000 7.8700000000 
O 4.1300000000 2.4000000000 3.5200000000 
H 4.0900000000 2.8300000000 4.3200000000 
H 3.8900000000 1.5200000000 3.7900000000 
O 6.9200000000 1.4700000000 0.7600000000 
H 6.7400000000 2.1700000000 1.4600000000 
H 7.2300000000 1.9900000000 0.0100000000 
O 4.5000000000 0.2000000000 5.3500000000 
H 5.4500000000 0.2100000000 5.5600000000 
H 4.1100000000 9.5000000000 6.0700000000 
O 1.1800000000 2.7900000000 9.1300000000 
H 1.6800000000 1.9800000000 8.8200000000 
H 1.8300000000 2.9600000000 9.8400000000 
O 9.2600000000 2.6000000000 3.5600000000 
H 8.3900000000 2.9900000000 3.2100000000 
H 9.6600000000 2.3000000000 2.7400000000 
O 9.1300000000 5.7900000000 6.4700000000 
H 0.0400000000 5.5800000000 5.8900000000 
H 9.5300000000 6.2700000000 7.2200000000 

