&CONTROL
/
&SYSTEM
   ntyp             = 2
   nat              = 96
   ibrav            = 0
/
&ELECTRONS
/
&IONS
/
&CELL
/

ATOMIC_SPECIES
O 15.999 None
H 1.008 None

K_POINTS gamma

CELL_PARAMETERS angstrom
9.86520000000000 0.00000000000000 0.00000000000000
0.00000000000000 9.86520000000000 0.00000000000000
0.00000000000000 0.00000000000000 9.86520000000000

ATOMIC_POSITIONS angstrom
O 2.2900000000 5.0000000000 1.2600000000 
H 2.0600000000 5.0600000000 0.2700000000 
H 3.2400000000 4.8900000000 1.2500000000 
O 6.6200000000 3.3500000000 4.6400000000 
H 7.2100000000 2.8100000000 5.0900000000 
H 5.8600000000 2.7300000000 4.5700000000 
O 8.8600000000 9.1200000000 2.7500000000 
H 9.1600000000 8.3800000000 2.1700000000 
H 9.4400000000 9.8300000000 2.3400000000 
O 8.9300000000 6.7000000000 9.1800000000 
H 8.7200000000 7.4600000000 8.7000000000 
H 9.6700000000 7.0100000000 9.7500000000 
O 6.6300000000 6.4000000000 0.5600000000 
H 7.4700000000 6.6000000000 0.1500000000 
H 6.8400000000 5.7700000000 1.2800000000 
O 4.5600000000 7.3900000000 4.1000000000 
H 5.0000000000 7.5800000000 4.8900000000 
H 3.6500000000 7.0700000000 4.2900000000 
O 1.1100000000 1.4800000000 8.7200000000 
H 2.1100000000 1.5100000000 8.7200000000 
H 0.8700000000 1.3300000000 7.8200000000 
O 4.7000000000 1.0400000000 1.9300000000 
H 4.3700000000 0.1200000000 1.7000000000 
H 4.3700000000 1.5800000000 1.1900000000 
O 8.4200000000 2.3800000000 9.4000000000 
H 9.1900000000 1.8500000000 9.1100000000 
H 8.0700000000 1.9600000000 0.3500000000 
O 0.8100000000 7.3000000000 1.3800000000 
H 1.2100000000 6.5000000000 1.7800000000 
H 1.5700000000 7.7900000000 0.9800000000 
O 5.9000000000 8.1800000000 6.6600000000 
H 6.4000000000 7.3800000000 6.3400000000 
H 6.5300000000 8.6900000000 7.2000000000 
O 4.6500000000 8.2600000000 1.3500000000 
H 5.3600000000 7.7600000000 0.8900000000 
H 4.7200000000 7.8700000000 2.2900000000 
O 8.3500000000 1.2400000000 5.5900000000 
H 8.5600000000 0.3100000000 5.2500000000 
H 9.1500000000 1.4200000000 6.0900000000 
O 7.2100000000 5.8700000000 5.9100000000 
H 6.8300000000 5.0900000000 5.4400000000 
H 7.6300000000 5.4300000000 6.7300000000 
O 7.2700000000 1.4100000000 1.8500000000 
H 7.5500000000 0.5900000000 2.3900000000 
H 6.3000000000 1.3100000000 1.7700000000 
O 2.0900000000 6.4000000000 4.8900000000 
H 1.8600000000 5.5400000000 5.3500000000 
H 1.2500000000 6.8200000000 4.6300000000 
O 3.3700000000 8.4600000000 6.6800000000 
H 3.2800000000 7.7200000000 6.1200000000 
H 4.3400000000 8.4900000000 6.6800000000 
O 1.0800000000 4.0400000000 6.2200000000 
H 0.1700000000 4.1700000000 6.6500000000 
H 0.7500000000 4.0900000000 5.2600000000 
O 5.8400000000 1.5400000000 7.0800000000 
H 5.0900000000 1.5200000000 6.4000000000 
H 6.4200000000 0.9400000000 6.6200000000 
O 0.4000000000 9.1800000000 6.5800000000 
H 1.3700000000 9.0900000000 6.6000000000 
H 0.2600000000 8.3900000000 6.0000000000 
O 4.5900000000 4.5000000000 9.4900000000 
H 4.6900000000 4.3400000000 8.5300000000 
H 5.1700000000 5.2100000000 9.6400000000 
O 1.0000000000 0.5600000000 1.4000000000 
H 1.7600000000 0.1000000000 1.0900000000 
H 0.8900000000 1.3400000000 0.7700000000 
O 3.8600000000 3.6500000000 6.9600000000 
H 4.1900000000 3.1800000000 6.2300000000 
H 2.9000000000 3.8600000000 6.7700000000 
O 3.8200000000 1.6200000000 9.1500000000 
H 4.6400000000 1.3700000000 8.6500000000 
H 3.7100000000 2.5500000000 8.9100000000 
O 8.0100000000 9.1400000000 8.0600000000 
H 7.8500000000 0.1200000000 8.4400000000 
H 8.9000000000 9.3400000000 7.7000000000 
O 0.4900000000 4.0000000000 3.5300000000 
H 9.5400000000 4.3100000000 3.1300000000 
H 1.0400000000 4.1200000000 2.7500000000 
O 9.3000000000 7.3000000000 5.0000000000 
H 8.9600000000 7.6500000000 4.1500000000 
H 8.5200000000 6.8200000000 5.4000000000 
O 4.3600000000 1.5300000000 4.5700000000 
H 4.5500000000 1.3000000000 3.6300000000 
H 3.3800000000 1.4000000000 4.6100000000 
O 1.3400000000 1.4200000000 4.2800000000 
H 0.8000000000 2.2300000000 4.1400000000 
H 0.9700000000 0.7000000000 3.7300000000 
O 7.9000000000 4.3400000000 2.4500000000 
H 7.2300000000 4.1500000000 3.1700000000 
H 8.0500000000 3.4200000000 2.0600000000 
O 2.4000000000 8.4600000000 9.4000000000 
H 3.2300000000 8.2600000000 9.8300000000 
H 2.7000000000 8.5500000000 8.4300000000 
O 8.6700000000 4.5200000000 7.6900000000 
H 8.4200000000 3.7000000000 8.2200000000 
H 8.6500000000 5.2500000000 8.3700000000 

