&CONTROL
/
&SYSTEM
   ntyp             = 2
   nat              = 96
   ibrav            = 0
/
&ELECTRONS
/
&IONS
/
&CELL
/

ATOMIC_SPECIES
O 15.999 None
H 1.008 None

K_POINTS gamma

CELL_PARAMETERS angstrom
9.86520000000000 0.00000000000000 0.00000000000000
0.00000000000000 9.86520000000000 0.00000000000000
0.00000000000000 0.00000000000000 9.86520000000000

ATOMIC_POSITIONS angstrom
O 9.6600000000 0.4500000000 6.3400000000 
H 0.4400000000 0.9500000000 5.7700000000 
H 0.1800000000 9.4600000000 6.7400000000 
O 6.0000000000 9.5300000000 7.0800000000 
H 6.3900000000 0.3900000000 6.5700000000 
H 6.3900000000 9.6400000000 8.0100000000 
O 7.4900000000 9.4000000000 9.4800000000 
H 7.9500000000 0.4900000000 9.4200000000 
H 7.7700000000 8.9900000000 0.4700000000 
O 2.6000000000 9.1400000000 9.1500000000 
H 2.1000000000 8.4000000000 8.8200000000 
H 3.3600000000 8.6800000000 9.6600000000 
O 7.9000000000 8.0100000000 1.8300000000 
H 8.7300000000 7.7200000000 2.2800000000 
H 7.2700000000 8.2600000000 2.5500000000 
O 3.2400000000 6.4700000000 7.6200000000 
H 4.1900000000 6.5500000000 7.8300000000 
H 3.2500000000 5.5600000000 7.4100000000 
O 6.0100000000 6.2600000000 8.4200000000 
H 6.1600000000 5.4300000000 8.8800000000 
H 6.9000000000 6.6100000000 8.2900000000 
O 8.3500000000 1.2700000000 3.3800000000 
H 8.2200000000 1.9300000000 2.7000000000 
H 7.4500000000 1.1900000000 3.6400000000 
O 8.7900000000 4.7500000000 9.2100000000 
H 8.9900000000 5.6600000000 9.4500000000 
H 9.1400000000 4.6000000000 8.2700000000 
O 5.5800000000 1.5900000000 4.3600000000 
H 4.9800000000 1.8900000000 3.6300000000 
H 5.8300000000 2.4400000000 4.6800000000 
O 7.6900000000 1.9200000000 7.4400000000 
H 8.1400000000 1.2500000000 6.8200000000 
H 8.0900000000 2.8000000000 7.1900000000 
O 3.5200000000 1.0200000000 7.0400000000 
H 4.4000000000 0.6500000000 7.1200000000 
H 3.0100000000 0.6700000000 7.8000000000 
O 8.5800000000 4.4600000000 3.3900000000 
H 8.7700000000 3.9600000000 2.5800000000 
H 9.3000000000 5.0900000000 3.3700000000 
O 3.0100000000 3.9000000000 7.0500000000 
H 2.4500000000 4.0900000000 6.2300000000 
H 3.0800000000 2.9100000000 6.9500000000 
O 8.5400000000 7.4300000000 7.6900000000 
H 8.4200000000 8.1900000000 8.2900000000 
H 9.5200000000 7.4500000000 7.4500000000 
O 5.7300000000 2.0200000000 1.5100000000 
H 6.3200000000 2.6800000000 1.1100000000 
H 5.8400000000 1.2600000000 0.9900000000 
O 6.4300000000 4.2200000000 5.1400000000 
H 5.9200000000 5.0900000000 5.1600000000 
H 7.0900000000 4.4100000000 4.4800000000 
O 4.6200000000 8.0700000000 0.7600000000 
H 5.1300000000 7.9700000000 9.8400000000 
H 5.1200000000 8.4300000000 1.4800000000 
O 2.8700000000 6.1600000000 1.6800000000 
H 3.0300000000 5.4400000000 0.9800000000 
H 3.4600000000 6.8900000000 1.2900000000 
O 0.7900000000 6.3200000000 3.2300000000 
H 1.6500000000 6.2500000000 2.7500000000 
H 0.7000000000 7.3000000000 3.2900000000 
O 2.3400000000 4.3400000000 4.4600000000 
H 2.8300000000 3.9400000000 3.7100000000 
H 1.7600000000 4.9400000000 3.9600000000 
O 1.7100000000 1.5900000000 4.7900000000 
H 2.4900000000 1.4700000000 5.3600000000 
H 1.8000000000 2.5400000000 4.6200000000 
O 5.8100000000 8.5900000000 3.5400000000 
H 5.5600000000 7.9700000000 4.2200000000 
H 5.4400000000 9.4100000000 3.9100000000 
O 6.2000000000 3.5900000000 9.2800000000 
H 7.1900000000 3.7100000000 9.3200000000 
H 6.0700000000 3.0200000000 8.4100000000 
O 3.2800000000 3.1100000000 2.2600000000 
H 4.2100000000 2.8700000000 1.9600000000 
H 2.7600000000 3.0600000000 1.4300000000 
O 8.5900000000 2.5900000000 0.9900000000 
H 9.2000000000 1.8400000000 0.9000000000 
H 8.9800000000 3.2500000000 0.3600000000 
O 0.6300000000 0.7500000000 0.6800000000 
H 0.9700000000 0.5100000000 1.5700000000 
H 1.3800000000 0.5500000000 0.0900000000 
O 9.1100000000 3.9400000000 6.2600000000 
H 9.4800000000 3.1000000000 5.8700000000 
H 8.6300000000 4.3400000000 5.5200000000 
O 0.3400000000 9.0800000000 3.3200000000 
H 9.4100000000 9.6200000000 3.3700000000 
H 0.9700000000 9.6200000000 3.8800000000 
O 1.1800000000 7.8300000000 6.6400000000 
H 2.0200000000 7.4000000000 6.8900000000 
H 1.1900000000 7.6300000000 5.6500000000 
O 3.6600000000 3.9000000000 9.5500000000 
H 3.4000000000 4.0900000000 8.5900000000 
H 4.6200000000 3.6500000000 9.5300000000 
O 5.4200000000 6.9000000000 5.6400000000 
H 4.5300000000 6.7400000000 6.0100000000 
H 5.9300000000 7.2400000000 6.3800000000 

