&CONTROL
/
&SYSTEM
   ntyp             = 2
   nat              = 96
   ibrav            = 0
/
&ELECTRONS
/
&IONS
/
&CELL
/

ATOMIC_SPECIES
O 15.999 None
H 1.008 None

K_POINTS gamma

CELL_PARAMETERS angstrom
9.86520000000000 0.00000000000000 0.00000000000000
0.00000000000000 9.86520000000000 0.00000000000000
0.00000000000000 0.00000000000000 9.86520000000000

ATOMIC_POSITIONS angstrom
O 0.1400000000 6.6400000000 3.9500000000 
H 1.0000000000 6.2300000000 4.0300000000 
H 0.2500000000 7.5700000000 3.8000000000 
O 5.3300000000 6.9900000000 0.2800000000 
H 4.8500000000 7.7400000000 0.6900000000 
H 6.2400000000 7.0800000000 0.6000000000 
O 4.5300000000 4.4400000000 1.5700000000 
H 5.2500000000 4.7700000000 2.2200000000 
H 4.2700000000 5.1700000000 0.9300000000 
O 8.3600000000 9.4600000000 2.7200000000 
H 8.1800000000 0.4500000000 2.2600000000 
H 7.4500000000 9.1700000000 3.0400000000 
O 7.0400000000 5.6300000000 2.7300000000 
H 7.0900000000 6.3500000000 3.3600000000 
H 7.1400000000 4.7800000000 3.2600000000 
O 6.1800000000 8.2600000000 3.7100000000 
H 5.9100000000 8.2400000000 4.6100000000 
H 5.3200000000 8.5200000000 3.3000000000 
O 1.7100000000 9.6800000000 3.7500000000 
H 1.8800000000 0.5600000000 4.4400000000 
H 2.0200000000 8.9400000000 4.1900000000 
O 9.4300000000 9.1400000000 7.3300000000 
H 8.6500000000 8.5700000000 7.4400000000 
H 0.3900000000 8.6800000000 7.5500000000 
O 4.2900000000 0.6800000000 7.8700000000 
H 5.0700000000 1.2500000000 7.6500000000 
H 4.8000000000 9.7000000000 8.0200000000 
O 2.4000000000 8.5100000000 0.4700000000 
H 2.9200000000 9.0400000000 1.1800000000 
H 1.5900000000 9.0500000000 0.2800000000 
O 4.2100000000 9.4700000000 2.5000000000 
H 3.3700000000 9.6700000000 2.8800000000 
H 4.6300000000 0.4300000000 2.2200000000 
O 2.6900000000 5.0500000000 7.8900000000 
H 3.6400000000 4.9100000000 7.5800000000 
H 2.3600000000 4.1400000000 7.9900000000 
O 7.5500000000 7.2500000000 7.6900000000 
H 8.1200000000 6.5500000000 7.2700000000 
H 7.8500000000 7.3100000000 8.6500000000 
O 0.1400000000 3.6000000000 2.6200000000 
H 1.0900000000 3.6600000000 2.9600000000 
H 9.6800000000 4.4600000000 2.9800000000 
O 5.3200000000 8.0200000000 6.3500000000 
H 6.0900000000 7.7600000000 6.8900000000 
H 4.8600000000 7.1700000000 6.4400000000 
O 4.7800000000 3.4900000000 5.5700000000 
H 4.9000000000 4.0700000000 6.3700000000 
H 5.6800000000 3.4000000000 5.1800000000 
O 8.7200000000 1.7200000000 8.4400000000 
H 9.1300000000 2.1700000000 7.6800000000 
H 9.0700000000 0.7400000000 8.3500000000 
O 1.9200000000 7.5700000000 7.8600000000 
H 1.8400000000 6.5700000000 8.0000000000 
H 2.3000000000 7.6900000000 8.7300000000 
O 8.6000000000 1.0800000000 5.0900000000 
H 8.7400000000 0.4400000000 4.3800000000 
H 8.6800000000 0.5500000000 5.9000000000 
O 7.2900000000 3.4900000000 4.6300000000 
H 7.6400000000 2.6600000000 4.9400000000 
H 7.6600000000 4.0700000000 5.3600000000 
O 2.4900000000 4.5100000000 3.5200000000 
H 3.2200000000 4.3900000000 2.8600000000 
H 3.0300000000 4.5800000000 4.4000000000 
O 8.1500000000 7.4400000000 0.6000000000 
H 7.9900000000 6.6700000000 1.1700000000 
H 8.3500000000 8.1800000000 1.2800000000 
O 1.2500000000 1.3500000000 1.5000000000 
H 1.1300000000 0.8600000000 2.3300000000 
H 0.7700000000 2.1500000000 1.7900000000 
O 0.2700000000 3.0100000000 6.5700000000 
H 0.3900000000 2.3500000000 5.8800000000 
H 0.9900000000 2.8000000000 7.2000000000 
O 5.3300000000 5.2600000000 7.6500000000 
H 5.8000000000 4.4300000000 7.9300000000 
H 5.6300000000 5.8000000000 8.3600000000 
O 1.9300000000 2.3200000000 8.5400000000 
H 1.7200000000 2.3200000000 9.5600000000 
H 2.5100000000 1.5500000000 8.3400000000 
O 2.6600000000 1.4500000000 5.6500000000 
H 3.4300000000 2.0700000000 5.8200000000 
H 2.8100000000 0.9800000000 6.4500000000 
O 6.3300000000 2.9300000000 8.5100000000 
H 7.1500000000 2.4300000000 8.4100000000 
H 5.9700000000 2.6600000000 9.3200000000 
O 2.8300000000 7.6300000000 5.3600000000 
H 3.3600000000 8.4500000000 5.4100000000 
H 2.3900000000 7.4200000000 6.2600000000 
O 8.1800000000 2.0000000000 1.3800000000 
H 8.6300000000 1.9000000000 0.5300000000 
H 8.6400000000 2.7700000000 1.8300000000 
O 5.3600000000 1.8100000000 1.2100000000 
H 6.2300000000 2.0200000000 1.5700000000 
H 4.8200000000 2.5600000000 1.4400000000 
O 8.6800000000 5.2900000000 6.2700000000 
H 9.2600000000 5.7600000000 5.6200000000 
H 9.2400000000 4.5200000000 6.4400000000 

