&CONTROL
/
&SYSTEM
   ntyp             = 2
   nat              = 96
   ibrav            = 0
/
&ELECTRONS
/
&IONS
/
&CELL
/

ATOMIC_SPECIES
O 15.999 None
H 1.008 None

K_POINTS gamma

CELL_PARAMETERS angstrom
9.86520000000000 0.00000000000000 0.00000000000000
0.00000000000000 9.86520000000000 0.00000000000000
0.00000000000000 0.00000000000000 9.86520000000000

ATOMIC_POSITIONS angstrom
O 4.6500000000 3.0000000000 5.1000000000 
H 5.3800000000 3.6300000000 4.8700000000 
H 4.3800000000 2.5800000000 4.2500000000 
O 9.4200000000 2.6600000000 2.5600000000 
H 9.6500000000 3.4000000000 3.1900000000 
H 9.5600000000 3.0600000000 1.7000000000 
O 6.2500000000 3.3800000000 2.7400000000 
H 7.0500000000 3.0300000000 2.2700000000 
H 6.1000000000 4.2000000000 2.2700000000 
O 0.7700000000 9.1900000000 1.4400000000 
H 0.2200000000 9.8000000000 0.8700000000 
H 1.6300000000 9.0600000000 0.9000000000 
O 0.5300000000 4.5200000000 4.4000000000 
H 0.2900000000 5.3900000000 4.0300000000 
H 0.8500000000 4.7900000000 5.2900000000 
O 3.5100000000 2.5200000000 2.3000000000 
H 2.9400000000 3.3100000000 2.1600000000 
H 4.4000000000 2.8600000000 2.1600000000 
O 8.4100000000 7.3100000000 7.5000000000 
H 9.0600000000 7.8700000000 7.8200000000 
H 8.3300000000 7.5200000000 6.5400000000 
O 8.1800000000 8.0600000000 4.9300000000 
H 7.9700000000 8.7800000000 4.3200000000 
H 7.4900000000 7.4500000000 4.6800000000 
O 1.0000000000 1.9000000000 5.4000000000 
H 1.0800000000 2.8400000000 5.0900000000 
H 1.1900000000 1.4000000000 4.6400000000 
O 1.9700000000 2.7600000000 8.1500000000 
H 2.9000000000 2.4300000000 8.3400000000 
H 1.7500000000 2.2300000000 7.3400000000 
O 4.5200000000 0.1000000000 8.6800000000 
H 4.7500000000 1.0200000000 9.0300000000 
H 4.7400000000 0.0400000000 7.7400000000 
O 7.1800000000 3.1700000000 8.5000000000 
H 8.0600000000 3.4000000000 8.8300000000 
H 7.4600000000 2.8300000000 7.6500000000 
O 7.8300000000 0.6300000000 3.4800000000 
H 7.1900000000 0.5600000000 2.6600000000 
H 8.5000000000 1.3200000000 3.1700000000 
O 2.6900000000 8.4100000000 9.6800000000 
H 3.5200000000 8.8800000000 9.7100000000 
H 2.5600000000 8.3300000000 8.6700000000 
O 6.9400000000 9.2900000000 1.0700000000 
H 7.7100000000 9.7100000000 0.7100000000 
H 6.2400000000 9.3900000000 0.4400000000 
O 2.5300000000 4.5300000000 6.2600000000 
H 3.4000000000 4.0700000000 6.0300000000 
H 2.3700000000 4.1900000000 7.1700000000 
O 8.1800000000 1.3100000000 6.3900000000 
H 9.2000000000 1.4300000000 6.1800000000 
H 7.8900000000 1.1200000000 5.4500000000 
O 9.1800000000 0.9800000000 9.5200000000 
H 8.7000000000 1.2000000000 8.7400000000 
H 9.3800000000 1.9200000000 0.0600000000 
O 0.2600000000 7.0700000000 3.5500000000 
H 9.6400000000 7.5600000000 4.2400000000 
H 0.1600000000 7.5800000000 2.7700000000 
O 5.5000000000 7.0300000000 4.0000000000 
H 5.1000000000 6.4500000000 3.2400000000 
H 4.7100000000 7.5200000000 4.3400000000 
O 2.4500000000 7.2200000000 7.3000000000 
H 2.8400000000 7.7000000000 6.6100000000 
H 2.3900000000 6.3200000000 6.9400000000 
O 2.5000000000 5.2600000000 2.3000000000 
H 1.8600000000 5.7100000000 1.6500000000 
H 1.9600000000 5.2800000000 3.1700000000 
O 5.3500000000 0.4700000000 6.1400000000 
H 5.1000000000 1.4200000000 5.8300000000 
H 6.2900000000 0.4300000000 5.8800000000 
O 3.7100000000 5.4300000000 9.4300000000 
H 4.3800000000 5.8400000000 8.8500000000 
H 2.8700000000 5.9800000000 9.2800000000 
O 0.6200000000 6.3100000000 0.2800000000 
H 9.5900000000 6.6000000000 0.4600000000 
H 1.1500000000 7.1200000000 0.4000000000 
O 4.5600000000 2.8100000000 9.2500000000 
H 5.4400000000 3.0200000000 8.7600000000 
H 4.3000000000 3.6700000000 9.5100000000 
O 3.5100000000 8.6400000000 4.9500000000 
H 2.8600000000 9.2200000000 4.5100000000 
H 4.1400000000 9.2800000000 5.3600000000 
O 1.9600000000 0.5700000000 3.4300000000 
H 2.6800000000 1.0700000000 2.9200000000 
H 1.5400000000 0.0900000000 2.7300000000 
O 5.7700000000 6.6600000000 8.3700000000 
H 6.6600000000 6.6300000000 7.9800000000 
H 5.4300000000 7.4700000000 7.9500000000 
O 8.1000000000 6.7800000000 1.2600000000 
H 7.2400000000 6.4000000000 1.5600000000 
H 7.9700000000 7.7200000000 1.1300000000 
O 9.6600000000 3.6800000000 9.5500000000 
H 0.0900000000 4.5800000000 9.7400000000 
H 0.5300000000 3.3500000000 8.9400000000 
O 5.6600000000 5.4800000000 1.4400000000 
H 6.0600000000 5.6400000000 0.5500000000 
H 4.7300000000 5.4300000000 1.2100000000 

