&CONTROL
/
&SYSTEM
   ntyp             = 2
   nat              = 96
   ibrav            = 0
/
&ELECTRONS
/
&IONS
/
&CELL
/

ATOMIC_SPECIES
O 15.999 None
H 1.008 None

K_POINTS gamma

CELL_PARAMETERS angstrom
9.86520000000000 0.00000000000000 0.00000000000000
0.00000000000000 9.86520000000000 0.00000000000000
0.00000000000000 0.00000000000000 9.86520000000000

ATOMIC_POSITIONS angstrom
O 4.5000000000 5.8200000000 3.6300000000 
H 3.6900000000 5.6900000000 3.0500000000 
H 4.9600000000 4.9200000000 3.4500000000 
O 6.4200000000 9.3900000000 2.6900000000 
H 5.9700000000 8.7200000000 2.2000000000 
H 5.7500000000 9.7100000000 3.2800000000 
O 3.4600000000 9.3700000000 4.4000000000 
H 2.7600000000 8.8400000000 4.8400000000 
H 3.3500000000 9.1200000000 3.4600000000 
O 0.8000000000 9.4000000000 8.4600000000 
H 0.6100000000 0.4000000000 8.9300000000 
H 0.3700000000 9.4600000000 7.5400000000 
O 4.5000000000 2.2200000000 0.8700000000 
H 5.4300000000 2.4900000000 0.6700000000 
H 4.3700000000 1.4800000000 0.2000000000 
O 3.4100000000 8.7800000000 1.8100000000 
H 3.6200000000 9.3500000000 0.9900000000 
H 2.5600000000 8.4000000000 1.4700000000 
O 2.3400000000 1.6600000000 6.3700000000 
H 2.6500000000 0.7500000000 6.0500000000 
H 2.9700000000 1.9300000000 7.0900000000 
O 3.6300000000 6.2200000000 8.2500000000 
H 4.2600000000 6.3600000000 8.9400000000 
H 3.7900000000 5.3000000000 8.0100000000 
O 1.0700000000 7.4800000000 4.0000000000 
H 0.1000000000 7.5200000000 3.7400000000 
H 1.0300000000 7.2200000000 4.9300000000 
O 9.5800000000 3.3200000000 8.3100000000 
H 9.8400000000 2.9900000000 9.1600000000 
H 0.4000000000 2.9500000000 7.6700000000 
O 2.6000000000 8.0800000000 6.7400000000 
H 1.7500000000 8.4300000000 7.1600000000 
H 2.9200000000 7.4800000000 7.4200000000 
O 2.2800000000 5.6200000000 2.1800000000 
H 1.6900000000 5.9000000000 2.9400000000 
H 2.0400000000 6.2300000000 1.4400000000 
O 0.4800000000 1.4900000000 0.4200000000 
H 0.9800000000 1.9400000000 1.1800000000 
H 0.0800000000 0.6500000000 0.9000000000 
O 2.0700000000 2.7000000000 2.1100000000 
H 2.2200000000 3.6400000000 2.0200000000 
H 2.9200000000 2.3300000000 1.6800000000 
O 8.3000000000 4.4800000000 6.1500000000 
H 8.5100000000 4.8000000000 7.0100000000 
H 8.4100000000 3.5200000000 6.3500000000 
O 9.4900000000 4.3000000000 3.6800000000 
H 8.9200000000 4.6000000000 4.4200000000 
H 9.6600000000 3.3800000000 3.7700000000 
O 9.2200000000 9.3300000000 2.1800000000 
H 8.3000000000 9.1400000000 2.4500000000 
H 9.5800000000 0.0100000000 2.9100000000 
O 5.3700000000 1.4900000000 5.3000000000 
H 4.7600000000 0.7900000000 5.0900000000 
H 5.9400000000 1.0900000000 6.0800000000 
O 5.5900000000 3.3300000000 3.0500000000 
H 5.0300000000 2.7500000000 2.4200000000 
H 5.5900000000 2.7300000000 3.8500000000 
O 0.5900000000 1.6300000000 4.1000000000 
H 1.1600000000 2.0300000000 3.3700000000 
H 0.9900000000 2.0200000000 4.9000000000 
O 6.7200000000 2.3900000000 9.2900000000 
H 7.1000000000 1.8500000000 8.5600000000 
H 7.5500000000 2.7100000000 9.8000000000 
O 9.5700000000 9.5800000000 6.0400000000 
H 9.0700000000 8.8400000000 5.6100000000 
H 0.2000000000 0.2200000000 5.3200000000 
O 9.3200000000 6.4700000000 8.3700000000 
H 8.5400000000 6.4500000000 8.9400000000 
H 0.1600000000 6.1700000000 8.9400000000 
O 5.7300000000 8.1400000000 8.4200000000 
H 5.9500000000 7.3100000000 8.9500000000 
H 5.4400000000 7.7300000000 7.5100000000 
O 7.7600000000 4.1400000000 1.4200000000 
H 8.4400000000 4.2000000000 2.1100000000 
H 7.0300000000 3.7500000000 1.9700000000 
O 8.2800000000 7.2600000000 4.9200000000 
H 8.2100000000 6.3700000000 5.2900000000 
H 7.3300000000 7.5400000000 5.0400000000 
O 4.0800000000 0.1000000000 9.2700000000 
H 3.3000000000 9.6600000000 8.8400000000 
H 4.8000000000 9.4300000000 8.8900000000 
O 5.4700000000 7.2300000000 5.8200000000 
H 4.5500000000 7.5500000000 5.8200000000 
H 5.5800000000 6.5700000000 5.0600000000 
O 6.5900000000 5.7100000000 9.4300000000 
H 6.7500000000 5.1000000000 8.6600000000 
H 7.0500000000 5.3100000000 0.3400000000 
O 4.4800000000 3.2500000000 7.4700000000 
H 5.1800000000 3.0300000000 8.0700000000 
H 4.6900000000 2.9100000000 6.6100000000 
O 6.9800000000 0.4000000000 7.1700000000 
H 6.5200000000 9.4700000000 7.6200000000 
H 7.8600000000 0.1200000000 6.7500000000 
O 1.0700000000 7.6800000000 0.7300000000 
H 0.8600000000 8.1800000000 9.7700000000 
H 0.3900000000 8.0800000000 1.3100000000 

