&CONTROL
/
&SYSTEM
   ntyp             = 2
   nat              = 96
   ibrav            = 0
/
&ELECTRONS
/
&IONS
/
&CELL
/

ATOMIC_SPECIES
O 15.999 None
H 1.008 None

K_POINTS gamma

CELL_PARAMETERS angstrom
9.86520000000000 0.00000000000000 0.00000000000000
0.00000000000000 9.86520000000000 0.00000000000000
0.00000000000000 0.00000000000000 9.86520000000000

ATOMIC_POSITIONS angstrom
O 0.5100000000 4.0600000000 6.2200000000 
H 0.5200000000 3.1600000000 6.6500000000 
H 1.4600000000 4.2900000000 6.3400000000 
O 8.3800000000 8.3200000000 4.7600000000 
H 8.1200000000 7.3900000000 4.4300000000 
H 9.2900000000 8.4400000000 4.3100000000 
O 0.5600000000 1.6800000000 7.4000000000 
H 0.0200000000 0.8300000000 7.6900000000 
H 1.0900000000 1.9200000000 8.1600000000 
O 7.4800000000 6.2300000000 3.1600000000 
H 7.7700000000 5.3700000000 2.7700000000 
H 7.1800000000 6.7400000000 2.3100000000 
O 5.8000000000 3.3800000000 4.3700000000 
H 6.1700000000 4.0100000000 4.9800000000 
H 6.4000000000 3.1800000000 3.6400000000 
O 6.2400000000 0.0600000000 1.5100000000 
H 6.1600000000 0.2300000000 2.5200000000 
H 7.1300000000 9.4400000000 1.4500000000 
O 9.4900000000 4.0600000000 3.4800000000 
H 0.1900000000 4.8300000000 3.1800000000 
H 9.8200000000 4.0300000000 4.4100000000 
O 9.4700000000 9.0700000000 8.1100000000 
H 9.0300000000 8.2900000000 7.6300000000 
H 0.5300000000 8.8100000000 7.9600000000 
O 6.1000000000 6.9700000000 1.0000000000 
H 6.0900000000 7.0000000000 0.0100000000 
H 5.8000000000 7.8500000000 1.2000000000 
O 6.7000000000 0.1800000000 8.6200000000 
H 5.9600000000 0.3000000000 9.3100000000 
H 7.4800000000 0.2300000000 9.2400000000 
O 4.4100000000 2.2900000000 0.9700000000 
H 4.2800000000 1.6200000000 1.6600000000 
H 5.3700000000 2.2000000000 0.7800000000 
O 7.3000000000 2.9600000000 1.9400000000 
H 7.5500000000 2.7000000000 1.0500000000 
H 8.1400000000 3.0200000000 2.4000000000 
O 8.5900000000 8.8000000000 1.1300000000 
H 9.3200000000 8.8000000000 1.7700000000 
H 8.9800000000 8.6400000000 0.2600000000 
O 1.2400000000 1.7200000000 2.7100000000 
H 2.1100000000 2.0700000000 3.0800000000 
H 0.5800000000 2.3800000000 2.9800000000 
O 6.1900000000 0.3100000000 4.2000000000 
H 6.5500000000 1.0200000000 4.8300000000 
H 6.7800000000 9.4700000000 4.4000000000 
O 4.4700000000 6.5900000000 3.9600000000 
H 5.3300000000 6.7100000000 3.5700000000 
H 4.2500000000 5.6800000000 3.6100000000 
O 7.4400000000 1.7100000000 6.5300000000 
H 7.1400000000 1.0300000000 7.2700000000 
H 7.0100000000 2.6000000000 6.7100000000 
O 3.2100000000 6.7100000000 7.9400000000 
H 4.1800000000 6.7400000000 7.7800000000 
H 3.0100000000 7.6700000000 7.8800000000 
O 3.3100000000 9.0500000000 4.7300000000 
H 3.6200000000 8.1600000000 4.7200000000 
H 4.2100000000 9.5800000000 4.7600000000 
O 8.6300000000 6.3900000000 7.4300000000 
H 9.2100000000 6.2200000000 8.1500000000 
H 8.7400000000 5.4700000000 7.0500000000 
O 1.3800000000 5.9900000000 2.4900000000 
H 1.1800000000 6.8900000000 2.7500000000 
H 2.3400000000 5.9700000000 2.2700000000 
O 2.1900000000 9.0800000000 7.2200000000 
H 2.4700000000 0.1900000000 7.4000000000 
H 2.4000000000 9.0600000000 6.2900000000 
O 0.9000000000 8.7700000000 3.2400000000 
H 1.0100000000 9.6800000000 2.8900000000 
H 1.7300000000 8.7100000000 3.8000000000 
O 0.7900000000 6.0200000000 9.5100000000 
H 1.5900000000 6.2000000000 8.9900000000 
H 1.0300000000 5.9100000000 0.5700000000 
O 3.8100000000 5.4300000000 1.4700000000 
H 3.9900000000 4.5100000000 1.3500000000 
H 4.6700000000 5.8500000000 1.3000000000 
O 8.4500000000 3.2300000000 8.6800000000 
H 8.7300000000 2.5100000000 8.0400000000 
H 9.3000000000 3.6200000000 8.8800000000 
O 3.5600000000 1.5800000000 8.3000000000 
H 3.2400000000 2.0500000000 9.1200000000 
H 4.0800000000 2.2500000000 7.7900000000 
O 6.3300000000 4.3300000000 7.0900000000 
H 7.0300000000 3.9900000000 7.7300000000 
H 6.3400000000 5.2700000000 7.2500000000 
O 6.1600000000 7.3100000000 8.0300000000 
H 6.1900000000 8.2900000000 7.8000000000 
H 7.0800000000 6.9400000000 7.6800000000 
O 1.0800000000 2.9500000000 0.1900000000 
H 1.5300000000 3.8700000000 0.4100000000 
H 1.1700000000 2.5000000000 1.0800000000 
O 3.2300000000 2.3300000000 4.4400000000 
H 4.2300000000 2.3400000000 4.4000000000 
H 2.9500000000 3.0500000000 5.0000000000 
O 3.4200000000 4.2000000000 7.0200000000 
H 3.2100000000 5.0600000000 7.4100000000 
H 4.3900000000 4.2700000000 6.7900000000 

