&CONTROL
/
&SYSTEM
   ntyp             = 2
   nat              = 96
   ibrav            = 0
/
&ELECTRONS
/
&IONS
/
&CELL
/

ATOMIC_SPECIES
O 15.999 None
H 1.008 None

K_POINTS gamma

CELL_PARAMETERS angstrom
9.86520000000000 0.00000000000000 0.00000000000000
0.00000000000000 9.86520000000000 0.00000000000000
0.00000000000000 0.00000000000000 9.86520000000000

ATOMIC_POSITIONS angstrom
O 5.4200000000 8.5800000000 4.8900000000 
H 5.4800000000 9.5500000000 4.8300000000 
H 4.6100000000 8.5500000000 5.5000000000 
O 9.0800000000 0.4900000000 7.8700000000 
H 0.2100000000 0.4000000000 7.6900000000 
H 8.7000000000 9.6900000000 7.3000000000 
O 7.8000000000 8.2600000000 6.3500000000 
H 7.6700000000 7.3900000000 6.7000000000 
H 7.0800000000 8.3000000000 5.7000000000 
O 5.1800000000 1.5000000000 4.8000000000 
H 6.0400000000 1.4900000000 4.3600000000 
H 5.3000000000 1.8900000000 5.6800000000 
O 2.9100000000 5.5900000000 9.1400000000 
H 2.1800000000 4.9800000000 9.3400000000 
H 2.6300000000 5.9500000000 8.3000000000 
O 5.5300000000 1.9700000000 7.5700000000 
H 5.6400000000 2.7300000000 8.1800000000 
H 5.1000000000 1.2400000000 8.0400000000 
O 5.3500000000 4.0600000000 9.2500000000 
H 5.2700000000 3.5400000000 0.1900000000 
H 4.4300000000 4.3300000000 9.0600000000 
O 4.3400000000 9.1900000000 1.6600000000 
H 4.7000000000 8.8200000000 2.5800000000 
H 3.6200000000 8.5600000000 1.4400000000 
O 0.6500000000 3.9700000000 9.2500000000 
H 0.5500000000 3.9500000000 8.2900000000 
H 9.5700000000 4.0500000000 9.4700000000 
O 2.5400000000 1.8700000000 5.3500000000 
H 2.5800000000 2.6800000000 4.7700000000 
H 3.5100000000 1.6500000000 5.1800000000 
O 0.3600000000 1.0800000000 1.8100000000 
H 1.2600000000 1.0700000000 1.4100000000 
H 9.6500000000 1.4100000000 1.0500000000 
O 4.2700000000 9.6200000000 8.7800000000 
H 4.7300000000 8.7900000000 8.9900000000 
H 3.8100000000 0.0400000000 9.6100000000 
O 9.4500000000 3.6600000000 4.4400000000 
H 8.9300000000 3.2400000000 3.7000000000 
H 0.1300000000 4.2300000000 3.9300000000 
O 1.2900000000 4.6600000000 6.5300000000 
H 0.8500000000 3.9700000000 5.9700000000 
H 0.8000000000 5.4800000000 6.4300000000 
O 7.3800000000 7.9200000000 1.2500000000 
H 6.9400000000 8.5800000000 1.9000000000 
H 6.7400000000 7.6800000000 0.5300000000 
O 4.6600000000 2.3900000000 1.6000000000 
H 4.8000000000 1.5000000000 1.9600000000 
H 4.1600000000 2.9300000000 2.3100000000 
O 5.4200000000 5.6600000000 4.1800000000 
H 5.9800000000 6.3500000000 3.9000000000 
H 4.9300000000 6.0200000000 4.9300000000 
O 5.6400000000 6.8500000000 8.9400000000 
H 5.9200000000 5.9100000000 9.0400000000 
H 5.0900000000 6.6300000000 8.1900000000 
O 0.3800000000 0.3000000000 4.4100000000 
H 0.3200000000 0.6200000000 3.3800000000 
H 1.2100000000 0.6800000000 4.7600000000 
O 0.6000000000 7.6700000000 5.5800000000 
H 9.5200000000 7.7300000000 5.9600000000 
H 0.7700000000 8.6200000000 5.3300000000 
O 3.5500000000 4.1900000000 3.2200000000 
H 4.3000000000 4.6600000000 3.6500000000 
H 2.8500000000 4.8500000000 3.3400000000 
O 3.2200000000 6.6600000000 6.6100000000 
H 2.6600000000 7.4100000000 6.7200000000 
H 2.6300000000 5.9100000000 6.4700000000 
O 2.3200000000 7.4500000000 1.1700000000 
H 1.5700000000 8.0200000000 0.8400000000 
H 2.5100000000 6.8300000000 0.4600000000 
O 8.2300000000 3.1400000000 7.9900000000 
H 8.5700000000 2.1500000000 7.9800000000 
H 7.2500000000 2.9700000000 7.9900000000 
O 2.3900000000 1.6400000000 0.1400000000 
H 3.1100000000 1.9200000000 0.7300000000 
H 1.9000000000 2.4600000000 9.7800000000 
O 8.2100000000 5.2300000000 2.0800000000 
H 7.7800000000 6.0700000000 1.7500000000 
H 9.0500000000 5.6700000000 2.4500000000 
O 1.2000000000 5.8900000000 3.4200000000 
H 1.6400000000 6.4700000000 2.7000000000 
H 1.1300000000 6.4700000000 4.2400000000 
O 1.7700000000 0.1500000000 7.2900000000 
H 1.9800000000 0.9800000000 6.7200000000 
H 2.4700000000 0.1300000000 7.9700000000 
O 7.3800000000 0.5600000000 3.5500000000 
H 7.9500000000 1.0200000000 2.8400000000 
H 8.0700000000 0.2200000000 4.1700000000 
O 8.3700000000 5.4500000000 6.4500000000 
H 8.4000000000 4.9600000000 5.5800000000 
H 8.3200000000 4.7400000000 7.0900000000 
O 0.0200000000 8.1700000000 9.7500000000 
H 9.1300000000 7.8400000000 0.3900000000 
H 9.4900000000 8.8800000000 9.2100000000 
O 7.3800000000 2.6400000000 1.5400000000 
H 6.4700000000 2.5900000000 1.9500000000 
H 7.6800000000 3.5800000000 1.6800000000 

