&CONTROL
/
&SYSTEM
   ntyp             = 2
   nat              = 96
   ibrav            = 0
/
&ELECTRONS
/
&IONS
/
&CELL
/

ATOMIC_SPECIES
O 15.999 None
H 1.008 None

K_POINTS gamma

CELL_PARAMETERS angstrom
9.86520000000000 0.00000000000000 0.00000000000000
0.00000000000000 9.86520000000000 0.00000000000000
0.00000000000000 0.00000000000000 9.86520000000000

ATOMIC_POSITIONS angstrom
O 7.0900000000 2.6100000000 3.2600000000 
H 7.1300000000 3.5800000000 3.5000000000 
H 6.2900000000 2.5800000000 2.6700000000 
O 8.5800000000 9.6500000000 1.0900000000 
H 9.3700000000 0.3800000000 0.9600000000 
H 7.8300000000 0.4200000000 1.1400000000 
O 0.3400000000 5.3600000000 6.5700000000 
H 9.2700000000 5.4100000000 6.9200000000 
H 0.3200000000 5.6500000000 5.5800000000 
O 1.2200000000 1.5200000000 4.6500000000 
H 2.1300000000 1.7300000000 4.9700000000 
H 1.1100000000 2.0700000000 3.8400000000 
O 7.1700000000 0.1300000000 4.4200000000 
H 6.5400000000 9.5000000000 3.8400000000 
H 7.4100000000 0.8700000000 3.8600000000 
O 4.4900000000 4.4300000000 9.1200000000 
H 4.2100000000 4.8000000000 8.3100000000 
H 4.2700000000 3.5100000000 9.0800000000 
O 4.9300000000 5.0900000000 4.6100000000 
H 5.7100000000 5.3900000000 4.0800000000 
H 5.1200000000 5.5000000000 5.4200000000 
O 0.3400000000 6.7000000000 0.1000000000 
H 0.2800000000 7.2100000000 9.2100000000 
H 9.3600000000 6.7900000000 0.5700000000 
O 1.0400000000 1.2600000000 0.7300000000 
H 0.9800000000 1.5800000000 9.7000000000 
H 1.9500000000 0.8000000000 0.7900000000 
O 7.1900000000 5.7600000000 3.3700000000 
H 7.8700000000 6.0300000000 4.0400000000 
H 7.4400000000 6.3400000000 2.6200000000 
O 5.3400000000 9.4800000000 6.3800000000 
H 4.6900000000 9.8600000000 5.7700000000 
H 6.0400000000 9.5100000000 5.7200000000 
O 7.3400000000 5.4100000000 7.5800000000 
H 6.3500000000 5.5500000000 7.7800000000 
H 7.8200000000 6.2900000000 7.8000000000 
O 0.8400000000 1.1300000000 7.5300000000 
H 0.8600000000 1.2700000000 6.5700000000 
H 9.7600000000 0.9500000000 7.6700000000 
O 7.1400000000 2.7700000000 8.2500000000 
H 7.5100000000 2.6700000000 9.1600000000 
H 7.1900000000 3.7600000000 8.0900000000 
O 4.9700000000 3.3100000000 1.6200000000 
H 4.9300000000 3.8500000000 0.7700000000 
H 4.2600000000 3.7400000000 2.2200000000 
O 0.1600000000 8.9300000000 4.9100000000 
H 0.5400000000 9.8500000000 4.5500000000 
H 9.1000000000 9.1300000000 5.1500000000 
O 1.5200000000 3.3900000000 2.5800000000 
H 1.5900000000 4.3400000000 2.2200000000 
H 1.2900000000 2.8500000000 1.7900000000 
O 3.9100000000 2.4900000000 5.1300000000 
H 4.0300000000 3.4000000000 4.8700000000 
H 4.0100000000 2.5000000000 6.1700000000 
O 3.6700000000 0.5200000000 1.1000000000 
H 3.8000000000 1.3500000000 1.5800000000 
H 4.4400000000 0.4000000000 0.5400000000 
O 3.6000000000 1.8300000000 8.1700000000 
H 4.2400000000 1.0000000000 8.3900000000 
H 2.6800000000 1.5100000000 7.8000000000 
O 5.9000000000 0.2900000000 9.3500000000 
H 5.9300000000 9.6700000000 8.5100000000 
H 6.2500000000 1.1500000000 9.1400000000 
O 3.0900000000 6.9200000000 3.6600000000 
H 3.7500000000 6.3500000000 4.1100000000 
H 3.1000000000 6.5100000000 2.7500000000 
O 8.1000000000 0.5300000000 7.2100000000 
H 7.9000000000 1.3600000000 7.7400000000 
H 7.7500000000 0.6000000000 6.2900000000 
O 0.0400000000 6.4600000000 3.9100000000 
H 0.2100000000 7.3900000000 4.1600000000 
H 0.6900000000 6.4000000000 3.2500000000 
O 0.4400000000 3.9800000000 9.2800000000 
H 0.2800000000 4.8800000000 9.6200000000 
H 0.4900000000 4.0400000000 8.2800000000 
O 2.1800000000 7.3900000000 6.5000000000 
H 1.6700000000 7.8000000000 5.7200000000 
H 1.7000000000 6.5400000000 6.6000000000 
O 4.6300000000 6.4800000000 7.2100000000 
H 4.9300000000 7.4500000000 7.0100000000 
H 3.7700000000 6.6700000000 6.8500000000 
O 5.0400000000 8.9700000000 3.1000000000 
H 4.4500000000 8.2900000000 3.5700000000 
H 4.5200000000 9.2700000000 2.3200000000 
O 8.4800000000 2.5500000000 0.6600000000 
H 9.2100000000 3.0900000000 0.3500000000 
H 8.2500000000 2.9900000000 1.4800000000 
O 9.2300000000 7.7500000000 7.4500000000 
H 0.2900000000 7.8800000000 7.0800000000 
H 8.9600000000 8.6900000000 7.6000000000 
O 2.5900000000 5.6500000000 1.3000000000 
H 3.2000000000 5.3600000000 0.6000000000 
H 1.8700000000 6.1800000000 0.9100000000 
O 7.5000000000 6.9900000000 0.7300000000 
H 6.6000000000 6.9100000000 0.4100000000 
H 7.5600000000 7.9900000000 0.8900000000 

