&CONTROL
/
&SYSTEM
   ntyp             = 2
   nat              = 96
   ibrav            = 0
/
&ELECTRONS
/
&IONS
/
&CELL
/

ATOMIC_SPECIES
O 15.999 None
H 1.008 None

K_POINTS gamma

CELL_PARAMETERS angstrom
9.86520000000000 0.00000000000000 0.00000000000000
0.00000000000000 9.86520000000000 0.00000000000000
0.00000000000000 0.00000000000000 9.86520000000000

ATOMIC_POSITIONS angstrom
O 0.2000000000 8.4500000000 3.7000000000 
H 0.3500000000 7.4900000000 3.8500000000 
H 0.6200000000 8.5200000000 2.7800000000 
O 5.0700000000 1.2500000000 7.5400000000 
H 5.4900000000 1.6400000000 6.7500000000 
H 4.1800000000 1.6800000000 7.5300000000 
O 5.9600000000 8.4100000000 8.6600000000 
H 5.3500000000 8.5000000000 7.8900000000 
H 6.3900000000 9.3300000000 8.8100000000 
O 4.4700000000 7.0300000000 1.6800000000 
H 4.0700000000 6.1100000000 1.5100000000 
H 5.0900000000 7.0600000000 0.9300000000 
O 6.5100000000 5.5200000000 0.1200000000 
H 6.3200000000 5.6800000000 9.0400000000 
H 6.7600000000 4.5800000000 0.2800000000 
O 5.7500000000 1.7100000000 4.7200000000 
H 6.5300000000 1.1300000000 4.8700000000 
H 5.2300000000 1.1000000000 4.1100000000 
O 4.1100000000 9.6000000000 3.4500000000 
H 3.2100000000 9.8100000000 3.8100000000 
H 3.8600000000 9.0300000000 2.7000000000 
O 2.7000000000 5.3400000000 7.1700000000 
H 2.5400000000 5.0100000000 6.2600000000 
H 3.2900000000 6.1200000000 7.0600000000 
O 8.6100000000 3.2800000000 0.5800000000 
H 8.7600000000 3.7200000000 1.4300000000 
H 9.0400000000 2.4200000000 0.7800000000 
O 1.0000000000 7.4000000000 8.6200000000 
H 1.5700000000 8.0100000000 8.1400000000 
H 1.4100000000 6.5700000000 8.3600000000 
O 1.7200000000 8.0800000000 1.3200000000 
H 2.5400000000 7.5800000000 1.5800000000 
H 1.5500000000 7.7100000000 0.4000000000 
O 4.4300000000 7.7500000000 6.2400000000 
H 5.0500000000 8.0300000000 5.5400000000 
H 3.6000000000 8.3600000000 6.1700000000 
O 6.5800000000 0.5600000000 1.6800000000 
H 6.8100000000 9.4700000000 1.6500000000 
H 7.4700000000 0.9600000000 1.6600000000 
O 5.4200000000 4.4100000000 4.5700000000 
H 4.4500000000 4.3200000000 4.4100000000 
H 5.5900000000 3.4900000000 4.7200000000 
O 1.4900000000 1.1800000000 3.7900000000 
H 1.0100000000 0.4400000000 4.1500000000 
H 0.9800000000 1.5200000000 2.9800000000 
O 2.3800000000 3.5800000000 4.7300000000 
H 1.6700000000 4.2100000000 4.4500000000 
H 2.2000000000 2.7100000000 4.3500000000 
O 4.5400000000 1.9400000000 0.3900000000 
H 5.2800000000 1.4700000000 0.8100000000 
H 4.5700000000 1.5600000000 9.3400000000 
O 2.3800000000 9.3900000000 6.9600000000 
H 1.4500000000 9.5500000000 6.7400000000 
H 2.6400000000 0.5100000000 7.0200000000 
O 2.5100000000 2.1900000000 7.3100000000 
H 1.5300000000 2.3100000000 7.3900000000 
H 2.6500000000 2.7800000000 6.5200000000 
O 9.3100000000 0.6400000000 1.4200000000 
H 0.4100000000 0.7500000000 1.3200000000 
H 9.2900000000 9.6400000000 0.9000000000 
O 8.1200000000 5.5200000000 2.7600000000 
H 7.4800000000 4.7100000000 2.7900000000 
H 7.6400000000 6.3600000000 2.7700000000 
O 1.7500000000 1.7400000000 0.4900000000 
H 1.7200000000 1.9500000000 9.4100000000 
H 2.6800000000 2.0000000000 0.6200000000 
O 0.9100000000 5.3600000000 3.2600000000 
H 9.8400000000 5.3100000000 2.9800000000 
H 1.4600000000 5.0900000000 2.4600000000 
O 9.5900000000 0.3600000000 6.7800000000 
H 8.8600000000 0.2300000000 6.1000000000 
H 9.4400000000 1.2300000000 7.1300000000 
O 6.1900000000 7.2000000000 3.9900000000 
H 5.4300000000 7.3900000000 3.3900000000 
H 6.2000000000 6.2400000000 4.1300000000 
O 3.3600000000 4.6100000000 0.3500000000 
H 3.8300000000 3.7600000000 0.5800000000 
H 3.3400000000 4.7300000000 9.2400000000 
O 8.3800000000 4.4500000000 6.4400000000 
H 7.9000000000 4.9200000000 7.1100000000 
H 8.6300000000 5.1200000000 5.7500000000 
O 7.6600000000 9.4400000000 4.7200000000 
H 7.0800000000 8.6600000000 4.6500000000 
H 8.3200000000 9.2300000000 4.0700000000 
O 9.7500000000 2.8200000000 7.9600000000 
H 9.2900000000 3.5200000000 7.4900000000 
H 9.3200000000 2.9600000000 8.8000000000 
O 8.5800000000 2.7200000000 3.4300000000 
H 8.8400000000 3.0100000000 4.3100000000 
H 7.8700000000 2.0400000000 3.6200000000 
O 8.5200000000 8.1700000000 0.1300000000 
H 7.7300000000 7.8300000000 9.5600000000 
H 9.3300000000 7.6600000000 9.7300000000 
O 6.4400000000 5.9900000000 7.2800000000 
H 5.8900000000 6.8600000000 7.3900000000 
H 6.1700000000 5.6400000000 6.3800000000 

