&CONTROL
/
&SYSTEM
   ntyp             = 2
   nat              = 96
   ibrav            = 0
/
&ELECTRONS
/
&IONS
/
&CELL
/

ATOMIC_SPECIES
O 15.999 None
H 1.008 None

K_POINTS gamma

CELL_PARAMETERS angstrom
9.86520000000000 0.00000000000000 0.00000000000000
0.00000000000000 9.86520000000000 0.00000000000000
0.00000000000000 0.00000000000000 9.86520000000000

ATOMIC_POSITIONS angstrom
O 3.2900000000 4.1100000000 4.2100000000 
H 3.4300000000 4.2700000000 3.2400000000 
H 2.5200000000 3.5600000000 4.1900000000 
O 2.3500000000 9.2000000000 9.6800000000 
H 1.9300000000 8.4500000000 0.2900000000 
H 3.3300000000 9.0500000000 9.6400000000 
O 7.4200000000 4.0400000000 3.4200000000 
H 8.3300000000 4.1900000000 3.6800000000 
H 7.5300000000 4.5700000000 2.5700000000 
O 7.6700000000 9.0200000000 9.3200000000 
H 8.0300000000 9.5400000000 8.5800000000 
H 7.8000000000 9.7000000000 0.1900000000 
O 9.7600000000 7.1400000000 6.5000000000 
H 9.7200000000 7.4700000000 5.5500000000 
H 0.3900000000 7.9500000000 6.7600000000 
O 5.6200000000 5.3000000000 5.1600000000 
H 6.2600000000 4.6900000000 4.8600000000 
H 4.7500000000 4.7800000000 4.9500000000 
O 2.5700000000 1.5600000000 6.5100000000 
H 3.4400000000 1.5000000000 6.9200000000 
H 2.7600000000 1.3300000000 5.5800000000 
O 4.3000000000 7.9300000000 2.6700000000 
H 3.6600000000 7.6400000000 3.3700000000 
H 4.9300000000 8.3800000000 3.3000000000 
O 8.6300000000 1.1500000000 7.3100000000 
H 8.9500000000 2.0800000000 7.3400000000 
H 9.5100000000 0.7100000000 7.2300000000 
O 0.3200000000 9.6600000000 4.3800000000 
H 1.1600000000 0.1000000000 4.6200000000 
H 9.6000000000 0.5600000000 4.5600000000 
O 5.8100000000 2.3500000000 0.8000000000 
H 6.5900000000 1.9100000000 1.0900000000 
H 6.1900000000 3.2200000000 0.4300000000 
O 5.8200000000 4.6100000000 9.1600000000 
H 6.5400000000 5.1800000000 8.7000000000 
H 5.1000000000 4.8800000000 8.6200000000 
O 7.8400000000 6.5600000000 8.4500000000 
H 8.5800000000 6.6700000000 7.7900000000 
H 7.8000000000 7.5100000000 8.8000000000 
O 5.6800000000 9.3700000000 4.4200000000 
H 6.3900000000 0.0600000000 4.4600000000 
H 5.7000000000 8.7800000000 5.2300000000 
O 4.8700000000 8.2000000000 9.3500000000 
H 5.3400000000 8.2000000000 0.3400000000 
H 5.5600000000 7.9600000000 8.6700000000 
O 7.8700000000 1.4000000000 4.3800000000 
H 7.9000000000 1.5800000000 5.3600000000 
H 7.7500000000 2.3100000000 4.0200000000 
O 3.9700000000 6.5000000000 7.5400000000 
H 4.0600000000 7.1700000000 8.2900000000 
H 4.4900000000 7.0000000000 6.8600000000 
O 1.3800000000 3.0500000000 8.6600000000 
H 1.6200000000 2.3700000000 7.9700000000 
H 1.5500000000 3.8400000000 8.1500000000 
O 1.4000000000 6.6800000000 0.4400000000 
H 1.9800000000 6.0600000000 0.9600000000 
H 1.5100000000 6.3800000000 9.4000000000 
O 5.1700000000 1.4000000000 7.8200000000 
H 5.9600000000 0.8400000000 7.6800000000 
H 5.2800000000 1.8100000000 8.7500000000 
O 0.6300000000 2.6800000000 1.3900000000 
H 0.6400000000 3.0500000000 0.4500000000 
H 1.6000000000 2.3600000000 1.4700000000 
O 0.2200000000 4.3800000000 4.1100000000 
H 0.6700000000 3.7000000000 3.5700000000 
H 0.2600000000 5.2200000000 3.5700000000 
O 3.7700000000 4.8600000000 1.4500000000 
H 4.6100000000 5.3400000000 1.6400000000 
H 4.1000000000 4.0800000000 0.9300000000 
O 8.3100000000 1.0600000000 1.4700000000 
H 8.3100000000 0.9400000000 2.4500000000 
H 9.2600000000 1.3800000000 1.2900000000 
O 3.2400000000 1.3400000000 1.5100000000 
H 2.9900000000 0.6500000000 0.8300000000 
H 4.1500000000 1.5800000000 1.2800000000 
O 6.3100000000 7.6200000000 6.4000000000 
H 6.7900000000 7.1100000000 7.1400000000 
H 6.3700000000 6.9100000000 5.7600000000 
O 8.6800000000 3.8600000000 6.3600000000 
H 8.8200000000 4.4900000000 7.1000000000 
H 9.1400000000 4.3900000000 5.6400000000 
O 0.1700000000 7.4300000000 3.0300000000 
H 0.3500000000 8.3500000000 3.3700000000 
H 0.6500000000 7.3100000000 2.1500000000 
O 3.0800000000 0.5900000000 4.1400000000 
H 4.0200000000 0.3900000000 4.0200000000 
H 2.9900000000 0.8800000000 3.2100000000 
O 1.0000000000 9.4300000000 7.4700000000 
H 1.5300000000 9.3100000000 8.2700000000 
H 1.6500000000 0.1600000000 7.0300000000 
O 1.5200000000 5.5800000000 7.8700000000 
H 2.3800000000 5.8600000000 7.4900000000 
H 0.8700000000 6.1300000000 7.4000000000 
O 8.2500000000 5.7600000000 1.6400000000 
H 8.3600000000 6.1000000000 0.7600000000 
H 8.5400000000 6.5500000000 2.1900000000 

