&CONTROL
/
&SYSTEM
   ntyp             = 2
   nat              = 96
   ibrav            = 0
/
&ELECTRONS
/
&IONS
/
&CELL
/

ATOMIC_SPECIES
O 15.999 None
H 1.008 None

K_POINTS gamma

CELL_PARAMETERS angstrom
9.86520000000000 0.00000000000000 0.00000000000000
0.00000000000000 9.86520000000000 0.00000000000000
0.00000000000000 0.00000000000000 9.86520000000000

ATOMIC_POSITIONS angstrom
O 0.3700000000 9.1200000000 8.0700000000 
H 1.0800000000 8.4200000000 7.9900000000 
H 9.5600000000 8.9300000000 7.3400000000 
O 3.4600000000 7.3800000000 5.5200000000 
H 3.0000000000 8.2200000000 5.3500000000 
H 4.1500000000 7.7100000000 6.0800000000 
O 8.2800000000 0.3900000000 4.3700000000 
H 8.0300000000 9.4800000000 4.9800000000 
H 8.2700000000 0.0100000000 3.4700000000 
O 7.5800000000 8.3200000000 6.4400000000 
H 7.1400000000 9.0900000000 6.8200000000 
H 6.9300000000 7.5700000000 6.5300000000 
O 1.7300000000 4.4700000000 6.5300000000 
H 1.7700000000 3.5000000000 6.6400000000 
H 2.4600000000 4.5400000000 5.9100000000 
O 6.2600000000 2.4300000000 7.1900000000 
H 6.8400000000 3.1700000000 6.9300000000 
H 5.6500000000 2.3600000000 6.4700000000 
O 4.6900000000 3.5200000000 1.9500000000 
H 4.2900000000 3.3900000000 1.1100000000 
H 4.9700000000 4.4600000000 1.8300000000 
O 8.5200000000 3.0100000000 9.3700000000 
H 7.8700000000 3.7100000000 9.3500000000 
H 8.2200000000 2.4100000000 8.6700000000 
O 5.3100000000 9.3000000000 7.5800000000 
H 5.5300000000 9.7000000000 8.4700000000 
H 4.4200000000 9.7000000000 7.1900000000 
O 0.6700000000 7.3600000000 3.0100000000 
H 0.5100000000 6.3800000000 3.1300000000 
H 1.5700000000 7.6000000000 3.2000000000 
O 6.0300000000 6.3400000000 2.2800000000 
H 5.2600000000 6.9500000000 2.3600000000 
H 6.1300000000 6.0500000000 3.1700000000 
O 7.2900000000 5.5700000000 9.7000000000 
H 6.7200000000 5.7100000000 0.6300000000 
H 8.0000000000 6.2000000000 9.8600000000 
O 0.5200000000 1.9100000000 5.3000000000 
H 1.0600000000 1.7500000000 4.4800000000 
H 9.4700000000 1.5000000000 5.0700000000 
O 1.6000000000 6.7600000000 8.1400000000 
H 1.0700000000 6.3200000000 8.8300000000 
H 1.3200000000 6.3200000000 7.3400000000 
O 2.2500000000 1.2500000000 7.6600000000 
H 2.3900000000 1.1500000000 6.6600000000 
H 1.4400000000 0.6900000000 7.8400000000 
O 3.3200000000 3.3800000000 9.2800000000 
H 2.5000000000 3.5500000000 9.8400000000 
H 3.0000000000 2.6500000000 8.6300000000 
O 3.9500000000 5.8900000000 9.1200000000 
H 3.9700000000 4.8800000000 9.1600000000 
H 3.1600000000 6.0500000000 8.5800000000 
O 2.0400000000 1.5200000000 3.0500000000 
H 2.8500000000 1.5900000000 2.4900000000 
H 1.3000000000 1.5300000000 2.3400000000 
O 3.5500000000 0.4800000000 5.2200000000 
H 4.3900000000 0.8800000000 4.8400000000 
H 2.9700000000 0.7200000000 4.4500000000 
O 6.0600000000 6.1600000000 7.3200000000 
H 6.8100000000 5.9300000000 7.8900000000 
H 5.3000000000 5.9700000000 7.9100000000 
O 0.8300000000 4.3300000000 3.4600000000 
H 0.8900000000 3.3800000000 3.4000000000 
H 1.5100000000 4.4800000000 4.1700000000 
O 7.6700000000 9.4300000000 1.4200000000 
H 6.9800000000 9.8200000000 0.8500000000 
H 7.5200000000 8.4600000000 1.3300000000 
O 9.2600000000 7.3500000000 0.4200000000 
H 0.1000000000 7.4100000000 1.0800000000 
H 9.3900000000 8.0700000000 9.6800000000 
O 5.7900000000 1.8200000000 4.4800000000 
H 6.0600000000 2.1500000000 3.5800000000 
H 6.7000000000 1.3900000000 4.6100000000 
O 3.5500000000 4.2600000000 4.4400000000 
H 3.9200000000 3.8500000000 3.6400000000 
H 4.2800000000 4.9200000000 4.6000000000 
O 8.4700000000 4.2200000000 6.3300000000 
H 8.9500000000 3.5100000000 5.8500000000 
H 9.2000000000 4.6000000000 6.8600000000 
O 5.9400000000 1.0400000000 9.7300000000 
H 5.5400000000 1.6100000000 0.5000000000 
H 5.9800000000 1.5700000000 8.8700000000 
O 6.3900000000 5.3600000000 4.7400000000 
H 6.1500000000 5.8000000000 5.5000000000 
H 7.3400000000 5.1600000000 4.8700000000 
O 9.7800000000 1.4800000000 1.2700000000 
H 9.2700000000 2.0500000000 0.5900000000 
H 9.2300000000 0.6900000000 1.4200000000 
O 2.6000000000 0.4700000000 0.5400000000 
H 2.7100000000 0.6000000000 9.4300000000 
H 1.6100000000 0.5700000000 0.6000000000 
O 1.0900000000 4.5600000000 0.6200000000 
H 1.2300000000 5.0700000000 1.4100000000 
H 0.3400000000 3.9000000000 0.7800000000 
O 3.6100000000 7.6500000000 1.4900000000 
H 3.5000000000 7.0600000000 0.7400000000 
H 3.3000000000 8.4600000000 1.1500000000 

