&CONTROL
/
&SYSTEM
   ntyp             = 2
   nat              = 96
   ibrav            = 0
/
&ELECTRONS
/
&IONS
/
&CELL
/

ATOMIC_SPECIES
O 15.999 None
H 1.008 None

K_POINTS gamma

CELL_PARAMETERS angstrom
9.86520000000000 0.00000000000000 0.00000000000000
0.00000000000000 9.86520000000000 0.00000000000000
0.00000000000000 0.00000000000000 9.86520000000000

ATOMIC_POSITIONS angstrom
O 3.5900000000 3.0500000000 0.4700000000 
H 3.2300000000 2.6900000000 9.5200000000 
H 2.8900000000 3.7000000000 0.8400000000 
O 8.8100000000 3.4400000000 2.5500000000 
H 8.1600000000 2.8600000000 2.0300000000 
H 8.7100000000 4.3200000000 2.0700000000 
O 6.3200000000 3.4000000000 6.2400000000 
H 6.6400000000 4.0300000000 5.5900000000 
H 5.6700000000 3.9900000000 6.6700000000 
O 5.4700000000 8.6200000000 9.2500000000 
H 5.8100000000 8.8300000000 0.3000000000 
H 5.5200000000 9.4800000000 8.7700000000 
O 6.3300000000 9.4700000000 5.1800000000 
H 6.5100000000 9.3100000000 4.2500000000 
H 5.2800000000 9.4600000000 5.2600000000 
O 3.1900000000 7.5500000000 1.6300000000 
H 3.1500000000 7.9700000000 0.7100000000 
H 3.7400000000 8.2000000000 2.1300000000 
O 3.6900000000 7.9400000000 6.7100000000 
H 3.2400000000 8.1300000000 5.8600000000 
H 2.9900000000 8.1700000000 7.2800000000 
O 6.2400000000 5.2600000000 4.2500000000 
H 6.5400000000 6.1700000000 4.1000000000 
H 5.9900000000 4.8800000000 3.3800000000 
O 7.4900000000 7.3600000000 6.3700000000 
H 7.0000000000 8.2000000000 6.0900000000 
H 7.2100000000 7.4400000000 7.3000000000 
O 1.2800000000 1.5100000000 5.4700000000 
H 0.3000000000 1.4000000000 5.6400000000 
H 1.2600000000 2.0700000000 4.6900000000 
O 5.8200000000 4.4900000000 1.5300000000 
H 5.1900000000 3.8200000000 1.1700000000 
H 6.0200000000 5.0200000000 0.7400000000 
O 7.3500000000 1.7500000000 0.1800000000 
H 6.4600000000 1.7300000000 9.6300000000 
H 7.9500000000 1.8100000000 9.2800000000 
O 8.5300000000 6.4700000000 1.8700000000 
H 7.7400000000 7.0800000000 1.9300000000 
H 9.1100000000 6.9800000000 2.4000000000 
O 1.2000000000 0.5700000000 9.8600000000 
H 1.0300000000 1.3500000000 9.3200000000 
H 1.2400000000 9.7500000000 9.1600000000 
O 9.4600000000 1.7100000000 8.0200000000 
H 8.9200000000 1.1800000000 7.3300000000 
H 9.7600000000 2.5300000000 7.5500000000 
O 4.4000000000 0.3700000000 1.4600000000 
H 3.9900000000 1.1000000000 0.8600000000 
H 4.6900000000 0.8900000000 2.2600000000 
O 0.6900000000 7.7600000000 3.2700000000 
H 0.6800000000 8.7400000000 3.1400000000 
H 1.5100000000 7.4900000000 2.7300000000 
O 3.7000000000 0.3100000000 4.6000000000 
H 2.7800000000 0.5500000000 4.8200000000 
H 4.2000000000 1.0900000000 4.3600000000 
O 0.2300000000 7.0300000000 5.9300000000 
H 9.1100000000 7.1600000000 6.0000000000 
H 0.3300000000 7.0100000000 4.9900000000 
O 9.7100000000 6.0200000000 9.2700000000 
H 8.9500000000 5.6900000000 8.7500000000 
H 9.3500000000 5.9700000000 0.2400000000 
O 4.7500000000 5.3500000000 7.1900000000 
H 3.8100000000 5.0600000000 7.0500000000 
H 4.4500000000 6.2900000000 7.0700000000 
O 1.9500000000 5.2500000000 1.1700000000 
H 1.3100000000 5.6000000000 0.4800000000 
H 2.5000000000 6.0700000000 1.3900000000 
O 5.4100000000 2.5100000000 3.4600000000 
H 5.8300000000 3.2400000000 2.8400000000 
H 5.8800000000 2.7800000000 4.2800000000 
O 6.6200000000 6.1900000000 9.1400000000 
H 6.2600000000 5.8100000000 8.3000000000 
H 5.9800000000 6.9400000000 9.2800000000 
O 1.2900000000 8.0700000000 8.2700000000 
H 0.7100000000 7.7800000000 7.4800000000 
H 0.7700000000 7.5400000000 8.9600000000 
O 5.5000000000 1.3300000000 8.1100000000 
H 5.9500000000 1.8000000000 7.4000000000 
H 4.5600000000 1.4500000000 7.8700000000 
O 2.6200000000 2.3500000000 7.8900000000 
H 2.5400000000 1.9000000000 7.0900000000 
H 2.2000000000 3.2200000000 7.5600000000 
O 1.7800000000 4.7800000000 6.4600000000 
H 1.3500000000 5.6500000000 6.3400000000 
H 1.4900000000 4.3100000000 5.6200000000 
O 8.2100000000 1.4400000000 5.7500000000 
H 7.5700000000 0.6700000000 5.5900000000 
H 7.6100000000 2.2400000000 5.9000000000 
O 0.2900000000 0.6200000000 2.4700000000 
H 0.1400000000 1.5900000000 2.6000000000 
H 0.8100000000 0.5800000000 1.6500000000 
O 1.2800000000 3.9800000000 3.7800000000 
H 0.4300000000 3.8900000000 3.3800000000 
H 1.7100000000 4.4000000000 3.0500000000 
O 7.4100000000 9.7000000000 2.4000000000 
H 7.2800000000 0.3000000000 1.5000000000 
H 8.3800000000 9.7400000000 2.4600000000 

