&CONTROL
/
&SYSTEM
   ntyp             = 2
   nat              = 96
   ibrav            = 0
/
&ELECTRONS
/
&IONS
/
&CELL
/

ATOMIC_SPECIES
O 15.999 None
H 1.008 None

K_POINTS gamma

CELL_PARAMETERS angstrom
9.86520000000000 0.00000000000000 0.00000000000000
0.00000000000000 9.86520000000000 0.00000000000000
0.00000000000000 0.00000000000000 9.86520000000000

ATOMIC_POSITIONS angstrom
O 5.2300000000 0.3900000000 9.2800000000 
H 5.0700000000 1.2500000000 8.9600000000 
H 5.9400000000 0.1100000000 8.6800000000 
O 1.8800000000 9.3400000000 7.2700000000 
H 2.6600000000 9.6800000000 6.7800000000 
H 1.3200000000 0.2900000000 7.3400000000 
O 5.0300000000 5.2700000000 4.2800000000 
H 4.5100000000 5.3700000000 5.1200000000 
H 4.5500000000 5.8500000000 3.6700000000 
O 9.4100000000 1.2800000000 4.5500000000 
H 9.4900000000 2.2800000000 4.2900000000 
H 9.5300000000 1.2200000000 5.5500000000 
O 7.1900000000 3.2100000000 0.3600000000 
H 7.8800000000 3.9100000000 0.4700000000 
H 7.4900000000 2.4700000000 0.9600000000 
O 4.5700000000 3.4900000000 0.1700000000 
H 5.5000000000 3.3000000000 0.3600000000 
H 4.7000000000 3.2800000000 9.1100000000 
O 7.3500000000 3.3700000000 5.0100000000 
H 6.6300000000 3.9500000000 4.6000000000 
H 8.1300000000 3.6700000000 4.4500000000 
O 0.5200000000 0.6500000000 1.2900000000 
H 0.7600000000 1.3900000000 0.6600000000 
H 1.0800000000 0.9200000000 2.1100000000 
O 2.3400000000 8.1000000000 3.3100000000 
H 1.6800000000 7.8200000000 2.6400000000 
H 3.0400000000 7.5800000000 2.7400000000 
O 9.0100000000 5.4300000000 1.1100000000 
H 9.6500000000 6.0500000000 0.7900000000 
H 8.1900000000 6.0300000000 1.1600000000 
O 4.8000000000 8.5800000000 6.3800000000 
H 5.5500000000 8.1900000000 5.8200000000 
H 4.8900000000 9.4900000000 6.0600000000 
O 7.8400000000 5.1500000000 7.3500000000 
H 7.6700000000 4.2900000000 6.8200000000 
H 7.3100000000 5.8300000000 6.7900000000 
O 9.7700000000 8.4100000000 4.7800000000 
H 9.7300000000 9.3600000000 4.6800000000 
H 0.8800000000 8.2900000000 4.5800000000 
O 1.7200000000 3.0500000000 0.2600000000 
H 2.6300000000 3.1300000000 0.2400000000 
H 1.4600000000 3.7700000000 9.4300000000 
O 8.0200000000 1.2900000000 2.2800000000 
H 8.3400000000 1.4200000000 3.2000000000 
H 8.8000000000 1.0300000000 1.7600000000 
O 0.5400000000 1.7200000000 7.3200000000 
H 0.0100000000 2.4100000000 7.7800000000 
H 1.2800000000 2.3300000000 6.9900000000 
O 2.6000000000 0.8300000000 3.0900000000 
H 2.4300000000 9.7500000000 3.2300000000 
H 3.5500000000 0.9300000000 3.2400000000 
O 2.8800000000 8.3500000000 9.5900000000 
H 2.5100000000 8.5200000000 8.7300000000 
H 3.5800000000 9.0900000000 9.6900000000 
O 2.5600000000 3.1600000000 6.0300000000 
H 2.4400000000 4.1300000000 6.1900000000 
H 2.6400000000 3.1500000000 5.0600000000 
O 2.6000000000 4.1900000000 3.3900000000 
H 2.4000000000 5.0100000000 2.8300000000 
H 3.2100000000 3.6500000000 2.8400000000 
O 7.0900000000 7.3300000000 5.3700000000 
H 8.0300000000 7.7000000000 5.3600000000 
H 7.0600000000 6.6000000000 4.7000000000 
O 3.5800000000 5.9600000000 6.3800000000 
H 2.6800000000 6.4000000000 6.5800000000 
H 4.1900000000 6.7600000000 6.4800000000 
O 5.4300000000 0.7000000000 2.2900000000 
H 6.3800000000 0.7800000000 2.2000000000 
H 5.1000000000 0.8600000000 1.4100000000 
O 7.4600000000 9.1200000000 8.0500000000 
H 7.2700000000 8.6500000000 7.2100000000 
H 8.2900000000 9.5700000000 7.9000000000 
O 9.7100000000 3.7800000000 3.4800000000 
H 9.4200000000 4.1200000000 2.6000000000 
H 0.8400000000 3.8500000000 3.3700000000 
O 0.9800000000 6.7400000000 6.7800000000 
H 0.5700000000 6.9000000000 5.8800000000 
H 1.2300000000 7.6300000000 7.1100000000 
O 6.0800000000 0.8600000000 5.1000000000 
H 5.9800000000 0.8700000000 4.1200000000 
H 6.8300000000 1.5500000000 5.1400000000 
O 0.4500000000 7.7500000000 1.1600000000 
H 1.3500000000 7.9100000000 0.7200000000 
H 0.1400000000 8.6400000000 1.2900000000 
O 5.2000000000 2.4900000000 7.3200000000 
H 5.6300000000 2.0100000000 6.5300000000 
H 4.4300000000 2.8200000000 6.9000000000 
O 6.6500000000 6.4900000000 0.0900000000 
H 6.4900000000 6.1400000000 9.0700000000 
H 6.6500000000 7.4400000000 9.8100000000 
O 0.5100000000 4.6400000000 8.2000000000 
H 9.3900000000 4.9100000000 8.3200000000 
H 0.7900000000 5.3900000000 7.6800000000 
O 3.1700000000 6.2300000000 1.5100000000 
H 3.7300000000 5.4500000000 1.2100000000 
H 3.2700000000 6.7900000000 0.6800000000 

