&CONTROL
/
&SYSTEM
   ntyp             = 2
   nat              = 96
   ibrav            = 0
/
&ELECTRONS
/
&IONS
/
&CELL
/

ATOMIC_SPECIES
O 15.999 None
H 1.008 None

K_POINTS gamma

CELL_PARAMETERS angstrom
9.86520000000000 0.00000000000000 0.00000000000000
0.00000000000000 9.86520000000000 0.00000000000000
0.00000000000000 0.00000000000000 9.86520000000000

ATOMIC_POSITIONS angstrom
O 9.0900000000 5.4500000000 2.5400000000 
H 8.5000000000 6.2100000000 2.7700000000 
H 9.6700000000 5.8700000000 1.8400000000 
O 4.5700000000 8.3900000000 2.9600000000 
H 4.6300000000 8.8700000000 3.8000000000 
H 4.1900000000 9.0500000000 2.3600000000 
O 7.4500000000 3.5200000000 1.4400000000 
H 7.9800000000 4.0000000000 2.1200000000 
H 8.2000000000 3.1100000000 0.9600000000 
O 7.3900000000 8.3000000000 2.4900000000 
H 6.6100000000 8.2400000000 3.1200000000 
H 6.9600000000 9.0600000000 2.0300000000 
O 0.6000000000 7.0700000000 0.7900000000 
H 0.6500000000 7.9900000000 1.1800000000 
H 1.4200000000 6.7100000000 1.2500000000 
O 6.2400000000 6.2900000000 4.7600000000 
H 5.7700000000 6.7500000000 4.0700000000 
H 5.5700000000 6.2300000000 5.5100000000 
O 2.1800000000 9.6100000000 5.4900000000 
H 3.0900000000 9.3200000000 5.2400000000 
H 2.0000000000 0.4400000000 4.8000000000 
O 6.2900000000 9.0900000000 7.9600000000 
H 6.7900000000 8.5700000000 8.7100000000 
H 7.0800000000 9.2600000000 7.4300000000 
O 8.3100000000 8.9800000000 6.4700000000 
H 8.7700000000 9.7300000000 5.9300000000 
H 9.1100000000 8.3600000000 6.4900000000 
O 0.9300000000 0.9200000000 8.2000000000 
H 0.9400000000 1.3700000000 7.3600000000 
H 1.7800000000 0.5300000000 8.0500000000 
O 3.3800000000 0.9900000000 1.1400000000 
H 3.1100000000 0.4600000000 0.4000000000 
H 4.1000000000 1.3900000000 0.6900000000 
O 5.6100000000 5.3400000000 9.4200000000 
H 6.3500000000 5.9000000000 9.8200000000 
H 5.2300000000 4.9300000000 0.3500000000 
O 7.6000000000 7.2800000000 0.0100000000 
H 8.6000000000 7.1900000000 9.7000000000 
H 7.5800000000 7.3600000000 0.9500000000 
O 3.1300000000 6.3900000000 1.6700000000 
H 3.7700000000 5.6400000000 1.7000000000 
H 3.5700000000 7.0900000000 2.1700000000 
O 3.4100000000 9.1300000000 8.4300000000 
H 3.0800000000 8.1900000000 8.4400000000 
H 4.2100000000 9.1600000000 7.8500000000 
O 4.3900000000 5.4800000000 6.7700000000 
H 3.5600000000 5.7600000000 7.1900000000 
H 5.0200000000 5.7300000000 7.5200000000 
O 5.4900000000 1.6500000000 8.8600000000 
H 6.1000000000 2.2000000000 8.4700000000 
H 5.6800000000 0.7300000000 8.4700000000 
O 0.6800000000 7.4500000000 6.5500000000 
H 1.4300000000 7.0100000000 7.0200000000 
H 1.2600000000 8.1500000000 6.0500000000 
O 0.4600000000 9.6300000000 1.3300000000 
H 0.9000000000 0.3700000000 1.9700000000 
H 0.3000000000 0.3100000000 0.5300000000 
O 7.1200000000 3.6900000000 7.5300000000 
H 6.7600000000 4.2900000000 8.2400000000 
H 7.5700000000 4.3500000000 7.0100000000 
O 9.7000000000 3.5600000000 4.3600000000 
H 9.3800000000 4.2100000000 3.6500000000 
H 9.2000000000 4.0400000000 5.1700000000 
O 2.4300000000 6.2700000000 8.5700000000 
H 1.6400000000 6.5200000000 9.1100000000 
H 2.6200000000 5.2700000000 8.8800000000 
O 4.5200000000 3.9200000000 1.6900000000 
H 4.3100000000 3.7900000000 2.6300000000 
H 5.5000000000 3.6500000000 1.7100000000 
O 6.4000000000 1.9200000000 5.4500000000 
H 6.7100000000 2.4200000000 6.2100000000 
H 7.2300000000 1.8100000000 4.8900000000 
O 8.6200000000 0.9900000000 4.2200000000 
H 9.1100000000 1.8800000000 4.2500000000 
H 8.6600000000 0.7500000000 3.3000000000 
O 0.0100000000 2.6600000000 0.2400000000 
H 0.8700000000 3.0600000000 0.4600000000 
H 0.1900000000 2.0300000000 9.2900000000 
O 4.0200000000 3.5300000000 4.5300000000 
H 4.8800000000 3.0900000000 4.8300000000 
H 3.7000000000 4.2000000000 5.1800000000 
O 6.3800000000 0.9000000000 1.4800000000 
H 6.2000000000 1.1900000000 0.5400000000 
H 6.7700000000 1.7500000000 1.8800000000 
O 5.2400000000 9.2600000000 5.2600000000 
H 5.9000000000 0.1400000000 5.1800000000 
H 5.6500000000 8.9400000000 6.1200000000 
O 2.7900000000 3.6800000000 9.3300000000 
H 3.3500000000 3.0300000000 8.8600000000 
H 3.4100000000 3.8500000000 0.2600000000 
O 1.9000000000 1.3500000000 3.2200000000 
H 2.6300000000 1.2200000000 2.5700000000 
H 1.7900000000 2.2600000000 3.3000000000 
O 8.5100000000 5.5000000000 6.0100000000 
H 7.6700000000 5.8800000000 5.5500000000 
H 9.0200000000 6.3200000000 6.1800000000 

