&CONTROL
/
&SYSTEM
   ntyp             = 2
   nat              = 96
   ibrav            = 0
/
&ELECTRONS
/
&IONS
/
&CELL
/

ATOMIC_SPECIES
O 15.999 None
H 1.008 None

K_POINTS gamma

CELL_PARAMETERS angstrom
9.86520000000000 0.00000000000000 0.00000000000000
0.00000000000000 9.86520000000000 0.00000000000000
0.00000000000000 0.00000000000000 9.86520000000000

ATOMIC_POSITIONS angstrom
O 1.5400000000 4.2700000000 3.6000000000 
H 1.5900000000 4.6300000000 4.5300000000 
H 2.0400000000 4.9600000000 3.0700000000 
O 5.3900000000 7.5800000000 3.4000000000 
H 5.9500000000 7.0000000000 4.0500000000 
H 6.1200000000 8.0600000000 2.9400000000 
O 7.1700000000 4.6900000000 1.3000000000 
H 7.5600000000 4.8200000000 2.1800000000 
H 7.4900000000 3.7600000000 1.0100000000 
O 7.8100000000 8.1700000000 2.2400000000 
H 8.7100000000 8.3800000000 2.4600000000 
H 7.9700000000 7.7800000000 1.3300000000 
O 0.6200000000 7.2800000000 0.4700000000 
H 1.2700000000 7.8200000000 9.7900000000 
H 1.2400000000 7.0300000000 1.1700000000 
O 7.1800000000 7.3900000000 6.1700000000 
H 8.0600000000 7.7300000000 6.5200000000 
H 6.5700000000 8.1500000000 6.0200000000 
O 2.1800000000 8.2700000000 5.5900000000 
H 2.7200000000 9.0900000000 5.5500000000 
H 2.0300000000 8.2600000000 4.6300000000 
O 7.9600000000 9.7000000000 9.4500000000 
H 8.0300000000 8.7100000000 9.5900000000 
H 8.1100000000 9.7300000000 8.4700000000 
O 9.4700000000 9.2400000000 6.9600000000 
H 9.6200000000 9.5800000000 6.0100000000 
H 0.4700000000 9.4000000000 7.4200000000 
O 1.6600000000 2.5300000000 5.8700000000 
H 2.2300000000 1.7800000000 5.5400000000 
H 1.2100000000 2.9000000000 5.0400000000 
O 2.7000000000 0.9800000000 9.7900000000 
H 2.5800000000 0.0400000000 9.3900000000 
H 3.6400000000 1.2900000000 9.6300000000 
O 4.5600000000 6.6100000000 8.8500000000 
H 5.2300000000 7.2000000000 9.1200000000 
H 4.4000000000 5.9900000000 9.6000000000 
O 7.5900000000 7.0600000000 9.6300000000 
H 8.3100000000 6.6400000000 9.1000000000 
H 7.3800000000 6.3000000000 0.4000000000 
O 2.7600000000 6.7500000000 2.3400000000 
H 3.4300000000 6.1700000000 1.8900000000 
H 3.4600000000 7.1500000000 2.9000000000 
O 2.4200000000 8.5000000000 8.4200000000 
H 2.3000000000 8.4000000000 7.5000000000 
H 3.3200000000 8.0800000000 8.5300000000 
O 5.4500000000 5.4100000000 6.4500000000 
H 6.2100000000 6.0400000000 6.4100000000 
H 5.0800000000 5.5700000000 7.3400000000 
O 5.3600000000 1.3000000000 9.3100000000 
H 5.9100000000 1.8400000000 8.7500000000 
H 6.0500000000 0.6400000000 9.5400000000 
O 1.5800000000 5.5100000000 6.1900000000 
H 0.9900000000 5.8000000000 6.8600000000 
H 2.3200000000 6.1800000000 6.2200000000 
O 0.5500000000 0.6200000000 2.0200000000 
H 1.2500000000 0.8500000000 1.4000000000 
H 9.6600000000 0.5300000000 1.4000000000 
O 6.3200000000 2.7400000000 7.0900000000 
H 5.6900000000 3.4800000000 7.0300000000 
H 7.1700000000 3.1300000000 6.7400000000 
O 8.6500000000 3.6000000000 3.5200000000 
H 9.5700000000 3.5100000000 3.1900000000 
H 8.7500000000 3.9300000000 4.4800000000 
O 9.5400000000 5.3700000000 8.6000000000 
H 0.1100000000 5.9500000000 9.2300000000 
H 0.0900000000 4.5100000000 8.6900000000 
O 4.6300000000 5.1100000000 1.4500000000 
H 4.5800000000 4.7600000000 2.4200000000 
H 5.6100000000 4.9300000000 1.3200000000 
O 6.4600000000 0.6100000000 5.4100000000 
H 6.4500000000 1.2900000000 6.1600000000 
H 6.4800000000 1.1300000000 4.5900000000 
O 9.3600000000 0.5000000000 4.3900000000 
H 8.5300000000 0.0500000000 4.0500000000 
H 9.8600000000 0.7600000000 3.6000000000 
O 8.4600000000 2.4800000000 0.4800000000 
H 9.0200000000 2.8900000000 9.6300000000 
H 8.2700000000 1.6200000000 9.8600000000 
O 4.5200000000 4.3900000000 4.0300000000 
H 3.7900000000 3.6700000000 3.9000000000 
H 4.5300000000 4.4700000000 5.0500000000 
O 6.6900000000 1.8200000000 2.6300000000 
H 7.1800000000 2.5300000000 3.0500000000 
H 7.2300000000 1.7500000000 1.8000000000 
O 3.6700000000 0.6400000000 5.1800000000 
H 3.6400000000 0.9400000000 4.2300000000 
H 4.5700000000 0.5000000000 5.3700000000 
O 0.9100000000 3.0100000000 8.4700000000 
H 1.6900000000 2.6200000000 8.8100000000 
H 1.0100000000 2.9300000000 7.5200000000 
O 3.7800000000 1.8200000000 2.6900000000 
H 3.4800000000 1.6700000000 1.8000000000 
H 4.7200000000 1.9200000000 2.5600000000 
O 8.3000000000 4.4900000000 6.0500000000 
H 7.9800000000 5.3900000000 5.8900000000 
H 8.9500000000 4.5800000000 6.7400000000 

