&CONTROL
/
&SYSTEM
   ntyp             = 2
   nat              = 96
   ibrav            = 0
/
&ELECTRONS
/
&IONS
/
&CELL
/

ATOMIC_SPECIES
O 15.999 None
H 1.008 None

K_POINTS gamma

CELL_PARAMETERS angstrom
9.86520000000000 0.00000000000000 0.00000000000000
0.00000000000000 9.86520000000000 0.00000000000000
0.00000000000000 0.00000000000000 9.86520000000000

ATOMIC_POSITIONS angstrom
O 1.2200000000 8.4600000000 6.5900000000 
H 1.2000000000 7.6200000000 7.1300000000 
H 0.8600000000 8.1800000000 5.7200000000 
O 3.5800000000 8.6100000000 4.5800000000 
H 3.9100000000 9.3900000000 5.1700000000 
H 2.7000000000 8.4700000000 5.0300000000 
O 7.8800000000 8.3100000000 4.0900000000 
H 7.7200000000 9.1800000000 4.6100000000 
H 7.3400000000 7.6700000000 4.6300000000 
O 7.4000000000 0.4800000000 6.0400000000 
H 7.4800000000 0.5700000000 7.0100000000 
H 6.5000000000 0.7800000000 5.8100000000 
O 0.3500000000 3.3900000000 8.5800000000 
H 0.2600000000 3.0200000000 9.5900000000 
H 0.7700000000 2.6200000000 8.0900000000 
O 7.6200000000 3.9100000000 9.3300000000 
H 7.3500000000 4.6100000000 0.1200000000 
H 8.4800000000 4.2500000000 9.0400000000 
O 4.3200000000 3.1600000000 2.9800000000 
H 4.0000000000 3.0500000000 2.0700000000 
H 5.1600000000 2.6500000000 2.9100000000 
O 7.2300000000 2.5800000000 1.8500000000 
H 7.1200000000 2.8900000000 0.9400000000 
H 6.9400000000 1.6500000000 1.8200000000 
O 4.5200000000 0.8600000000 6.3200000000 
H 4.5800000000 0.8900000000 7.2600000000 
H 4.1900000000 1.8400000000 6.0400000000 
O 0.7600000000 7.6100000000 3.9100000000 
H 0.8800000000 6.7200000000 3.4800000000 
H 9.8100000000 7.9400000000 3.7000000000 
O 5.5000000000 5.6500000000 2.9100000000 
H 4.9700000000 4.9600000000 3.3100000000 
H 6.0200000000 5.8400000000 3.7000000000 
O 6.9100000000 6.5100000000 0.4600000000 
H 6.0700000000 6.0200000000 0.2600000000 
H 7.0200000000 6.4000000000 1.4700000000 
O 1.1800000000 0.5400000000 2.6700000000 
H 0.7800000000 0.9500000000 3.4800000000 
H 1.1400000000 9.4300000000 2.7500000000 
O 1.2200000000 5.7600000000 7.5400000000 
H 0.8300000000 6.0800000000 8.3900000000 
H 0.8700000000 4.8100000000 7.5700000000 
O 1.2700000000 1.3900000000 7.1600000000 
H 1.7400000000 1.7100000000 6.4000000000 
H 1.3300000000 0.4600000000 6.8900000000 
O 3.6400000000 3.1000000000 0.4100000000 
H 2.7700000000 3.2200000000 9.8600000000 
H 4.0800000000 2.3000000000 9.7600000000 
O 4.4700000000 5.5100000000 9.3800000000 
H 4.2100000000 4.6000000000 9.6500000000 
H 4.5800000000 5.4800000000 8.4100000000 
O 4.5000000000 8.1300000000 2.1300000000 
H 4.1200000000 8.6100000000 2.9200000000 
H 4.6800000000 7.1700000000 2.5000000000 
O 3.3300000000 2.9900000000 5.5200000000 
H 3.5000000000 3.9300000000 5.7700000000 
H 3.4000000000 3.0300000000 4.5000000000 
O 6.9200000000 7.5800000000 7.1200000000 
H 7.0900000000 8.5200000000 6.9000000000 
H 6.9900000000 7.5100000000 8.1100000000 
O 1.5500000000 4.9200000000 2.9500000000 
H 1.0200000000 4.4700000000 2.3000000000 
H 2.4800000000 4.9900000000 2.5200000000 
O 7.0100000000 9.5000000000 1.7200000000 
H 6.1700000000 9.0000000000 1.7800000000 
H 7.5500000000 8.9400000000 2.3900000000 
O 9.3800000000 6.8200000000 9.4000000000 
H 8.4200000000 6.7700000000 9.5400000000 
H 9.6400000000 7.4000000000 0.2000000000 
O 9.4300000000 1.7300000000 4.7200000000 
H 8.5900000000 1.3500000000 5.0700000000 
H 9.4200000000 2.6700000000 4.8700000000 
O 3.8500000000 5.4400000000 6.5600000000 
H 2.9000000000 5.6600000000 6.7500000000 
H 4.3500000000 6.2300000000 6.9000000000 
O 9.4700000000 4.5400000000 5.1100000000 
H 0.3000000000 4.6900000000 4.4300000000 
H 0.2800000000 4.4000000000 5.8400000000 
O 4.6000000000 0.9600000000 9.1100000000 
H 3.9900000000 0.1900000000 9.2000000000 
H 5.5000000000 0.5400000000 9.0200000000 
O 6.8900000000 5.6700000000 5.1100000000 
H 7.1000000000 6.1300000000 5.9300000000 
H 7.6400000000 5.0300000000 5.0000000000 
O 7.5700000000 0.5200000000 8.8000000000 
H 7.3300000000 0.0300000000 9.6000000000 
H 8.5400000000 0.7300000000 8.9400000000 
O 0.4300000000 9.7500000000 9.3700000000 
H 1.0800000000 9.2100000000 9.8000000000 
H 0.8000000000 0.2000000000 8.5400000000 
O 0.3800000000 3.0000000000 1.4800000000 
H 0.6500000000 2.0800000000 1.5100000000 
H 9.3400000000 2.9500000000 1.9300000000 
O 3.2700000000 8.4800000000 9.6500000000 
H 3.2200000000 7.5300000000 9.4200000000 
H 3.5400000000 8.3200000000 0.7100000000 

