&CONTROL
/
&SYSTEM
   ntyp             = 2
   nat              = 96
   ibrav            = 0
/
&ELECTRONS
/
&IONS
/
&CELL
/

ATOMIC_SPECIES
O 15.999 None
H 1.008 None

K_POINTS gamma

CELL_PARAMETERS angstrom
9.86520000000000 0.00000000000000 0.00000000000000
0.00000000000000 9.86520000000000 0.00000000000000
0.00000000000000 0.00000000000000 9.86520000000000

ATOMIC_POSITIONS angstrom
O 2.0100000000 0.9400000000 8.2800000000 
H 1.1600000000 0.5900000000 7.9500000000 
H 2.3800000000 1.5200000000 7.5800000000 
O 9.7400000000 4.3100000000 9.8000000000 
H 0.1400000000 5.0300000000 9.1600000000 
H 9.1000000000 3.7700000000 9.2600000000 
O 3.5000000000 5.2500000000 6.2500000000 
H 4.2100000000 5.6200000000 5.6500000000 
H 2.7700000000 5.8900000000 5.9700000000 
O 5.4500000000 8.1800000000 9.0800000000 
H 5.3500000000 7.2400000000 9.0000000000 
H 5.1100000000 8.3800000000 8.1400000000 
O 6.1600000000 4.4300000000 0.6300000000 
H 5.6700000000 4.9100000000 1.3000000000 
H 6.7400000000 3.7600000000 1.1100000000 
O 4.5900000000 8.7100000000 6.4800000000 
H 4.7700000000 9.5500000000 5.9400000000 
H 3.7100000000 8.4200000000 6.1000000000 
O 8.3000000000 7.4900000000 8.2400000000 
H 7.6900000000 8.2400000000 8.3800000000 
H 8.8300000000 7.9400000000 7.5400000000 
O 9.2800000000 0.1500000000 7.4900000000 
H 8.9500000000 0.5800000000 8.2700000000 
H 8.7100000000 0.3800000000 6.7200000000 
O 9.8300000000 8.1300000000 0.4100000000 
H 9.2300000000 7.6600000000 9.6300000000 
H 0.8100000000 8.0200000000 9.7800000000 
O 5.8000000000 8.4700000000 3.5100000000 
H 5.7800000000 9.2500000000 2.9200000000 
H 5.5400000000 7.8000000000 2.8000000000 
O 8.5900000000 4.5000000000 2.6300000000 
H 8.8700000000 4.4000000000 1.7200000000 
H 8.9400000000 5.4100000000 2.7900000000 
O 9.5100000000 7.3600000000 5.4800000000 
H 8.8300000000 8.0900000000 5.2800000000 
H 9.6400000000 7.1300000000 4.5000000000 
O 6.7200000000 3.4000000000 5.3900000000 
H 7.1500000000 3.8600000000 6.1800000000 
H 7.5500000000 3.0000000000 5.0000000000 
O 9.0700000000 2.4800000000 4.3000000000 
H 9.0700000000 1.7500000000 3.6600000000 
H 8.8800000000 3.2200000000 3.7000000000 
O 9.8000000000 7.0000000000 2.8600000000 
H 9.6500000000 7.2800000000 1.9500000000 
H 0.8000000000 6.5900000000 2.7800000000 
O 1.4600000000 6.2900000000 8.4100000000 
H 2.2800000000 5.7200000000 8.4600000000 
H 1.3200000000 6.3200000000 7.4200000000 
O 4.7000000000 5.5800000000 8.5600000000 
H 5.0000000000 4.8700000000 9.2100000000 
H 4.2900000000 5.2300000000 7.7900000000 
O 2.4000000000 5.5700000000 2.6800000000 
H 2.9300000000 6.2900000000 2.2900000000 
H 3.1100000000 5.1300000000 3.2200000000 
O 2.7700000000 0.6800000000 1.0800000000 
H 2.5100000000 1.6200000000 1.2600000000 
H 2.5400000000 0.8100000000 0.1400000000 
O 8.1600000000 1.3000000000 9.7300000000 
H 7.3400000000 1.0700000000 0.2800000000 
H 8.8400000000 1.0900000000 0.5300000000 
O 7.2900000000 9.2200000000 5.6000000000 
H 6.9000000000 8.7900000000 4.8200000000 
H 6.6200000000 9.7900000000 5.8600000000 
O 9.6400000000 0.4300000000 2.4400000000 
H 0.7300000000 0.4100000000 2.7700000000 
H 9.5000000000 9.3200000000 2.2800000000 
O 2.6000000000 9.5700000000 3.6300000000 
H 2.8900000000 9.5700000000 2.7000000000 
H 3.2400000000 0.3800000000 3.9800000000 
O 7.6900000000 4.8000000000 7.6000000000 
H 7.1800000000 4.6100000000 8.4400000000 
H 7.7600000000 5.8300000000 7.6700000000 
O 2.1300000000 3.4200000000 1.1900000000 
H 1.3100000000 3.7400000000 0.6400000000 
H 2.2100000000 4.2700000000 1.7000000000 
O 5.5700000000 0.6200000000 0.6900000000 
H 4.6600000000 1.0100000000 0.4600000000 
H 5.5800000000 9.6700000000 0.1100000000 
O 2.9100000000 2.7500000000 6.4000000000 
H 3.4800000000 3.5000000000 6.5500000000 
H 2.1100000000 3.2400000000 6.1300000000 
O 0.6100000000 3.9300000000 6.2700000000 
H 0.2200000000 3.4400000000 5.5300000000 
H 9.6700000000 4.4500000000 6.4600000000 
O 2.2400000000 7.7500000000 5.5000000000 
H 2.3000000000 8.3200000000 4.7300000000 
H 1.2700000000 7.7500000000 5.6800000000 
O 4.6300000000 1.3200000000 4.8900000000 
H 3.9900000000 1.8300000000 5.4000000000 
H 5.4600000000 1.8000000000 5.0300000000 
O 5.3600000000 5.4000000000 3.7400000000 
H 5.8100000000 6.0400000000 4.3100000000 
H 5.7800000000 4.5400000000 3.9500000000 
O 3.5600000000 7.6500000000 1.3400000000 
H 3.2100000000 8.5300000000 1.2200000000 
H 3.9600000000 7.5800000000 0.4100000000 

