&CONTROL
/
&SYSTEM
   ntyp             = 2
   nat              = 96
   ibrav            = 0
/
&ELECTRONS
/
&IONS
/
&CELL
/

ATOMIC_SPECIES
O 15.999 None
H 1.008 None

K_POINTS gamma

CELL_PARAMETERS angstrom
9.86520000000000 0.00000000000000 0.00000000000000
0.00000000000000 9.86520000000000 0.00000000000000
0.00000000000000 0.00000000000000 9.86520000000000

ATOMIC_POSITIONS angstrom
O 3.3200000000 8.1700000000 6.4400000000 
H 2.5900000000 8.6600000000 5.9500000000 
H 2.8100000000 7.4100000000 6.7800000000 
O 0.2800000000 7.3500000000 5.7800000000 
H 9.5900000000 8.1700000000 5.5000000000 
H 0.2900000000 7.4000000000 6.7700000000 
O 5.6200000000 8.7700000000 4.8700000000 
H 4.7200000000 8.5800000000 5.2700000000 
H 5.3000000000 9.1400000000 3.9800000000 
O 7.5300000000 4.5300000000 3.3400000000 
H 7.2600000000 5.4600000000 3.2600000000 
H 8.1400000000 4.5200000000 4.0700000000 
O 9.7000000000 1.7500000000 0.6000000000 
H 0.3600000000 0.9400000000 0.3600000000 
H 0.4200000000 2.3800000000 1.0300000000 
O 5.2900000000 2.4800000000 6.0800000000 
H 4.9400000000 2.9700000000 6.9200000000 
H 5.6600000000 1.6400000000 6.4200000000 
O 4.3800000000 3.1000000000 8.5500000000 
H 4.5500000000 3.5800000000 9.3500000000 
H 4.5600000000 2.2300000000 8.8500000000 
O 8.4100000000 9.2800000000 5.2100000000 
H 8.6000000000 0.3500000000 5.4900000000 
H 7.4300000000 9.3600000000 5.3300000000 
O 1.8600000000 0.3900000000 8.2900000000 
H 2.1500000000 0.0600000000 9.2100000000 
H 2.5500000000 0.0200000000 7.7300000000 
O 5.5300000000 2.7800000000 3.3000000000 
H 6.2400000000 3.4200000000 3.3300000000 
H 5.3100000000 2.7000000000 4.2400000000 
O 7.4200000000 9.5800000000 1.3300000000 
H 8.0200000000 9.0900000000 0.6300000000 
H 7.8200000000 0.6300000000 1.2700000000 
O 2.5200000000 9.4900000000 1.0500000000 
H 2.3900000000 8.5500000000 1.0400000000 
H 3.1800000000 9.6800000000 1.7300000000 
O 9.2400000000 5.5400000000 0.8200000000 
H 9.0500000000 5.9300000000 1.7300000000 
H 9.7500000000 4.7600000000 1.0900000000 
O 1.6000000000 3.5700000000 7.4600000000 
H 1.3400000000 2.7100000000 7.9200000000 
H 2.5900000000 3.6300000000 7.6000000000 
O 4.9400000000 0.3800000000 2.2700000000 
H 5.8400000000 9.8400000000 2.2800000000 
H 5.1800000000 1.2400000000 2.5800000000 
O 4.1500000000 4.0700000000 1.2300000000 
H 4.5800000000 3.6700000000 2.0500000000 
H 4.5700000000 4.8700000000 1.1800000000 
O 5.4300000000 5.4400000000 5.5200000000 
H 6.1700000000 5.8700000000 5.0800000000 
H 5.9200000000 4.7600000000 6.1000000000 
O 7.3000000000 7.4100000000 3.1100000000 
H 7.6800000000 7.8400000000 3.9700000000 
H 7.5800000000 8.0700000000 2.4600000000 
O 9.4300000000 1.5200000000 6.5400000000 
H 0.4700000000 1.1600000000 6.6500000000 
H 9.0000000000 1.6200000000 7.4300000000 
O 0.6100000000 6.4200000000 3.2600000000 
H 0.8200000000 5.5300000000 3.5500000000 
H 0.4000000000 6.9000000000 4.1800000000 
O 1.1700000000 3.5200000000 4.4300000000 
H 0.8200000000 2.7600000000 4.8000000000 
H 1.6700000000 3.8800000000 5.2000000000 
O 5.6200000000 7.4400000000 8.0800000000 
H 5.3100000000 7.2300000000 7.1400000000 
H 4.9300000000 7.0900000000 8.6300000000 
O 4.7100000000 6.4100000000 2.6900000000 
H 4.5800000000 6.0800000000 3.6300000000 
H 5.6300000000 6.8600000000 2.7400000000 
O 5.8200000000 0.4200000000 7.6500000000 
H 5.7100000000 9.3300000000 7.5500000000 
H 6.0600000000 0.6500000000 8.6000000000 
O 1.4800000000 3.5200000000 1.7300000000 
H 2.4300000000 3.8800000000 1.4600000000 
H 1.3700000000 3.7000000000 2.6600000000 
O 9.1700000000 8.4700000000 9.4300000000 
H 8.8600000000 8.5700000000 8.4700000000 
H 9.6500000000 7.6600000000 9.5000000000 
O 2.2600000000 6.7700000000 1.1200000000 
H 2.9900000000 6.5600000000 1.7000000000 
H 1.4600000000 6.7100000000 1.7300000000 
O 2.8300000000 1.1000000000 5.2100000000 
H 3.0500000000 1.2900000000 4.2700000000 
H 3.5100000000 1.7100000000 5.7600000000 
O 8.6700000000 4.3600000000 5.9700000000 
H 9.3600000000 4.8500000000 6.4500000000 
H 8.7800000000 3.4100000000 6.2800000000 
O 7.4800000000 2.4800000000 9.1400000000 
H 7.2600000000 3.4500000000 9.0900000000 
H 8.2200000000 2.4100000000 9.7800000000 
O 1.4100000000 6.3800000000 8.1500000000 
H 1.9900000000 6.6600000000 8.8700000000 
H 1.3900000000 5.3800000000 8.2600000000 
O 7.4200000000 5.3000000000 8.8800000000 
H 8.2200000000 5.3000000000 9.4500000000 
H 7.2500000000 6.2600000000 8.7800000000 

