&CONTROL
/
&SYSTEM
   ntyp             = 2
   nat              = 96
   ibrav            = 0
/
&ELECTRONS
/
&IONS
/
&CELL
/

ATOMIC_SPECIES
O 15.999 None
H 1.008 None

K_POINTS gamma

CELL_PARAMETERS angstrom
9.86520000000000 0.00000000000000 0.00000000000000
0.00000000000000 9.86520000000000 0.00000000000000
0.00000000000000 0.00000000000000 9.86520000000000

ATOMIC_POSITIONS angstrom
O 0.5700000000 0.6700000000 6.6500000000 
H 0.9600000000 9.6200000000 6.8000000000 
H 1.1100000000 1.3400000000 7.1700000000 
O 3.1800000000 8.6400000000 4.3500000000 
H 3.2100000000 8.6200000000 5.3100000000 
H 2.2700000000 8.3700000000 4.1800000000 
O 7.2900000000 1.6400000000 4.0700000000 
H 7.3000000000 2.5300000000 4.4000000000 
H 6.3400000000 1.4900000000 3.8400000000 
O 5.3400000000 8.5200000000 7.3800000000 
H 5.5400000000 8.2100000000 8.3200000000 
H 6.1500000000 9.0000000000 7.1200000000 
O 2.9300000000 3.4300000000 5.0200000000 
H 2.6600000000 2.9900000000 4.1600000000 
H 3.8300000000 3.7900000000 4.9900000000 
O 6.3500000000 1.1600000000 9.3900000000 
H 5.8200000000 1.0600000000 8.5600000000 
H 7.1600000000 1.5000000000 9.0500000000 
O 4.6200000000 1.0500000000 3.6200000000 
H 3.7800000000 1.5100000000 3.2500000000 
H 4.2800000000 0.2000000000 4.0500000000 
O 6.4500000000 9.6700000000 1.9100000000 
H 5.8400000000 0.3000000000 2.5100000000 
H 6.4600000000 0.4200000000 1.1600000000 
O 2.4100000000 5.2100000000 9.5000000000 
H 3.0100000000 5.2500000000 8.7000000000 
H 2.7000000000 5.9100000000 0.3100000000 
O 0.4600000000 8.2100000000 4.4100000000 
H 9.5500000000 7.6400000000 4.1400000000 
H 0.1500000000 8.7700000000 5.1500000000 
O 8.0100000000 7.4600000000 3.0800000000 
H 8.7500000000 7.7500000000 2.4800000000 
H 7.3700000000 8.1700000000 2.7600000000 
O 7.3500000000 5.3500000000 8.7800000000 
H 8.1000000000 5.2500000000 9.4400000000 
H 6.8300000000 6.1900000000 8.9700000000 
O 0.2900000000 3.6700000000 2.7400000000 
H 9.3300000000 3.7800000000 3.2800000000 
H 0.1800000000 2.7200000000 2.4900000000 
O 2.7000000000 8.5300000000 7.0200000000 
H 3.6600000000 8.3700000000 7.3300000000 
H 2.3400000000 7.5700000000 7.0100000000 
O 4.7600000000 1.4400000000 7.2200000000 
H 4.7800000000 1.6700000000 6.2600000000 
H 4.2600000000 0.5700000000 7.1400000000 
O 2.8600000000 2.2700000000 2.0900000000 
H 3.4500000000 2.7300000000 1.4000000000 
H 2.0000000000 2.7400000000 1.7900000000 
O 4.5100000000 3.0900000000 0.1300000000 
H 4.0800000000 3.3900000000 9.1300000000 
H 5.1300000000 2.4600000000 9.7000000000 
O 1.4100000000 3.1000000000 7.5000000000 
H 2.0800000000 3.5500000000 8.0700000000 
H 1.6100000000 3.2300000000 6.5400000000 
O 2.4700000000 6.0000000000 6.3900000000 
H 1.9500000000 5.7000000000 5.6600000000 
H 3.3300000000 5.6200000000 6.1900000000 
O 7.7700000000 9.5200000000 6.4900000000 
H 7.7200000000 0.2900000000 5.7000000000 
H 8.7100000000 9.7500000000 6.8000000000 
O 9.5900000000 5.5100000000 0.4100000000 
H 9.7800000000 5.2600000000 1.3700000000 
H 0.6000000000 5.4800000000 9.8500000000 
O 9.4200000000 0.8900000000 2.4400000000 
H 8.5100000000 1.1700000000 2.8200000000 
H 0.0300000000 0.4800000000 3.1500000000 
O 8.3200000000 6.6300000000 6.3200000000 
H 8.1200000000 6.2100000000 7.1300000000 
H 7.7200000000 7.5000000000 6.3100000000 
O 5.4700000000 4.3100000000 4.6800000000 
H 5.2600000000 4.4100000000 3.7200000000 
H 6.5100000000 4.4900000000 4.6400000000 
O 5.1900000000 4.8000000000 2.0200000000 
H 5.0400000000 4.0900000000 1.4000000000 
H 4.8500000000 5.5800000000 1.5100000000 
O 8.1500000000 4.8100000000 4.3100000000 
H 8.1000000000 5.6200000000 3.7500000000 
H 8.4700000000 5.2600000000 5.1800000000 
O 3.8700000000 7.1600000000 1.4500000000 
H 3.6300000000 8.0300000000 1.0300000000 
H 3.5200000000 7.3000000000 2.3800000000 
O 4.9100000000 4.6100000000 7.5700000000 
H 5.2600000000 4.7300000000 6.6500000000 
H 5.7300000000 4.4400000000 8.0400000000 
O 0.5400000000 0.8300000000 9.5900000000 
H 0.0600000000 0.8000000000 0.6100000000 
H 9.8100000000 1.3700000000 9.0700000000 
O 2.9700000000 9.7100000000 0.2000000000 
H 2.9300000000 0.5400000000 0.8600000000 
H 2.1500000000 0.0100000000 9.5700000000 
O 8.5900000000 2.6500000000 8.5200000000 
H 7.8700000000 3.2800000000 8.3900000000 
H 9.3700000000 3.1600000000 8.1500000000 
O 6.1700000000 7.5300000000 9.7500000000 
H 6.7500000000 7.7600000000 0.6500000000 
H 5.2900000000 7.4500000000 0.2900000000 

