&CONTROL
/
&SYSTEM
   ntyp             = 2
   nat              = 96
   ibrav            = 0
/
&ELECTRONS
/
&IONS
/
&CELL
/

ATOMIC_SPECIES
O 15.999 None
H 1.008 None

K_POINTS gamma

CELL_PARAMETERS angstrom
9.86520000000000 0.00000000000000 0.00000000000000
0.00000000000000 9.86520000000000 0.00000000000000
0.00000000000000 0.00000000000000 9.86520000000000

ATOMIC_POSITIONS angstrom
O 1.6400000000 6.0700000000 7.0100000000 
H 1.5800000000 7.0700000000 7.2200000000 
H 2.4400000000 5.8000000000 7.5100000000 
O 4.5900000000 9.6500000000 8.9200000000 
H 5.3700000000 0.3700000000 8.9400000000 
H 3.8100000000 0.3400000000 8.8300000000 
O 0.1300000000 1.0700000000 6.9700000000 
H 0.0600000000 2.0900000000 6.8300000000 
H 9.5400000000 0.7000000000 6.2000000000 
O 6.6300000000 1.5300000000 9.1400000000 
H 6.5900000000 2.0900000000 8.3200000000 
H 7.5800000000 1.4400000000 9.4700000000 
O 1.3100000000 8.4200000000 8.1700000000 
H 1.6000000000 8.6500000000 9.0500000000 
H 0.7200000000 9.1500000000 7.9200000000 
O 2.8700000000 1.3600000000 7.5100000000 
H 2.0100000000 0.9300000000 7.2200000000 
H 2.6200000000 2.1800000000 7.9700000000 
O 1.9000000000 0.3900000000 0.7000000000 
H 2.6100000000 1.0300000000 0.9200000000 
H 1.7200000000 9.8600000000 1.6300000000 
O 9.2600000000 0.8700000000 9.7500000000 
H 0.1700000000 1.0100000000 0.4500000000 
H 9.6000000000 0.9400000000 8.8000000000 
O 2.1900000000 3.5600000000 9.2400000000 
H 1.3000000000 3.8300000000 9.0300000000 
H 2.4000000000 4.0300000000 0.2000000000 
O 6.0800000000 7.6000000000 7.4000000000 
H 5.6100000000 8.3000000000 7.8800000000 
H 5.4500000000 6.8100000000 7.4100000000 
O 1.1100000000 4.2700000000 2.5100000000 
H 0.9000000000 4.9000000000 3.2400000000 
H 1.6300000000 3.6000000000 2.9800000000 
O 7.1900000000 2.2000000000 4.1300000000 
H 6.4500000000 1.8000000000 3.6700000000 
H 7.3200000000 2.9700000000 3.5300000000 
O 4.3200000000 5.4400000000 7.9100000000 
H 3.8300000000 4.6100000000 7.9600000000 
H 4.6300000000 5.5500000000 8.8600000000 
O 4.6300000000 1.2100000000 3.4500000000 
H 3.7500000000 1.4800000000 3.6500000000 
H 4.6300000000 1.7000000000 2.5600000000 
O 2.9300000000 7.3200000000 1.1200000000 
H 2.3000000000 7.4700000000 1.8600000000 
H 3.0200000000 8.2500000000 0.7600000000 
O 3.2400000000 9.0700000000 5.4600000000 
H 4.2100000000 9.2300000000 5.4300000000 
H 2.9900000000 9.1600000000 6.4200000000 
O 0.3100000000 3.8800000000 6.5300000000 
H 9.3300000000 4.1900000000 6.8300000000 
H 0.8400000000 4.7500000000 6.5500000000 
O 2.1600000000 2.1800000000 4.1100000000 
H 1.6800000000 2.5000000000 4.9800000000 
H 1.7900000000 1.2700000000 3.9900000000 
O 0.3900000000 6.5900000000 4.4200000000 
H 9.3100000000 6.7500000000 4.7000000000 
H 0.8200000000 6.2400000000 5.2300000000 
O 4.3700000000 5.1400000000 0.6900000000 
H 3.7000000000 5.8800000000 0.8200000000 
H 5.1300000000 5.5200000000 1.0800000000 
O 5.8100000000 8.4300000000 3.3800000000 
H 6.3200000000 8.5000000000 2.5600000000 
H 5.3900000000 9.3500000000 3.4700000000 
O 7.7400000000 7.0100000000 5.2700000000 
H 7.1000000000 7.3600000000 5.8600000000 
H 7.1500000000 7.0200000000 4.4600000000 
O 8.1300000000 3.9100000000 2.2500000000 
H 7.9100000000 4.5200000000 1.5700000000 
H 9.1400000000 3.9500000000 2.2500000000 
O 4.5800000000 2.5100000000 0.9100000000 
H 5.3300000000 2.1000000000 0.4200000000 
H 4.7200000000 3.4700000000 0.7500000000 
O 4.0400000000 6.2700000000 4.2600000000 
H 4.6800000000 6.6900000000 3.6300000000 
H 3.8100000000 6.9100000000 5.0000000000 
O 7.2700000000 5.6900000000 0.3100000000 
H 7.2200000000 6.6800000000 0.3300000000 
H 7.4900000000 5.3900000000 9.2300000000 
O 4.5500000000 3.6400000000 5.1100000000 
H 4.4600000000 4.4400000000 4.5100000000 
H 3.6100000000 3.2300000000 5.0400000000 
O 8.6600000000 9.6300000000 4.9900000000 
H 8.4100000000 8.6600000000 4.7200000000 
H 7.9200000000 0.3200000000 4.5300000000 
O 6.2300000000 2.1600000000 6.6300000000 
H 6.7200000000 1.7900000000 5.8000000000 
H 5.5600000000 2.8100000000 6.2200000000 
O 1.7100000000 9.2000000000 3.3100000000 
H 2.4300000000 9.1700000000 4.0400000000 
H 1.1600000000 8.5500000000 3.7800000000 
O 7.0500000000 8.9500000000 0.8400000000 
H 7.8000000000 9.4200000000 0.4300000000 
H 6.3100000000 9.5000000000 0.6000000000 
O 7.7200000000 4.9100000000 7.4600000000 
H 7.9100000000 5.6300000000 6.8400000000 
H 7.0300000000 4.3700000000 7.0000000000 

