&CONTROL
/
&SYSTEM
   ntyp             = 2
   nat              = 96
   ibrav            = 0
/
&ELECTRONS
/
&IONS
/
&CELL
/

ATOMIC_SPECIES
O 15.999 None
H 1.008 None

K_POINTS gamma

CELL_PARAMETERS angstrom
9.86520000000000 0.00000000000000 0.00000000000000
0.00000000000000 9.86520000000000 0.00000000000000
0.00000000000000 0.00000000000000 9.86520000000000

ATOMIC_POSITIONS angstrom
O 1.9800000000 4.6300000000 4.2100000000 
H 2.1600000000 4.2000000000 5.1300000000 
H 2.1200000000 5.6100000000 4.3100000000 
O 7.3500000000 7.3400000000 3.5500000000 
H 8.0400000000 7.0800000000 4.2100000000 
H 7.4900000000 8.3100000000 3.3900000000 
O 6.5300000000 4.4600000000 2.2700000000 
H 7.4700000000 4.7700000000 2.2800000000 
H 6.6600000000 3.6000000000 1.8300000000 
O 9.2800000000 9.3800000000 1.2500000000 
H 0.3300000000 9.7400000000 1.2300000000 
H 9.4400000000 8.4100000000 1.1000000000 
O 9.1900000000 6.4100000000 0.2000000000 
H 0.2900000000 6.0700000000 0.1300000000 
H 8.8900000000 5.7500000000 0.8600000000 
O 7.5900000000 9.1600000000 7.2800000000 
H 8.3700000000 9.7500000000 7.0200000000 
H 6.9000000000 9.3100000000 6.6500000000 
O 1.2300000000 7.6100000000 7.3500000000 
H 2.0300000000 7.3200000000 6.7900000000 
H 1.3200000000 6.9600000000 8.0900000000 
O 6.6200000000 9.5000000000 0.0300000000 
H 6.8800000000 9.4300000000 9.0300000000 
H 7.5000000000 9.3700000000 0.4600000000 
O 0.0300000000 0.5500000000 6.5200000000 
H 0.4100000000 0.9600000000 5.6700000000 
H 0.6000000000 9.6100000000 6.5900000000 
O 4.5500000000 8.7000000000 6.3800000000 
H 4.6600000000 8.6400000000 5.4000000000 
H 4.5500000000 7.8100000000 6.6900000000 
O 3.7100000000 2.8200000000 9.3200000000 
H 3.4500000000 1.8600000000 9.0000000000 
H 3.9600000000 2.7000000000 0.3700000000 
O 1.8400000000 5.3400000000 0.1400000000 
H 2.8300000000 5.5400000000 0.1300000000 
H 1.8400000000 4.3700000000 0.3100000000 
O 5.4100000000 6.4100000000 7.3300000000 
H 6.3700000000 6.2700000000 7.1500000000 
H 5.4000000000 6.0000000000 8.2200000000 
O 2.4100000000 7.3600000000 4.9300000000 
H 3.2600000000 6.8900000000 4.6600000000 
H 2.5200000000 8.2800000000 4.4400000000 
O 2.6000000000 0.2400000000 8.4400000000 
H 3.1500000000 9.7300000000 7.8000000000 
H 2.8700000000 9.6400000000 9.2600000000 
O 5.3800000000 3.5900000000 5.5800000000 
H 5.3600000000 4.4500000000 5.2000000000 
H 4.5000000000 3.4400000000 5.9300000000 
O 3.4500000000 3.1700000000 2.1000000000 
H 2.5400000000 3.3800000000 2.5100000000 
H 4.0000000000 2.9400000000 2.9100000000 
O 2.6600000000 3.3700000000 6.7800000000 
H 3.1400000000 3.2500000000 7.6600000000 
H 1.7200000000 3.2800000000 7.0700000000 
O 0.5500000000 2.3000000000 1.7100000000 
H 0.1800000000 2.1100000000 0.8100000000 
H 9.7400000000 2.9200000000 2.1000000000 
O 7.2100000000 3.7000000000 7.9600000000 
H 6.4300000000 3.4600000000 7.4600000000 
H 7.4600000000 4.5200000000 7.5400000000 
O 9.2900000000 4.6700000000 2.9000000000 
H 0.3800000000 4.6100000000 3.0800000000 
H 9.0100000000 5.3300000000 3.6500000000 
O 8.0200000000 6.4300000000 7.4800000000 
H 8.0900000000 7.3600000000 7.0600000000 
H 8.4700000000 6.4400000000 8.3600000000 
O 4.7800000000 5.4400000000 0.3500000000 
H 5.2500000000 5.1600000000 1.1900000000 
H 4.3200000000 4.6600000000 0.0200000000 
O 5.5900000000 1.2700000000 4.1500000000 
H 5.6400000000 2.0900000000 4.6700000000 
H 6.5500000000 1.1700000000 3.9100000000 
O 1.2000000000 0.8700000000 4.1000000000 
H 2.0400000000 0.4900000000 3.9100000000 
H 1.0000000000 1.3400000000 3.3000000000 
O 7.4000000000 2.3500000000 0.5700000000 
H 7.1800000000 2.6900000000 9.5800000000 
H 7.0100000000 1.4500000000 0.6000000000 
O 4.7700000000 6.3000000000 3.8400000000 
H 5.6600000000 6.7200000000 3.7200000000 
H 4.8200000000 5.4900000000 3.2700000000 
O 8.2300000000 0.1900000000 3.7400000000 
H 9.1800000000 0.2800000000 3.9400000000 
H 8.3500000000 0.1500000000 2.7300000000 
O 3.6300000000 9.3100000000 3.2900000000 
H 3.9800000000 8.8900000000 2.4500000000 
H 4.1700000000 0.2300000000 3.5300000000 
O 0.5800000000 2.4100000000 8.5300000000 
H 9.5400000000 2.3200000000 8.2900000000 
H 1.0500000000 1.5400000000 8.4400000000 
O 4.2200000000 8.5200000000 0.8900000000 
H 5.0900000000 8.8800000000 0.5400000000 
H 4.4000000000 7.6000000000 0.6500000000 
O 9.3100000000 6.5500000000 5.1100000000 
H 0.2600000000 7.0400000000 5.2200000000 
H 9.1300000000 6.1200000000 5.9200000000 

