&CONTROL
/
&SYSTEM
   ntyp             = 2
   nat              = 96
   ibrav            = 0
/
&ELECTRONS
/
&IONS
/
&CELL
/

ATOMIC_SPECIES
O 15.999 None
H 1.008 None

K_POINTS gamma

CELL_PARAMETERS angstrom
9.86520000000000 0.00000000000000 0.00000000000000
0.00000000000000 9.86520000000000 0.00000000000000
0.00000000000000 0.00000000000000 9.86520000000000

ATOMIC_POSITIONS angstrom
O 4.1200000000 6.0300000000 4.9800000000 
H 4.2400000000 5.7100000000 5.9000000000 
H 3.4300000000 5.5300000000 4.5700000000 
O 3.8700000000 7.6300000000 0.0800000000 
H 3.9400000000 8.1800000000 9.1700000000 
H 4.8200000000 7.6000000000 0.5200000000 
O 8.3600000000 1.7200000000 7.7300000000 
H 8.5000000000 1.4000000000 8.5900000000 
H 8.4600000000 2.6700000000 7.7800000000 
O 5.2100000000 9.1000000000 7.4500000000 
H 4.6600000000 8.8100000000 6.6900000000 
H 5.0500000000 0.1800000000 7.3400000000 
O 1.4400000000 9.5600000000 8.9100000000 
H 1.8100000000 0.5200000000 9.2600000000 
H 0.7500000000 9.3400000000 9.5600000000 
O 4.6200000000 2.0300000000 7.2300000000 
H 4.8100000000 2.4600000000 8.0600000000 
H 3.8900000000 2.4800000000 6.8500000000 
O 1.2500000000 3.2700000000 2.7800000000 
H 0.7400000000 3.1000000000 3.6100000000 
H 1.2500000000 4.2800000000 2.6500000000 
O 7.2800000000 7.7200000000 8.3300000000 
H 6.8100000000 8.3500000000 7.8700000000 
H 7.0400000000 7.8700000000 9.2700000000 
O 2.7100000000 1.0000000000 3.3600000000 
H 3.5000000000 1.6100000000 3.1500000000 
H 2.0100000000 1.7300000000 3.2800000000 
O 9.2300000000 4.4200000000 7.3500000000 
H 8.7600000000 4.6600000000 6.4300000000 
H 9.5100000000 5.2900000000 7.7100000000 
O 1.0400000000 6.0500000000 3.1700000000 
H 1.5900000000 6.8900000000 3.2400000000 
H 0.2000000000 6.3400000000 3.6600000000 
O 7.2500000000 3.7400000000 1.6900000000 
H 8.0400000000 4.2400000000 1.4800000000 
H 7.5200000000 2.9200000000 1.2700000000 
O 2.4900000000 3.7000000000 6.4200000000 
H 2.0800000000 3.2500000000 5.6500000000 
H 1.7400000000 4.0000000000 6.9200000000 
O 5.3100000000 2.7900000000 3.3600000000 
H 6.0900000000 2.9100000000 2.8000000000 
H 5.7000000000 3.0400000000 4.2200000000 
O 2.6800000000 5.2200000000 9.3500000000 
H 2.9800000000 6.0900000000 9.7400000000 
H 1.8100000000 5.3600000000 8.9000000000 
O 0.8800000000 8.6000000000 6.4300000000 
H 1.2500000000 9.1500000000 7.2400000000 
H 1.7700000000 8.4200000000 6.0000000000 
O 1.5800000000 2.1700000000 0.3000000000 
H 2.0400000000 3.0300000000 0.1600000000 
H 1.6100000000 2.1600000000 1.2900000000 
O 6.5100000000 3.5800000000 5.7100000000 
H 6.3300000000 2.8200000000 6.2900000000 
H 6.1800000000 4.3000000000 6.2900000000 
O 2.3600000000 8.3300000000 2.3600000000 
H 2.6700000000 9.2000000000 2.7300000000 
H 2.8900000000 8.2000000000 1.5600000000 
O 4.8300000000 3.3700000000 9.6100000000 
H 5.4900000000 3.4800000000 0.4800000000 
H 4.0400000000 3.9900000000 9.7300000000 
O 6.2900000000 7.8500000000 1.3100000000 
H 6.5600000000 7.2300000000 2.0300000000 
H 6.3300000000 8.7100000000 1.8200000000 
O 8.7900000000 7.3800000000 4.2400000000 
H 7.8500000000 7.0000000000 4.1000000000 
H 8.5700000000 8.2600000000 4.6900000000 
O 9.3200000000 5.3800000000 0.9900000000 
H 0.0700000000 5.7800000000 1.6800000000 
H 9.4000000000 6.0300000000 0.2400000000 
O 0.1600000000 2.4300000000 5.0700000000 
H 9.5600000000 1.5600000000 5.0600000000 
H 9.6800000000 2.7900000000 5.9500000000 
O 3.4500000000 8.7200000000 5.1800000000 
H 3.9100000000 8.0000000000 4.6200000000 
H 3.2700000000 9.4500000000 4.6400000000 
O 5.5300000000 5.4100000000 7.6100000000 
H 4.9300000000 5.1700000000 8.3900000000 
H 6.1700000000 6.0100000000 7.9600000000 
O 6.5000000000 6.0300000000 3.5300000000 
H 6.7300000000 5.0500000000 3.3400000000 
H 5.7300000000 5.9000000000 4.2000000000 
O 8.5400000000 9.8600000000 5.5700000000 
H 8.3200000000 0.2200000000 6.4500000000 
H 9.4400000000 9.4000000000 5.6800000000 
O 8.5700000000 1.5500000000 0.6000000000 
H 9.4600000000 2.0100000000 0.5000000000 
H 8.8800000000 0.7600000000 1.0400000000 
O 9.8200000000 6.9400000000 8.4800000000 
H 0.5700000000 7.7400000000 8.4900000000 
H 9.0400000000 7.4200000000 8.1400000000 
O 9.5900000000 9.0700000000 1.5500000000 
H 0.6400000000 8.8500000000 1.8200000000 
H 8.9800000000 8.8100000000 2.2700000000 
O 6.3700000000 9.7200000000 3.5700000000 
H 7.1100000000 9.8400000000 4.1700000000 
H 6.0100000000 0.7700000000 3.5800000000 

