&CONTROL
/
&SYSTEM
   ntyp             = 2
   nat              = 96
   ibrav            = 0
/
&ELECTRONS
/
&IONS
/
&CELL
/

ATOMIC_SPECIES
O 15.999 None
H 1.008 None

K_POINTS gamma

CELL_PARAMETERS angstrom
9.86520000000000 0.00000000000000 0.00000000000000
0.00000000000000 9.86520000000000 0.00000000000000
0.00000000000000 0.00000000000000 9.86520000000000

ATOMIC_POSITIONS angstrom
O 2.5100000000 8.5900000000 7.6200000000 
H 2.0000000000 9.2200000000 7.1700000000 
H 3.3200000000 9.1000000000 7.8400000000 
O 0.7600000000 0.4000000000 6.3900000000 
H 0.3000000000 0.2800000000 5.5000000000 
H 1.1600000000 1.2500000000 6.2300000000 
O 4.3700000000 4.7800000000 3.7800000000 
H 4.0400000000 5.6000000000 4.2800000000 
H 5.2700000000 4.7600000000 4.1100000000 
O 7.1900000000 3.5600000000 3.4600000000 
H 7.0300000000 3.3000000000 2.5200000000 
H 7.7500000000 2.8000000000 3.8100000000 
O 2.7300000000 8.3000000000 2.5900000000 
H 2.5100000000 8.8300000000 1.8000000000 
H 3.2500000000 8.8900000000 3.1500000000 
O 5.9800000000 4.6700000000 8.1700000000 
H 5.2200000000 5.2400000000 7.9800000000 
H 5.7200000000 3.6900000000 7.8700000000 
O 7.1200000000 5.8500000000 5.4000000000 
H 7.1700000000 5.0600000000 4.7700000000 
H 7.9900000000 5.7600000000 5.9900000000 
O 9.3900000000 7.3600000000 2.4500000000 
H 8.4400000000 7.4100000000 2.2800000000 
H 9.8200000000 7.5000000000 1.6200000000 
O 0.9800000000 6.0000000000 9.0700000000 
H 1.7900000000 6.4800000000 9.3600000000 
H 0.2900000000 6.7200000000 9.0500000000 
O 7.5100000000 3.1700000000 0.7900000000 
H 8.4400000000 3.3900000000 0.6200000000 
H 7.1900000000 4.0800000000 0.5800000000 
O 5.2200000000 9.0000000000 7.0400000000 
H 5.6000000000 8.8200000000 6.1200000000 
H 5.7600000000 8.3000000000 7.5500000000 
O 7.0600000000 7.3600000000 8.5300000000 
H 7.9300000000 7.3700000000 8.0200000000 
H 6.7900000000 6.3900000000 8.4100000000 
O 9.4100000000 9.4200000000 4.2000000000 
H 9.8000000000 0.1800000000 3.5000000000 
H 9.3700000000 8.5600000000 3.6900000000 
O 3.7500000000 2.5000000000 0.4200000000 
H 3.4900000000 3.0400000000 1.1200000000 
H 3.5200000000 3.0400000000 9.4100000000 
O 5.8100000000 0.9800000000 0.9800000000 
H 6.4300000000 1.7700000000 0.9800000000 
H 4.9100000000 1.4500000000 0.8500000000 
O 2.4200000000 3.4700000000 8.1400000000 
H 1.5000000000 3.5000000000 7.8400000000 
H 2.7100000000 4.4000000000 8.1400000000 
O 6.4300000000 8.4100000000 4.6200000000 
H 6.5600000000 7.4300000000 4.7300000000 
H 7.3000000000 8.7100000000 4.1600000000 
O 1.8800000000 9.5300000000 0.3200000000 
H 1.6100000000 0.6400000000 0.4200000000 
H 1.6000000000 9.4100000000 9.2300000000 
O 2.8300000000 2.5300000000 3.9000000000 
H 3.4600000000 3.2600000000 4.0700000000 
H 3.4800000000 1.8100000000 3.8900000000 
O 4.7000000000 0.6500000000 3.4500000000 
H 5.1200000000 0.6600000000 2.6100000000 
H 5.4100000000 0.3900000000 4.1200000000 
O 1.6100000000 6.4700000000 4.6900000000 
H 1.9600000000 7.2900000000 4.2300000000 
H 0.8500000000 6.1800000000 4.1200000000 
O 3.5900000000 6.1500000000 7.4200000000 
H 3.1300000000 6.3700000000 6.5400000000 
H 3.5400000000 7.0400000000 7.8100000000 
O 7.6600000000 1.4300000000 5.5000000000 
H 7.7200000000 1.1700000000 6.5100000000 
H 7.9400000000 0.6000000000 4.9500000000 
O 9.3700000000 8.8500000000 8.4900000000 
H 9.7200000000 9.2700000000 7.6600000000 
H 8.5600000000 9.4000000000 8.6100000000 
O 0.2400000000 4.3100000000 1.1300000000 
H 0.5600000000 4.5000000000 0.2000000000 
H 1.0700000000 4.6800000000 1.5800000000 
O 9.5200000000 5.8600000000 6.6000000000 
H 0.4000000000 6.0100000000 5.9500000000 
H 0.2500000000 5.7300000000 7.3700000000 
O 4.7500000000 2.2400000000 7.5500000000 
H 3.7800000000 2.2000000000 7.5800000000 
H 4.9200000000 1.6200000000 6.8900000000 
O 0.5500000000 1.5700000000 2.3100000000 
H 1.1600000000 1.9600000000 2.9200000000 
H 0.3000000000 2.3700000000 1.7700000000 
O 7.1300000000 0.5100000000 8.3800000000 
H 6.6300000000 0.9300000000 9.1500000000 
H 6.3500000000 0.1000000000 8.0400000000 
O 6.9500000000 8.3900000000 1.3600000000 
H 6.7900000000 7.9800000000 0.4400000000 
H 6.6400000000 9.2800000000 1.0800000000 
O 9.3100000000 3.4500000000 8.0500000000 
H 9.0400000000 4.2300000000 7.6000000000 
H 8.6100000000 2.7500000000 7.9400000000 
O 2.7900000000 5.4300000000 1.6700000000 
H 3.3100000000 4.9300000000 2.3400000000 
H 3.1100000000 6.3400000000 1.7700000000 

