&CONTROL
/
&SYSTEM
   ntyp             = 2
   nat              = 96
   ibrav            = 0
/
&ELECTRONS
/
&IONS
/
&CELL
/

ATOMIC_SPECIES
O 15.999 None
H 1.008 None

K_POINTS gamma

CELL_PARAMETERS angstrom
9.86520000000000 0.00000000000000 0.00000000000000
0.00000000000000 9.86520000000000 0.00000000000000
0.00000000000000 0.00000000000000 9.86520000000000

ATOMIC_POSITIONS angstrom
O 3.1000000000 0.6700000000 3.5100000000 
H 2.7200000000 1.3000000000 2.9600000000 
H 2.7100000000 0.9700000000 4.3400000000 
O 0.1000000000 5.1700000000 2.7800000000 
H 9.8000000000 5.3800000000 1.8100000000 
H 9.5500000000 4.2900000000 2.8700000000 
O 2.2600000000 8.0000000000 2.8700000000 
H 2.3100000000 8.4600000000 3.7800000000 
H 1.3300000000 8.2100000000 2.6800000000 
O 5.5000000000 9.2700000000 5.9600000000 
H 4.6000000000 9.6400000000 5.9400000000 
H 6.0500000000 0.0100000000 6.4800000000 
O 6.9300000000 5.3900000000 0.6600000000 
H 6.7400000000 4.8900000000 1.4600000000 
H 7.6900000000 4.8600000000 0.4300000000 
O 2.9000000000 2.2300000000 8.4400000000 
H 3.3800000000 3.1300000000 8.5200000000 
H 3.1500000000 1.7000000000 9.2400000000 
O 8.2200000000 4.6500000000 6.6100000000 
H 7.4800000000 5.3200000000 6.5900000000 
H 8.8300000000 5.1000000000 6.0000000000 
O 0.5400000000 1.9000000000 4.8500000000 
H 0.0300000000 2.0100000000 4.0800000000 
H 0.6500000000 2.8100000000 5.1400000000 
O 0.0400000000 6.5300000000 0.3800000000 
H 9.4000000000 7.3900000000 0.5800000000 
H 0.8600000000 6.9100000000 9.7900000000 
O 9.1800000000 1.5200000000 0.4000000000 
H 9.2200000000 2.4100000000 9.8400000000 
H 8.8500000000 1.0400000000 9.4500000000 
O 8.4700000000 2.6300000000 2.7700000000 
H 8.6800000000 1.9000000000 2.0300000000 
H 7.5700000000 2.3600000000 3.0700000000 
O 3.4100000000 5.5600000000 2.9900000000 
H 3.0800000000 6.5100000000 3.0300000000 
H 2.7300000000 5.1500000000 3.4900000000 
O 6.3400000000 5.4700000000 3.5100000000 
H 6.6600000000 4.6600000000 3.9500000000 
H 5.3100000000 5.3200000000 3.3100000000 
O 4.3500000000 3.4000000000 4.8100000000 
H 3.4300000000 3.6300000000 4.7100000000 
H 4.6200000000 3.7800000000 5.7400000000 
O 0.3300000000 6.5100000000 5.3700000000 
H 0.0500000000 7.4300000000 5.4000000000 
H 0.3000000000 6.3300000000 4.4200000000 
O 9.3600000000 9.1600000000 4.9000000000 
H 9.4300000000 0.2200000000 5.2700000000 
H 9.0400000000 9.3200000000 3.9800000000 
O 6.2000000000 6.7900000000 6.5800000000 
H 6.3100000000 7.3600000000 7.3600000000 
H 5.9000000000 7.3000000000 5.8500000000 
O 4.5100000000 4.7500000000 7.3700000000 
H 4.2800000000 5.0400000000 8.3100000000 
H 5.0100000000 5.4500000000 7.0000000000 
O 2.4600000000 0.3500000000 6.3200000000 
H 1.6400000000 0.5300000000 5.8400000000 
H 2.4800000000 1.0300000000 7.0700000000 
O 5.3100000000 9.2900000000 2.4600000000 
H 4.9300000000 9.0400000000 1.5600000000 
H 4.5100000000 9.5300000000 3.0300000000 
O 1.8600000000 2.4800000000 1.5200000000 
H 1.8500000000 3.4900000000 1.6700000000 
H 1.1800000000 2.2600000000 0.8600000000 
O 3.5600000000 8.3500000000 0.4600000000 
H 3.0300000000 8.3100000000 1.2600000000 
H 2.8700000000 8.5600000000 9.6400000000 
O 1.7000000000 4.3900000000 5.5700000000 
H 1.1500000000 5.1800000000 5.6800000000 
H 2.1300000000 4.2800000000 6.4400000000 
O 6.2400000000 8.0500000000 8.9600000000 
H 6.6400000000 7.2900000000 9.4900000000 
H 5.3200000000 8.1000000000 9.3300000000 
O 9.6500000000 9.2100000000 2.1400000000 
H 9.5800000000 0.1200000000 1.5500000000 
H 8.7900000000 8.7700000000 1.8800000000 
O 3.5900000000 5.3300000000 0.2500000000 
H 3.7700000000 5.3200000000 1.2300000000 
H 3.4000000000 6.2400000000 0.0900000000 
O 7.5900000000 1.6500000000 6.5600000000 
H 7.2100000000 1.6300000000 5.6800000000 
H 7.8700000000 2.5800000000 6.6800000000 
O 7.4600000000 7.7000000000 2.4500000000 
H 7.2000000000 6.8700000000 2.9000000000 
H 6.7600000000 8.3400000000 2.7200000000 
O 9.0800000000 3.8600000000 9.0300000000 
H 8.8900000000 4.0200000000 8.0400000000 
H 9.4900000000 4.7100000000 9.3000000000 
O 6.3500000000 1.5100000000 4.1900000000 
H 5.6000000000 2.1200000000 4.1500000000 
H 5.9800000000 0.7200000000 3.7200000000 
O 1.5000000000 8.3800000000 8.3300000000 
H 0.4800000000 8.5400000000 8.4300000000 
H 1.7100000000 8.8100000000 7.4800000000 
O 8.5300000000 9.7300000000 8.3700000000 
H 8.3700000000 0.1400000000 7.4100000000 
H 7.6200000000 9.4700000000 8.5000000000 

