&CONTROL
/
&SYSTEM
   ntyp             = 2
   nat              = 96
   ibrav            = 0
/
&ELECTRONS
/
&IONS
/
&CELL
/

ATOMIC_SPECIES
O 15.999 None
H 1.008 None

K_POINTS gamma

CELL_PARAMETERS angstrom
9.86520000000000 0.00000000000000 0.00000000000000
0.00000000000000 9.86520000000000 0.00000000000000
0.00000000000000 0.00000000000000 9.86520000000000

ATOMIC_POSITIONS angstrom
O 4.5600000000 3.5200000000 4.6200000000 
H 5.5100000000 3.2300000000 4.6800000000 
H 4.2000000000 2.6700000000 4.2800000000 
O 9.4300000000 2.6900000000 2.3200000000 
H 0.0600000000 3.3200000000 2.9300000000 
H 9.8600000000 2.8600000000 1.5000000000 
O 7.3000000000 3.6600000000 4.4500000000 
H 8.0200000000 3.0700000000 4.4000000000 
H 7.2400000000 3.8300000000 5.4100000000 
O 0.5200000000 9.2100000000 1.9100000000 
H 9.8200000000 0.0500000000 1.5700000000 
H 0.8600000000 8.8600000000 0.9500000000 
O 1.1500000000 4.3600000000 4.2000000000 
H 1.7500000000 4.4400000000 5.0200000000 
H 1.0100000000 5.3300000000 3.9800000000 
O 4.3600000000 1.3000000000 2.3700000000 
H 5.0700000000 1.8500000000 1.9900000000 
H 4.2300000000 0.5900000000 1.6900000000 
O 6.6000000000 7.1900000000 6.3400000000 
H 6.1800000000 6.8000000000 5.5300000000 
H 7.1900000000 7.9200000000 6.0000000000 
O 8.9700000000 8.5600000000 5.3500000000 
H 8.8300000000 9.0100000000 4.5600000000 
H 9.6100000000 7.8300000000 5.1800000000 
O 0.3700000000 1.8900000000 5.2800000000 
H 0.6200000000 2.6800000000 4.8000000000 
H 1.1000000000 1.3400000000 4.9100000000 
O 1.6700000000 2.3100000000 7.4200000000 
H 2.2500000000 1.5100000000 7.1700000000 
H 0.9700000000 2.1800000000 6.6900000000 
O 3.9600000000 0.1100000000 8.9500000000 
H 4.1700000000 1.0900000000 8.9700000000 
H 3.7600000000 0.1500000000 7.9000000000 
O 6.7000000000 4.4000000000 7.2000000000 
H 6.4900000000 5.3100000000 6.8000000000 
H 7.4000000000 4.5500000000 7.9000000000 
O 7.5800000000 0.6600000000 3.2500000000 
H 7.2700000000 0.0100000000 2.5900000000 
H 8.1300000000 1.2200000000 2.7000000000 
O 2.0000000000 8.2900000000 9.5800000000 
H 2.8600000000 8.8300000000 9.6000000000 
H 2.0900000000 8.1200000000 8.6200000000 
O 6.8800000000 8.8600000000 1.2500000000 
H 7.3500000000 9.4100000000 0.5800000000 
H 6.2900000000 8.4200000000 0.6200000000 
O 2.6900000000 4.7300000000 6.2800000000 
H 3.3800000000 4.2900000000 5.7100000000 
H 2.5000000000 4.0600000000 6.9300000000 
O 8.5900000000 0.6700000000 7.2900000000 
H 8.9200000000 1.1500000000 6.5200000000 
H 8.7800000000 9.6500000000 6.9600000000 
O 8.4800000000 0.6100000000 0.0700000000 
H 8.5500000000 1.6100000000 0.0200000000 
H 8.5600000000 0.4500000000 8.9700000000 
O 0.2000000000 6.8600000000 3.1900000000 
H 0.4200000000 7.6800000000 2.6200000000 
H 9.1200000000 6.7400000000 3.1300000000 
O 5.2800000000 6.4000000000 4.1200000000 
H 5.0000000000 5.4700000000 4.0000000000 
H 4.7300000000 6.8800000000 3.5200000000 
O 2.5700000000 7.3600000000 7.0200000000 
H 2.9600000000 7.8100000000 6.3000000000 
H 2.4000000000 6.4200000000 6.7300000000 
O 3.4200000000 7.1900000000 2.0800000000 
H 3.6300000000 6.7600000000 1.2000000000 
H 2.4600000000 7.0600000000 1.8700000000 
O 6.1800000000 0.5000000000 5.6000000000 
H 6.8300000000 0.7900000000 6.3200000000 
H 6.6100000000 0.6500000000 4.7300000000 
O 3.7300000000 5.6200000000 9.4700000000 
H 4.5000000000 6.2300000000 9.3500000000 
H 3.2800000000 5.6700000000 8.6400000000 
O 7.9900000000 5.8100000000 9.3100000000 
H 7.8200000000 6.1200000000 0.3900000000 
H 7.5700000000 6.5300000000 8.8400000000 
O 4.5700000000 2.8000000000 8.6000000000 
H 5.3500000000 3.3000000000 8.2700000000 
H 3.9600000000 3.4700000000 9.0400000000 
O 3.5000000000 0.4200000000 6.3100000000 
H 2.9700000000 0.5700000000 5.4500000000 
H 4.4700000000 0.3000000000 5.9700000000 
O 2.2100000000 0.5200000000 3.9400000000 
H 3.1400000000 0.5600000000 3.4900000000 
H 1.7500000000 0.0900000000 3.2000000000 
O 5.5400000000 7.7500000000 8.7900000000 
H 5.7600000000 7.7400000000 7.8300000000 
H 4.9600000000 8.5100000000 8.8700000000 
O 7.5200000000 6.4900000000 2.7800000000 
H 6.7200000000 6.2900000000 3.3100000000 
H 7.2600000000 7.3800000000 2.3600000000 
O 0.1500000000 3.4200000000 9.5400000000 
H 0.3100000000 4.3900000000 9.5000000000 
H 0.6900000000 3.1100000000 8.8400000000 
O 6.3900000000 3.0900000000 1.6200000000 
H 6.5800000000 3.3800000000 2.5400000000 
H 7.1800000000 3.3900000000 1.1400000000 

