&CONTROL
/
&SYSTEM
   ntyp             = 2
   nat              = 96
   ibrav            = 0
/
&ELECTRONS
/
&IONS
/
&CELL
/

ATOMIC_SPECIES
O 15.999 None
H 1.008 None

K_POINTS gamma

CELL_PARAMETERS angstrom
9.86520000000000 0.00000000000000 0.00000000000000
0.00000000000000 9.86520000000000 0.00000000000000
0.00000000000000 0.00000000000000 9.86520000000000

ATOMIC_POSITIONS angstrom
O 6.0800000000 7.6500000000 2.3600000000 
H 7.0500000000 7.9700000000 2.4600000000 
H 5.7200000000 8.1500000000 3.1600000000 
O 5.4600000000 1.0800000000 8.4100000000 
H 6.0500000000 1.0500000000 7.5900000000 
H 6.0700000000 1.3300000000 9.1200000000 
O 7.3300000000 1.3500000000 0.7400000000 
H 7.7700000000 1.9600000000 1.3100000000 
H 7.5500000000 0.5000000000 1.1300000000 
O 3.8200000000 5.7800000000 2.0700000000 
H 4.6500000000 6.2300000000 1.8500000000 
H 3.4100000000 6.4700000000 2.6500000000 
O 8.5800000000 5.5400000000 2.2400000000 
H 8.4600000000 6.4500000000 1.9900000000 
H 8.2300000000 5.1200000000 1.4400000000 
O 2.5400000000 6.1900000000 5.6800000000 
H 3.4700000000 6.1500000000 6.0900000000 
H 2.1700000000 5.2600000000 5.9200000000 
O 6.4000000000 7.7100000000 9.2800000000 
H 6.5200000000 7.9900000000 0.3500000000 
H 7.1000000000 8.3200000000 8.8300000000 
O 7.5900000000 0.8100000000 6.7400000000 
H 8.1700000000 0.2300000000 7.3200000000 
H 8.1100000000 1.6400000000 6.7000000000 
O 1.2400000000 6.8800000000 8.3700000000 
H 2.2000000000 7.0700000000 8.5400000000 
H 0.9800000000 6.3700000000 9.1200000000 
O 2.2800000000 8.8300000000 5.9100000000 
H 2.4800000000 7.9000000000 5.8100000000 
H 2.4100000000 9.1500000000 6.7700000000 
O 8.7300000000 8.5700000000 1.7300000000 
H 8.7700000000 9.1500000000 2.5500000000 
H 9.6700000000 8.7000000000 1.3900000000 
O 3.7300000000 8.4000000000 8.7400000000 
H 4.5500000000 7.8900000000 8.9700000000 
H 4.1300000000 9.2300000000 8.4900000000 
O 1.7000000000 4.1000000000 0.2600000000 
H 2.0400000000 4.6300000000 1.1100000000 
H 2.4800000000 4.0900000000 9.5300000000 
O 2.0200000000 3.5400000000 6.2100000000 
H 2.4000000000 3.6100000000 7.1200000000 
H 2.2700000000 2.6500000000 5.9300000000 
O 1.2700000000 9.5200000000 0.4000000000 
H 1.6500000000 0.3000000000 1.0300000000 
H 2.0900000000 9.2000000000 9.7800000000 
O 9.6300000000 2.8400000000 2.1900000000 
H 0.6200000000 3.0200000000 1.6900000000 
H 9.3300000000 3.7600000000 2.3700000000 
O 5.6200000000 2.0700000000 3.7700000000 
H 6.1300000000 2.8600000000 4.0300000000 
H 5.2100000000 2.3600000000 2.8900000000 
O 2.9300000000 8.1900000000 3.2800000000 
H 2.8400000000 8.9000000000 2.6900000000 
H 2.6700000000 8.4000000000 4.2100000000 
O 3.4400000000 1.3700000000 5.5700000000 
H 3.0500000000 0.4400000000 5.5800000000 
H 4.2600000000 1.4000000000 4.9600000000 
O 2.5400000000 0.8400000000 2.4900000000 
H 1.9400000000 1.5200000000 2.8800000000 
H 3.2900000000 1.4100000000 2.2800000000 
O 7.2600000000 4.2300000000 4.2600000000 
H 7.9800000000 4.6900000000 3.6800000000 
H 6.9200000000 5.1000000000 4.6300000000 
O 4.3900000000 2.6500000000 1.2900000000 
H 5.3000000000 2.4200000000 0.8700000000 
H 3.9100000000 3.2000000000 0.6100000000 
O 2.3900000000 3.5300000000 3.3200000000 
H 3.1400000000 4.1200000000 3.0200000000 
H 2.2900000000 3.7200000000 4.2600000000 
O 8.7900000000 3.1600000000 6.0900000000 
H 8.0800000000 3.6400000000 5.6900000000 
H 9.5600000000 3.6700000000 5.7900000000 
O 6.3700000000 9.4200000000 4.6600000000 
H 6.4000000000 0.4200000000 4.1100000000 
H 6.7100000000 9.6600000000 5.6000000000 
O 3.7400000000 3.4400000000 8.4300000000 
H 4.0700000000 2.5400000000 8.1300000000 
H 4.1800000000 4.0800000000 7.8700000000 
O 8.8800000000 8.6500000000 8.4300000000 
H 9.6700000000 8.9700000000 8.9700000000 
H 9.2800000000 7.8200000000 8.1500000000 
O 9.1600000000 0.4900000000 3.6700000000 
H 9.0400000000 0.9300000000 4.5300000000 
H 9.4300000000 1.2700000000 3.0800000000 
O 9.6500000000 7.3200000000 5.2700000000 
H 0.0200000000 8.3000000000 5.2700000000 
H 0.6900000000 6.9700000000 5.6100000000 
O 7.1000000000 6.6500000000 5.9700000000 
H 8.1100000000 6.8700000000 5.6900000000 
H 6.6300000000 7.3500000000 5.5300000000 
O 8.3900000000 4.2400000000 9.5300000000 
H 9.0900000000 3.5900000000 9.5600000000 
H 8.3900000000 4.6800000000 8.6500000000 
O 4.8900000000 5.8100000000 7.3800000000 
H 5.6400000000 6.0100000000 6.7200000000 
H 5.3900000000 6.1000000000 8.2100000000 

