&CONTROL
/
&SYSTEM
   ntyp             = 2
   nat              = 96
   ibrav            = 0
/
&ELECTRONS
/
&IONS
/
&CELL
/

ATOMIC_SPECIES
O 15.999 None
H 1.008 None

K_POINTS gamma

CELL_PARAMETERS angstrom
9.86520000000000 0.00000000000000 0.00000000000000
0.00000000000000 9.86520000000000 0.00000000000000
0.00000000000000 0.00000000000000 9.86520000000000

ATOMIC_POSITIONS angstrom
O 4.5200000000 7.5900000000 5.8100000000 
H 4.9500000000 7.9600000000 5.0600000000 
H 3.7900000000 8.2400000000 5.9400000000 
O 1.6200000000 2.8800000000 2.1500000000 
H 2.0800000000 3.6900000000 1.8100000000 
H 1.1000000000 3.2000000000 2.9000000000 
O 7.3500000000 2.6100000000 3.5800000000 
H 6.4300000000 2.9900000000 3.6100000000 
H 7.1800000000 1.9400000000 2.9200000000 
O 2.8900000000 8.0200000000 2.8200000000 
H 3.7000000000 8.3300000000 3.2800000000 
H 3.0100000000 8.3800000000 1.8500000000 
O 2.5300000000 9.5100000000 5.9500000000 
H 2.6300000000 0.5600000000 6.2800000000 
H 1.5200000000 9.5300000000 5.8100000000 
O 5.2800000000 9.2200000000 3.8100000000 
H 5.5600000000 9.6000000000 2.9500000000 
H 5.1800000000 0.1800000000 4.3600000000 
O 5.3700000000 2.5400000000 0.0600000000 
H 4.8700000000 2.6500000000 9.0800000000 
H 6.0900000000 3.1900000000 9.8200000000 
O 8.5100000000 5.4400000000 2.3700000000 
H 8.5800000000 4.6500000000 2.9600000000 
H 9.4000000000 5.8600000000 2.5000000000 
O 0.2100000000 0.5700000000 0.0200000000 
H 0.3800000000 9.7500000000 9.1700000000 
H 0.0700000000 0.0500000000 0.7900000000 
O 0.6500000000 8.3500000000 8.2600000000 
H 0.7900000000 8.7900000000 7.3800000000 
H 0.6500000000 7.4000000000 8.0000000000 
O 2.3800000000 2.9100000000 5.5100000000 
H 1.4000000000 2.7300000000 5.4300000000 
H 2.3200000000 3.8900000000 5.8200000000 
O 9.5800000000 2.5500000000 5.1700000000 
H 9.1700000000 3.0800000000 5.9000000000 
H 8.8300000000 2.3800000000 4.6100000000 
O 5.6100000000 5.6000000000 7.0000000000 
H 5.6300000000 5.8400000000 7.9200000000 
H 5.1700000000 6.3100000000 6.5300000000 
O 4.4100000000 2.9800000000 7.3900000000 
H 4.7500000000 3.8600000000 7.0900000000 
H 3.6800000000 2.7900000000 6.7300000000 
O 7.5000000000 7.6800000000 4.3200000000 
H 7.2300000000 7.1400000000 3.5900000000 
H 6.7800000000 8.3200000000 4.2700000000 
O 2.4700000000 5.4900000000 5.8400000000 
H 3.1000000000 6.2300000000 5.8900000000 
H 1.7400000000 5.7000000000 6.4000000000 
O 3.5500000000 1.0500000000 1.5500000000 
H 4.0500000000 1.5100000000 0.8500000000 
H 2.6800000000 1.5500000000 1.5800000000 
O 0.3200000000 3.1100000000 9.4500000000 
H 0.1800000000 2.1500000000 9.7000000000 
H 1.0800000000 3.3500000000 0.2200000000 
O 3.4500000000 8.6300000000 9.6200000000 
H 3.3900000000 9.5700000000 9.8600000000 
H 2.5700000000 8.3600000000 9.2300000000 
O 9.8500000000 8.5100000000 1.7600000000 
H 9.1900000000 8.0200000000 2.2700000000 
H 0.7400000000 8.6600000000 2.4100000000 
O 5.4200000000 6.6600000000 9.5800000000 
H 4.7100000000 7.3100000000 9.5900000000 
H 6.2300000000 7.1900000000 9.3200000000 
O 4.5200000000 1.8800000000 3.9100000000 
H 4.2200000000 1.5600000000 2.9900000000 
H 3.6800000000 2.2200000000 4.2800000000 
O 9.6900000000 9.4600000000 5.7700000000 
H 9.6500000000 0.4700000000 5.3800000000 
H 8.6800000000 9.2900000000 6.0200000000 
O 8.2500000000 5.9500000000 6.2100000000 
H 7.3700000000 5.6400000000 6.1600000000 
H 8.2700000000 6.6300000000 5.5100000000 
O 7.3100000000 4.4400000000 9.7100000000 
H 8.0600000000 4.5100000000 0.6000000000 
H 6.6300000000 5.1800000000 0.0100000000 
O 1.2700000000 5.8400000000 3.2300000000 
H 1.7100000000 5.7200000000 4.0700000000 
H 1.7800000000 6.6600000000 2.9700000000 
O 8.4300000000 3.2800000000 7.4800000000 
H 7.9100000000 3.9600000000 7.9100000000 
H 9.1800000000 3.2800000000 8.1400000000 
O 6.5300000000 0.4500000000 1.6700000000 
H 6.2200000000 1.2000000000 1.1100000000 
H 7.0800000000 9.7900000000 1.0400000000 
O 2.6800000000 4.3700000000 0.0700000000 
H 2.1800000000 4.7600000000 9.1600000000 
H 3.5800000000 4.7100000000 9.7100000000 
O 0.5400000000 5.5400000000 7.7600000000 
H 9.4700000000 5.6800000000 7.3900000000 
H 0.4500000000 4.7000000000 8.2200000000 
O 7.2200000000 0.6600000000 7.2300000000 
H 6.2900000000 0.8400000000 6.9900000000 
H 7.5400000000 1.5900000000 7.5400000000 
O 7.5900000000 8.5900000000 9.4400000000 
H 8.5400000000 8.4300000000 9.6200000000 
H 7.5700000000 9.1500000000 8.6600000000 

