&CONTROL
/
&SYSTEM
   ntyp             = 2
   nat              = 96
   ibrav            = 0
/
&ELECTRONS
/
&IONS
/
&CELL
/

ATOMIC_SPECIES
O 15.999 None
H 1.008 None

K_POINTS gamma

CELL_PARAMETERS angstrom
9.86520000000000 0.00000000000000 0.00000000000000
0.00000000000000 9.86520000000000 0.00000000000000
0.00000000000000 0.00000000000000 9.86520000000000

ATOMIC_POSITIONS angstrom
O 1.1000000000 1.8300000000 8.1500000000 
H 0.4600000000 1.5300000000 7.5100000000 
H 1.7400000000 2.3100000000 7.5500000000 
O 9.6300000000 4.5900000000 8.4700000000 
H 0.5100000000 5.1500000000 8.1500000000 
H 0.0600000000 3.6500000000 8.2800000000 
O 4.8200000000 5.4100000000 6.7000000000 
H 5.5800000000 4.8400000000 6.6800000000 
H 5.2200000000 6.3200000000 6.5300000000 
O 6.5200000000 9.0700000000 0.3000000000 
H 7.2500000000 8.4900000000 0.0300000000 
H 5.8800000000 9.0100000000 9.4000000000 
O 6.4100000000 3.1400000000 9.7700000000 
H 6.6900000000 3.5800000000 0.7800000000 
H 7.1500000000 2.4300000000 9.7400000000 
O 4.3100000000 9.2500000000 8.0300000000 
H 4.3200000000 0.2500000000 7.5300000000 
H 3.4300000000 8.9500000000 7.7300000000 
O 8.5900000000 7.7000000000 8.0600000000 
H 7.7800000000 7.4900000000 7.4700000000 
H 9.2200000000 7.5800000000 7.2400000000 
O 9.4700000000 0.8700000000 6.0500000000 
H 8.7200000000 0.2500000000 5.8700000000 
H 9.0800000000 1.7800000000 5.7700000000 
O 0.4100000000 8.2200000000 0.5500000000 
H 0.0700000000 8.1400000000 9.4400000000 
H 1.2600000000 8.5700000000 0.4200000000 
O 6.7600000000 9.0400000000 4.1500000000 
H 5.9400000000 9.4700000000 3.7900000000 
H 7.5000000000 9.5100000000 3.7000000000 
O 8.6200000000 4.9400000000 1.3100000000 
H 8.8000000000 5.1800000000 0.3600000000 
H 9.1800000000 5.6900000000 1.7000000000 
O 9.2000000000 7.3100000000 5.1600000000 
H 8.2900000000 7.6400000000 5.0400000000 
H 9.4700000000 7.2100000000 4.2100000000 
O 6.9000000000 1.9200000000 5.2400000000 
H 7.0800000000 2.7500000000 5.7700000000 
H 7.3300000000 2.1700000000 4.3600000000 
O 8.4200000000 2.5900000000 3.2000000000 
H 8.9900000000 1.8300000000 2.9200000000 
H 8.7000000000 3.2500000000 2.4800000000 
O 0.3400000000 6.6400000000 2.6800000000 
H 0.4800000000 7.3500000000 2.0600000000 
H 1.1900000000 6.2800000000 2.7800000000 
O 1.8200000000 6.2500000000 7.5200000000 
H 2.8000000000 6.1200000000 7.7100000000 
H 1.6800000000 7.2200000000 7.2300000000 
O 4.5300000000 5.3000000000 0.1900000000 
H 5.0000000000 4.6900000000 0.8700000000 
H 4.8200000000 4.8800000000 9.2400000000 
O 2.8100000000 5.4000000000 2.8100000000 
H 3.1500000000 6.1300000000 2.3300000000 
H 3.6000000000 4.8300000000 2.9900000000 
O 2.4600000000 0.6600000000 0.6100000000 
H 2.1300000000 1.3800000000 1.1600000000 
H 2.3400000000 1.0200000000 9.6100000000 
O 8.6600000000 1.7200000000 9.5200000000 
H 8.8000000000 0.7400000000 9.3600000000 
H 9.6000000000 2.0900000000 9.4900000000 
O 6.0300000000 7.7400000000 6.4300000000 
H 6.2600000000 8.2500000000 5.6700000000 
H 5.2900000000 8.3800000000 6.7600000000 
O 9.5200000000 0.1700000000 2.8300000000 
H 9.7800000000 9.5300000000 3.6600000000 
H 0.0600000000 9.5300000000 2.1000000000 
O 2.6300000000 9.4200000000 4.0000000000 
H 3.2000000000 9.1700000000 3.1700000000 
H 3.0500000000 0.4200000000 4.3200000000 
O 7.2300000000 3.5700000000 7.1800000000 
H 6.8500000000 3.5700000000 8.1100000000 
H 8.0700000000 4.1500000000 7.3000000000 
O 1.4800000000 3.3600000000 1.3200000000 
H 1.0300000000 4.0300000000 0.7000000000 
H 2.1500000000 4.0000000000 1.7200000000 
O 4.7800000000 0.0500000000 2.0900000000 
H 4.0100000000 0.4200000000 1.5200000000 
H 5.3700000000 9.4100000000 1.4400000000 
O 2.5800000000 3.5900000000 6.5100000000 
H 3.1600000000 4.4000000000 6.5000000000 
H 1.9100000000 3.9400000000 5.8700000000 
O 0.2300000000 4.5800000000 5.4100000000 
H 9.7700000000 4.9100000000 4.5600000000 
H 0.2200000000 5.4300000000 5.9500000000 
O 1.5600000000 8.8400000000 6.7400000000 
H 2.1600000000 8.9600000000 5.9400000000 
H 1.0800000000 9.6900000000 6.4800000000 
O 4.1700000000 1.3000000000 6.1200000000 
H 3.6800000000 2.1500000000 6.2300000000 
H 5.1400000000 1.6000000000 6.0400000000 
O 5.7700000000 4.4100000000 2.7700000000 
H 6.4900000000 5.0200000000 2.6600000000 
H 6.1300000000 3.5200000000 2.9000000000 
O 3.3400000000 7.5800000000 1.4300000000 
H 3.7900000000 8.4700000000 1.6200000000 
H 3.8000000000 7.0400000000 0.7100000000 

