&CONTROL
/
&SYSTEM
   ntyp             = 2
   nat              = 96
   ibrav            = 0
/
&ELECTRONS
/
&IONS
/
&CELL
/

ATOMIC_SPECIES
O 15.999 None
H 1.008 None

K_POINTS gamma

CELL_PARAMETERS angstrom
9.86520000000000 0.00000000000000 0.00000000000000
0.00000000000000 9.86520000000000 0.00000000000000
0.00000000000000 0.00000000000000 9.86520000000000

ATOMIC_POSITIONS angstrom
O 6.1700000000 5.2500000000 5.8900000000 
H 5.3700000000 5.1600000000 5.3900000000 
H 6.1400000000 4.4400000000 6.4800000000 
O 6.4400000000 9.5700000000 1.5000000000 
H 5.8100000000 9.3900000000 0.8200000000 
H 6.3900000000 8.7100000000 1.9400000000 
O 4.3200000000 3.4900000000 4.5600000000 
H 4.4800000000 3.1000000000 3.6800000000 
H 4.0000000000 2.6600000000 5.0200000000 
O 7.0500000000 8.5500000000 8.2400000000 
H 7.4800000000 9.3600000000 8.5900000000 
H 6.2100000000 8.3800000000 8.7800000000 
O 3.1400000000 9.4500000000 1.6100000000 
H 2.9100000000 8.5700000000 2.0200000000 
H 2.9600000000 0.1900000000 2.3200000000 
O 4.8900000000 8.5400000000 6.3800000000 
H 5.7800000000 8.5700000000 6.8200000000 
H 4.8500000000 7.6300000000 5.9700000000 
O 0.2200000000 0.7400000000 5.7600000000 
H 0.5700000000 9.6600000000 5.6200000000 
H 9.1500000000 0.6400000000 5.4400000000 
O 1.9400000000 2.2600000000 7.3500000000 
H 1.6400000000 1.7700000000 8.2100000000 
H 1.3800000000 1.6600000000 6.7800000000 
O 0.7100000000 6.6800000000 1.3800000000 
H 9.6700000000 6.2900000000 1.3000000000 
H 1.0700000000 6.2300000000 2.1600000000 
O 8.2200000000 3.0700000000 6.4100000000 
H 7.4700000000 3.0200000000 7.0100000000 
H 8.9000000000 3.0800000000 7.0600000000 
O 1.7000000000 4.9800000000 7.9700000000 
H 0.7800000000 5.0800000000 7.7300000000 
H 1.9400000000 4.0200000000 7.6200000000 
O 3.8800000000 3.1900000000 9.8400000000 
H 3.0000000000 2.9100000000 0.1500000000 
H 3.8000000000 4.1500000000 0.0900000000 
O 1.3100000000 2.0900000000 0.8600000000 
H 1.1200000000 1.1300000000 0.8100000000 
H 1.1400000000 2.2200000000 1.7800000000 
O 3.5300000000 6.0200000000 5.4500000000 
H 3.3900000000 5.9100000000 6.4000000000 
H 3.6100000000 5.0900000000 5.1900000000 
O 9.1200000000 5.6800000000 5.3100000000 
H 8.9000000000 6.0400000000 6.1400000000 
H 8.3000000000 5.1800000000 5.0300000000 
O 1.4200000000 4.8600000000 3.2800000000 
H 0.8900000000 4.9900000000 4.1200000000 
H 1.5700000000 3.8900000000 3.2800000000 
O 8.1700000000 1.0400000000 9.5900000000 
H 9.0100000000 0.5800000000 9.4700000000 
H 7.7800000000 0.6000000000 0.5400000000 
O 7.4700000000 3.0000000000 3.5300000000 
H 6.6100000000 2.6900000000 3.3000000000 
H 7.3500000000 3.2100000000 4.4700000000 
O 5.0800000000 2.1500000000 2.1500000000 
H 4.7100000000 2.4500000000 1.2800000000 
H 5.5000000000 1.2700000000 1.9700000000 
O 0.3400000000 2.2500000000 3.5600000000 
H 0.0900000000 1.9400000000 4.4600000000 
H 9.3700000000 2.5000000000 3.2200000000 
O 9.0800000000 3.8600000000 9.4400000000 
H 8.6600000000 3.0100000000 9.3700000000 
H 0.1600000000 3.5300000000 9.6700000000 
O 3.8400000000 6.8600000000 2.6000000000 
H 4.8100000000 6.7500000000 2.8300000000 
H 3.3800000000 6.3700000000 3.3400000000 
O 8.2900000000 6.3500000000 7.7300000000 
H 8.2100000000 5.6800000000 8.5000000000 
H 7.8300000000 7.2400000000 7.9600000000 
O 4.5800000000 8.5900000000 9.4800000000 
H 4.3300000000 7.6900000000 0.0300000000 
H 3.8900000000 9.1300000000 0.1300000000 
O 6.3500000000 7.1800000000 3.2600000000 
H 6.8800000000 6.5800000000 2.6500000000 
H 6.9400000000 7.4700000000 4.0200000000 
O 1.3900000000 8.1900000000 5.3400000000 
H 0.7600000000 7.4200000000 5.1600000000 
H 2.2400000000 7.8300000000 4.9700000000 
O 0.4900000000 9.2300000000 0.3800000000 
H 0.6900000000 8.3100000000 0.6600000000 
H 1.2100000000 9.3400000000 9.5500000000 
O 2.2500000000 9.3900000000 8.1300000000 
H 3.2600000000 9.2200000000 8.1100000000 
H 1.8600000000 8.6500000000 7.5600000000 
O 7.8000000000 5.4400000000 1.4500000000 
H 7.5000000000 4.8300000000 2.1100000000 
H 8.2800000000 4.9100000000 0.7800000000 
O 5.7500000000 3.2500000000 7.6900000000 
H 5.2900000000 2.5600000000 7.1200000000 
H 5.0700000000 3.2100000000 8.4900000000 
O 4.1700000000 1.3900000000 6.3100000000 
H 3.3200000000 1.5900000000 6.8200000000 
H 4.3500000000 0.4100000000 6.2900000000 
O 3.4500000000 6.0000000000 9.6600000000 
H 2.7900000000 5.7700000000 8.9700000000 
H 2.9600000000 6.0100000000 0.6400000000 

