&CONTROL
/
&SYSTEM
   ntyp             = 2
   nat              = 96
   ibrav            = 0
/
&ELECTRONS
/
&IONS
/
&CELL
/

ATOMIC_SPECIES
O 15.999 None
H 1.008 None

K_POINTS gamma

CELL_PARAMETERS angstrom
9.86520000000000 0.00000000000000 0.00000000000000
0.00000000000000 9.86520000000000 0.00000000000000
0.00000000000000 0.00000000000000 9.86520000000000

ATOMIC_POSITIONS angstrom
O 2.6800000000 7.3500000000 2.5700000000 
H 2.2100000000 6.4500000000 2.6100000000 
H 3.5100000000 7.3100000000 2.0400000000 
O 3.8800000000 9.1400000000 8.2600000000 
H 4.4600000000 8.3700000000 8.1600000000 
H 2.9400000000 8.8000000000 8.4100000000 
O 8.8600000000 7.3300000000 3.0900000000 
H 8.2500000000 7.6300000000 2.3900000000 
H 8.8400000000 6.3900000000 2.9300000000 
O 5.5300000000 6.4800000000 4.4700000000 
H 5.3300000000 7.0400000000 3.6700000000 
H 5.0700000000 6.9100000000 5.2500000000 
O 7.3500000000 2.4800000000 9.2700000000 
H 6.7900000000 1.9200000000 8.6700000000 
H 6.6700000000 2.6500000000 0.1100000000 
O 8.7400000000 9.4000000000 6.8200000000 
H 9.1800000000 8.6900000000 6.3300000000 
H 8.7500000000 0.4200000000 6.2800000000 
O 8.0600000000 5.6100000000 5.1900000000 
H 7.0700000000 5.7100000000 5.0500000000 
H 8.4500000000 6.3600000000 4.6800000000 
O 3.3900000000 6.4500000000 9.5800000000 
H 2.6000000000 7.0500000000 9.6000000000 
H 3.3900000000 6.1500000000 8.6100000000 
O 1.1300000000 8.5000000000 8.6400000000 
H 0.5000000000 9.2500000000 8.8400000000 
H 0.6000000000 7.8000000000 8.2300000000 
O 2.5700000000 9.3300000000 4.3100000000 
H 3.4600000000 9.4800000000 4.8200000000 
H 2.6900000000 8.5700000000 3.6100000000 
O 9.3800000000 0.5800000000 9.3500000000 
H 8.8800000000 1.4200000000 9.4400000000 
H 9.1600000000 0.3000000000 8.4400000000 
O 0.3700000000 4.6600000000 2.3700000000 
H 9.6700000000 4.8800000000 1.5700000000 
H 1.0800000000 4.0000000000 1.9900000000 
O 6.0900000000 8.4800000000 6.4700000000 
H 5.9200000000 9.2600000000 5.9400000000 
H 7.0300000000 8.6900000000 6.7900000000 
O 6.0700000000 3.6800000000 6.1900000000 
H 5.9700000000 2.9500000000 6.7900000000 
H 7.0400000000 3.7400000000 6.1500000000 
O 5.8300000000 9.2700000000 2.4000000000 
H 5.2700000000 0.0900000000 1.9500000000 
H 5.7500000000 8.5100000000 1.7600000000 
O 0.5600000000 7.9100000000 5.3400000000 
H 1.3100000000 8.5100000000 5.0700000000 
H 0.3500000000 7.7400000000 4.3800000000 
O 2.6700000000 1.3700000000 6.4800000000 
H 2.6300000000 0.4800000000 6.9800000000 
H 1.9600000000 1.2600000000 5.8000000000 
O 3.1500000000 3.2500000000 9.5400000000 
H 3.1000000000 4.2300000000 9.5800000000 
H 3.1200000000 2.9600000000 8.5900000000 
O 0.4000000000 0.2300000000 2.0700000000 
H 9.7400000000 0.1700000000 1.2100000000 
H 0.5100000000 9.1700000000 2.2000000000 
O 9.1400000000 4.4100000000 9.7800000000 
H 8.4800000000 3.7500000000 9.5600000000 
H 8.9100000000 5.1000000000 9.1200000000 
O 5.1700000000 0.5600000000 4.6300000000 
H 5.5200000000 0.0100000000 3.8800000000 
H 5.2100000000 1.4900000000 4.2700000000 
O 4.4900000000 3.3900000000 3.7300000000 
H 3.5900000000 3.7100000000 4.0500000000 
H 5.0500000000 3.4500000000 4.5500000000 
O 6.2900000000 6.4000000000 8.3300000000 
H 5.4300000000 5.8700000000 8.3400000000 
H 6.2700000000 7.0000000000 7.5300000000 
O 5.5900000000 6.4900000000 1.5400000000 
H 6.1900000000 5.7100000000 1.7500000000 
H 5.1300000000 6.3100000000 0.6300000000 
O 5.5600000000 1.3800000000 7.5300000000 
H 5.1800000000 0.6000000000 8.0600000000 
H 4.9900000000 1.3400000000 6.7000000000 
O 0.4800000000 1.3500000000 4.6300000000 
H 9.8500000000 1.4400000000 3.8300000000 
H 1.1300000000 0.7400000000 4.2700000000 
O 1.6600000000 4.4100000000 4.6500000000 
H 1.4300000000 3.5200000000 4.9800000000 
H 1.0900000000 4.5900000000 3.8300000000 
O 8.2700000000 7.6500000000 0.2600000000 
H 8.2300000000 8.5000000000 9.6400000000 
H 7.6800000000 7.0100000000 9.7300000000 
O 0.1300000000 6.1600000000 7.4100000000 
H 0.7000000000 6.4700000000 6.6500000000 
H 9.3100000000 5.7600000000 6.8400000000 
O 4.0800000000 5.4300000000 6.9700000000 
H 4.7900000000 4.8800000000 6.5600000000 
H 3.4200000000 5.3100000000 6.3100000000 
O 5.2900000000 2.9600000000 1.1400000000 
H 4.4600000000 3.1400000000 0.6600000000 
H 4.9800000000 3.0400000000 2.0400000000 
O 3.3300000000 0.9100000000 1.5300000000 
H 2.8700000000 1.4600000000 0.8200000000 
H 2.6100000000 0.3500000000 1.8800000000 

