&CONTROL
/
&SYSTEM
   ntyp             = 2
   nat              = 96
   ibrav            = 0
/
&ELECTRONS
/
&IONS
/
&CELL
/

ATOMIC_SPECIES
O 15.999 None
H 1.008 None

K_POINTS gamma

CELL_PARAMETERS angstrom
9.86520000000000 0.00000000000000 0.00000000000000
0.00000000000000 9.86520000000000 0.00000000000000
0.00000000000000 0.00000000000000 9.86520000000000

ATOMIC_POSITIONS angstrom
O 9.0800000000 1.0200000000 4.7300000000 
H 8.1000000000 1.0200000000 4.6900000000 
H 9.4000000000 1.5300000000 3.9800000000 
O 2.3800000000 6.3000000000 8.1500000000 
H 1.8300000000 7.0800000000 8.1100000000 
H 2.3200000000 5.8200000000 7.2800000000 
O 4.4800000000 4.5500000000 8.8900000000 
H 3.8100000000 5.2700000000 8.5600000000 
H 5.2600000000 4.9800000000 9.3300000000 
O 4.6100000000 7.4300000000 0.5700000000 
H 3.6400000000 7.3300000000 0.4700000000 
H 4.7200000000 8.2200000000 1.1200000000 
O 6.4500000000 1.3300000000 0.5100000000 
H 7.3200000000 1.6900000000 0.1000000000 
H 6.7300000000 0.4600000000 0.9400000000 
O 4.3600000000 1.2600000000 8.2000000000 
H 4.3100000000 0.4900000000 7.6200000000 
H 5.0600000000 0.9400000000 8.8300000000 
O 7.1700000000 6.3000000000 1.3100000000 
H 6.2500000000 6.7100000000 1.1600000000 
H 7.1200000000 5.8800000000 2.1600000000 
O 0.4300000000 8.7900000000 6.5000000000 
H 9.7800000000 9.4600000000 6.0000000000 
H 9.8200000000 8.6200000000 7.3200000000 
O 9.1000000000 2.2000000000 9.8300000000 
H 0.1000000000 1.9100000000 9.3300000000 
H 9.2100000000 3.2000000000 9.8600000000 
O 4.5900000000 9.4000000000 2.5400000000 
H 5.3200000000 0.1000000000 2.8300000000 
H 3.8100000000 0.1000000000 2.7200000000 
O 0.2900000000 7.3200000000 1.3200000000 
H 9.4900000000 7.9300000000 1.6400000000 
H 0.9200000000 7.9000000000 0.8400000000 
O 7.0100000000 8.2600000000 5.5400000000 
H 6.8700000000 7.3600000000 5.1000000000 
H 6.5500000000 8.2200000000 6.4900000000 
O 6.2300000000 0.8100000000 4.3900000000 
H 6.5200000000 0.0200000000 4.9500000000 
H 5.6200000000 1.2800000000 5.0300000000 
O 2.6500000000 3.8000000000 5.1400000000 
H 3.4400000000 3.4000000000 5.5700000000 
H 3.1200000000 4.4400000000 4.4900000000 
O 8.3100000000 9.4000000000 2.0100000000 
H 8.5800000000 0.4300000000 2.0000000000 
H 8.4200000000 9.1500000000 2.9500000000 
O 0.4400000000 3.0400000000 6.2000000000 
H 9.8500000000 2.4900000000 5.4900000000 
H 1.1800000000 3.4500000000 5.7200000000 
O 4.5000000000 3.1500000000 1.5800000000 
H 4.3300000000 3.3600000000 0.6300000000 
H 5.0900000000 2.3800000000 1.4200000000 
O 3.2800000000 9.1800000000 6.3500000000 
H 2.3000000000 9.3000000000 6.4300000000 
H 3.3300000000 8.5400000000 5.6000000000 
O 1.6300000000 1.8900000000 8.5100000000 
H 2.6000000000 2.0600000000 8.5800000000 
H 1.3400000000 2.1300000000 7.6000000000 
O 8.6600000000 8.3900000000 8.5600000000 
H 8.2300000000 8.5500000000 9.4600000000 
H 8.0000000000 7.7400000000 8.2900000000 
O 9.5700000000 4.8400000000 9.8400000000 
H 0.4900000000 5.4000000000 9.5500000000 
H 9.0600000000 5.3700000000 0.6500000000 
O 0.1100000000 2.6700000000 2.7200000000 
H 9.7800000000 2.8400000000 1.7100000000 
H 0.3900000000 3.6100000000 2.9100000000 
O 3.5000000000 7.4500000000 4.2500000000 
H 3.8400000000 7.9700000000 3.4900000000 
H 4.0000000000 6.6500000000 4.2000000000 
O 7.7100000000 3.8300000000 7.0600000000 
H 8.6500000000 3.7000000000 6.9500000000 
H 7.6300000000 3.9600000000 8.0800000000 
O 4.4100000000 5.2500000000 3.3000000000 
H 5.4300000000 5.1600000000 3.4400000000 
H 4.2900000000 4.5900000000 2.6100000000 
O 2.1600000000 9.1300000000 0.2100000000 
H 2.4500000000 9.6600000000 9.3400000000 
H 2.3700000000 9.6900000000 1.0100000000 
O 5.1700000000 3.2400000000 6.3900000000 
H 5.0200000000 2.8300000000 7.3200000000 
H 6.0900000000 3.5200000000 6.4800000000 
O 0.1000000000 5.3200000000 3.0700000000 
H 0.1600000000 5.9900000000 2.3100000000 
H 0.4500000000 5.7500000000 3.9400000000 
O 1.0800000000 6.5200000000 5.3200000000 
H 1.9400000000 6.7200000000 4.8800000000 
H 0.9900000000 7.4800000000 5.7400000000 
O 2.5600000000 1.5100000000 2.6700000000 
H 3.0200000000 1.9400000000 1.9300000000 
H 1.7300000000 2.0200000000 2.8600000000 
O 7.0300000000 5.1300000000 4.5100000000 
H 8.0500000000 5.3600000000 4.3400000000 
H 7.0600000000 4.6700000000 5.4200000000 
O 5.3800000000 8.0900000000 7.7500000000 
H 5.1100000000 7.6600000000 8.5800000000 
H 4.4700000000 8.1600000000 7.3600000000 

