&CONTROL
/
&SYSTEM
   ntyp             = 2
   nat              = 96
   ibrav            = 0
/
&ELECTRONS
/
&IONS
/
&CELL
/

ATOMIC_SPECIES
O 15.999 None
H 1.008 None

K_POINTS gamma

CELL_PARAMETERS angstrom
9.86520000000000 0.00000000000000 0.00000000000000
0.00000000000000 9.86520000000000 0.00000000000000
0.00000000000000 0.00000000000000 9.86520000000000

ATOMIC_POSITIONS angstrom
O 9.3300000000 0.0600000000 6.8500000000 
H 9.7100000000 8.9700000000 6.8000000000 
H 0.0900000000 0.4300000000 6.2000000000 
O 5.2100000000 0.6200000000 7.5000000000 
H 6.0300000000 1.1700000000 7.3300000000 
H 5.3900000000 0.2800000000 8.4000000000 
O 5.5800000000 0.3700000000 0.3700000000 
H 5.5700000000 1.2700000000 0.7200000000 
H 6.5700000000 0.1800000000 0.2800000000 
O 2.5200000000 9.6500000000 9.1000000000 
H 2.4300000000 8.8100000000 8.5700000000 
H 3.4300000000 9.6900000000 9.3700000000 
O 6.3600000000 6.5800000000 2.5900000000 
H 7.0800000000 6.7100000000 1.9400000000 
H 6.6200000000 7.0300000000 3.3600000000 
O 3.3500000000 8.0900000000 7.1600000000 
H 3.6800000000 9.0300000000 6.9700000000 
H 4.1800000000 7.5300000000 7.0100000000 
O 8.1800000000 9.8300000000 9.3000000000 
H 8.7000000000 0.0700000000 8.4600000000 
H 8.4400000000 8.9300000000 9.6700000000 
O 8.0400000000 1.4600000000 3.3100000000 
H 7.5700000000 1.6600000000 2.4400000000 
H 8.3500000000 2.2900000000 3.5700000000 
O 9.5300000000 4.2100000000 7.2800000000 
H 0.3100000000 4.9000000000 7.4900000000 
H 0.1400000000 3.4800000000 6.8800000000 
O 4.7600000000 9.2400000000 5.0600000000 
H 5.6000000000 8.8100000000 4.9100000000 
H 5.0700000000 9.7700000000 5.8600000000 
O 7.3100000000 8.5400000000 4.3700000000 
H 7.6700000000 8.2700000000 5.2700000000 
H 7.5600000000 9.3900000000 4.0500000000 
O 3.3700000000 2.7300000000 8.6700000000 
H 4.1900000000 2.5900000000 8.2900000000 
H 3.0300000000 1.8100000000 8.5900000000 
O 8.8300000000 4.1300000000 3.2400000000 
H 8.8500000000 3.9400000000 2.2400000000 
H 9.1900000000 5.0400000000 3.2800000000 
O 2.3200000000 5.0400000000 8.3600000000 
H 2.5400000000 4.8100000000 7.4700000000 
H 2.8300000000 4.2900000000 8.7900000000 
O 8.6700000000 7.5500000000 0.9200000000 
H 8.8900000000 8.1200000000 1.6800000000 
H 9.5900000000 7.1800000000 0.6300000000 
O 6.5300000000 2.8000000000 1.2500000000 
H 7.2100000000 3.3400000000 0.7900000000 
H 5.7200000000 3.4300000000 1.2900000000 
O 6.5400000000 3.9300000000 4.7900000000 
H 7.3300000000 4.1000000000 4.2200000000 
H 6.8500000000 3.3600000000 5.5200000000 
O 4.3800000000 7.5600000000 0.4400000000 
H 4.8800000000 8.4000000000 0.5300000000 
H 4.0300000000 7.5700000000 1.3400000000 
O 1.4300000000 6.7700000000 0.4700000000 
H 2.2800000000 7.2400000000 0.5600000000 
H 1.6100000000 6.1600000000 9.6200000000 
O 0.4900000000 6.3800000000 3.2500000000 
H 1.1600000000 6.5000000000 2.5700000000 
H 0.3200000000 7.2900000000 3.6400000000 
O 2.6600000000 5.3500000000 5.6200000000 
H 3.5300000000 5.7900000000 5.8200000000 
H 2.5800000000 5.5800000000 4.6900000000 
O 2.5100000000 0.7700000000 3.7800000000 
H 3.1300000000 0.3000000000 4.4000000000 
H 3.1900000000 1.4800000000 3.6500000000 
O 3.5200000000 7.3600000000 3.4200000000 
H 4.3600000000 6.9300000000 3.4500000000 
H 3.6000000000 8.0600000000 4.0900000000 
O 7.5900000000 2.1800000000 6.9200000000 
H 8.1900000000 1.4400000000 7.0400000000 
H 8.1400000000 2.9200000000 7.3000000000 
O 4.3800000000 2.6900000000 3.5000000000 
H 5.2800000000 3.0300000000 3.7500000000 
H 4.3400000000 3.2000000000 2.6300000000 
O 9.1800000000 3.7500000000 0.4600000000 
H 9.7700000000 2.9800000000 0.3000000000 
H 9.2700000000 4.2000000000 9.4300000000 
O 0.6400000000 1.4300000000 0.5400000000 
H 1.3200000000 0.7900000000 0.3500000000 
H 9.6500000000 0.9400000000 0.6300000000 
O 0.8000000000 2.4600000000 5.2300000000 
H 1.4400000000 1.8800000000 4.8000000000 
H 0.8300000000 3.2800000000 4.6800000000 
O 0.2400000000 9.4200000000 2.7100000000 
H 9.4200000000 0.1600000000 3.0900000000 
H 1.1000000000 9.8000000000 2.7500000000 
O 0.5100000000 7.2700000000 6.4000000000 
H 0.5200000000 6.3300000000 5.9600000000 
H 1.4500000000 7.2900000000 6.7800000000 
O 4.7600000000 4.8600000000 1.0000000000 
H 4.1200000000 5.3900000000 0.5400000000 
H 5.2300000000 5.5600000000 1.4500000000 
O 5.1700000000 5.9800000000 6.2700000000 
H 5.4800000000 5.2500000000 5.6000000000 
H 5.5500000000 5.5400000000 7.0900000000 

