&CONTROL
/
&SYSTEM
   ntyp             = 2
   nat              = 96
   ibrav            = 0
/
&ELECTRONS
/
&IONS
/
&CELL
/

ATOMIC_SPECIES
O 15.999 None
H 1.008 None

K_POINTS gamma

CELL_PARAMETERS angstrom
9.86520000000000 0.00000000000000 0.00000000000000
0.00000000000000 9.86520000000000 0.00000000000000
0.00000000000000 0.00000000000000 9.86520000000000

ATOMIC_POSITIONS angstrom
O 9.7300000000 3.4000000000 6.0400000000 
H 0.0900000000 2.7200000000 6.7300000000 
H 0.7600000000 3.8800000000 6.1300000000 
O 9.1600000000 6.4000000000 5.7400000000 
H 9.0900000000 5.8000000000 4.9400000000 
H 8.9100000000 5.7600000000 6.4100000000 
O 0.7200000000 3.8100000000 9.4400000000 
H 0.6200000000 2.9700000000 9.0100000000 
H 1.6700000000 3.9200000000 9.2400000000 
O 7.3700000000 5.5600000000 3.7900000000 
H 7.3500000000 5.4800000000 2.7800000000 
H 7.4500000000 6.5300000000 3.8600000000 
O 5.3900000000 3.3800000000 2.4000000000 
H 6.2600000000 3.6600000000 2.0500000000 
H 4.7800000000 3.7200000000 1.6800000000 
O 6.5600000000 8.4600000000 4.2300000000 
H 6.3400000000 9.2600000000 4.8000000000 
H 7.2000000000 8.8400000000 3.5100000000 
O 0.4000000000 2.4600000000 3.4200000000 
H 0.7500000000 3.1800000000 2.8800000000 
H 0.2300000000 2.8500000000 4.3100000000 
O 0.4200000000 1.4200000000 7.8800000000 
H 0.0100000000 0.6700000000 7.6300000000 
H 1.3100000000 0.9700000000 8.0900000000 
O 4.5500000000 7.3300000000 8.6600000000 
H 5.1900000000 8.0300000000 8.5600000000 
H 5.0800000000 6.5800000000 8.2800000000 
O 7.6700000000 1.0700000000 0.4900000000 
H 7.6700000000 0.4300000000 9.5800000000 
H 7.6600000000 0.4800000000 1.2200000000 
O 5.7000000000 2.2900000000 8.7900000000 
H 6.4700000000 2.2600000000 8.2000000000 
H 6.0200000000 1.8600000000 9.6100000000 
O 7.8900000000 3.8400000000 1.0100000000 
H 8.5300000000 4.3600000000 0.4300000000 
H 7.9400000000 2.8600000000 0.7500000000 
O 8.6600000000 8.8400000000 2.1600000000 
H 9.4400000000 9.2900000000 2.5300000000 
H 9.1200000000 8.2000000000 1.6000000000 
O 1.3500000000 0.2000000000 2.4700000000 
H 2.2000000000 0.2500000000 2.0300000000 
H 1.0900000000 1.1500000000 2.7000000000 
O 5.5700000000 0.7300000000 5.9000000000 
H 5.1000000000 0.6900000000 5.0400000000 
H 6.0200000000 1.6300000000 5.9000000000 
O 3.3800000000 4.2900000000 4.2100000000 
H 2.7000000000 4.4500000000 3.4500000000 
H 3.9800000000 3.5700000000 3.8200000000 
O 6.8000000000 3.2100000000 6.1000000000 
H 7.7800000000 3.3200000000 6.2300000000 
H 6.5900000000 3.9900000000 5.5200000000 
O 2.0700000000 8.0700000000 8.0200000000 
H 3.0200000000 7.8300000000 8.2500000000 
H 2.3200000000 8.7100000000 7.2700000000 
O 4.1200000000 7.1100000000 4.4600000000 
H 4.3800000000 6.1600000000 4.7300000000 
H 5.0400000000 7.5500000000 4.2700000000 
O 9.1500000000 8.6500000000 7.4300000000 
H 9.1300000000 7.9100000000 6.7800000000 
H 0.1200000000 8.4200000000 7.8700000000 
O 1.6600000000 4.5300000000 2.1100000000 
H 1.6800000000 5.4900000000 2.0600000000 
H 1.4500000000 4.2100000000 1.1600000000 
O 2.4600000000 9.3100000000 5.3800000000 
H 2.4200000000 9.8300000000 4.5800000000 
H 2.8600000000 8.5100000000 5.0500000000 
O 1.7900000000 7.4700000000 2.7400000000 
H 1.5300000000 8.4500000000 2.7000000000 
H 2.5700000000 7.3700000000 3.2900000000 
O 0.3100000000 6.9800000000 0.6200000000 
H 0.9000000000 7.5400000000 0.0900000000 
H 0.8900000000 6.9400000000 1.4300000000 
O 3.7400000000 4.0600000000 9.4500000000 
H 4.4800000000 3.4400000000 9.2700000000 
H 3.9600000000 4.8500000000 8.9600000000 
O 8.7100000000 5.6500000000 8.4400000000 
H 9.4200000000 5.0400000000 8.7000000000 
H 8.9900000000 6.3700000000 9.1500000000 
O 3.5700000000 0.7400000000 8.2200000000 
H 3.8300000000 0.7400000000 7.2500000000 
H 4.3100000000 1.3200000000 8.6200000000 
O 6.0700000000 5.2500000000 7.9200000000 
H 6.2900000000 4.4100000000 7.4200000000 
H 7.0200000000 5.5400000000 8.1200000000 
O 6.6700000000 9.3500000000 8.1900000000 
H 7.6000000000 9.0900000000 7.8900000000 
H 6.1600000000 9.6400000000 7.4000000000 
O 3.6000000000 9.5400000000 1.0200000000 
H 3.3700000000 0.1100000000 0.1400000000 
H 3.6200000000 8.6100000000 0.7200000000 
O 4.6000000000 0.9300000000 3.4100000000 
H 4.5500000000 0.3000000000 2.6200000000 
H 5.2200000000 1.6900000000 3.0000000000 
O 2.3200000000 4.7200000000 6.7500000000 
H 2.2800000000 5.6100000000 7.1100000000 
H 2.6800000000 4.6800000000 5.8300000000 

