&CONTROL
/
&SYSTEM
   ntyp             = 2
   nat              = 96
   ibrav            = 0
/
&ELECTRONS
/
&IONS
/
&CELL
/

ATOMIC_SPECIES
O 15.999 None
H 1.008 None

K_POINTS gamma

CELL_PARAMETERS angstrom
9.86520000000000 0.00000000000000 0.00000000000000
0.00000000000000 9.86520000000000 0.00000000000000
0.00000000000000 0.00000000000000 9.86520000000000

ATOMIC_POSITIONS angstrom
O 2.8000000000 7.1900000000 7.5700000000 
H 3.5400000000 7.2600000000 6.9400000000 
H 1.9700000000 7.3800000000 7.0200000000 
O 1.6700000000 3.9100000000 2.5500000000 
H 1.6200000000 4.2700000000 1.6400000000 
H 1.5200000000 4.7500000000 3.0300000000 
O 5.3400000000 8.4900000000 1.6900000000 
H 6.0400000000 8.5500000000 0.9900000000 
H 4.9300000000 7.6300000000 1.4800000000 
O 3.6400000000 0.5000000000 3.1700000000 
H 3.1400000000 9.5400000000 3.3900000000 
H 4.1700000000 0.2500000000 2.3900000000 
O 0.3500000000 7.4600000000 6.2900000000 
H 9.4900000000 6.8300000000 6.1100000000 
H 9.8000000000 8.2200000000 5.8700000000 
O 1.4200000000 3.1100000000 9.4100000000 
H 2.2500000000 2.5800000000 9.4400000000 
H 0.8200000000 2.4100000000 9.1000000000 
O 9.3300000000 9.6400000000 4.9400000000 
H 8.4100000000 9.7900000000 4.6600000000 
H 9.8000000000 0.1800000000 4.1300000000 
O 2.7000000000 7.7900000000 3.2300000000 
H 1.8300000000 7.2200000000 3.3400000000 
H 3.0200000000 7.5600000000 2.3700000000 
O 7.6100000000 3.2800000000 7.2400000000 
H 8.0700000000 2.9200000000 6.4200000000 
H 6.8700000000 3.7900000000 6.9100000000 
O 7.9900000000 2.5600000000 4.4200000000 
H 7.4000000000 1.7700000000 4.1900000000 
H 8.8000000000 2.3400000000 3.8300000000 
O 0.3400000000 6.3800000000 2.8500000000 
H 9.6300000000 5.9200000000 3.5100000000 
H 9.5700000000 6.4800000000 2.1500000000 
O 3.5300000000 6.5300000000 0.4300000000 
H 3.7200000000 5.6000000000 0.4600000000 
H 3.4100000000 6.8200000000 9.3600000000 
O 8.3000000000 2.4500000000 9.7400000000 
H 8.3200000000 2.9500000000 8.8900000000 
H 7.6000000000 2.9900000000 0.3300000000 
O 7.1400000000 6.1500000000 1.3300000000 
H 6.6100000000 5.3700000000 0.9700000000 
H 7.3500000000 6.6700000000 0.4700000000 
O 4.0900000000 3.0800000000 1.9500000000 
H 3.3000000000 3.4900000000 2.3000000000 
H 4.0500000000 2.3400000000 2.5800000000 
O 6.6600000000 6.8100000000 4.2100000000 
H 7.5200000000 6.4600000000 4.3600000000 
H 6.5100000000 6.6900000000 3.2300000000 
O 3.5700000000 4.5500000000 5.5600000000 
H 4.4300000000 4.9300000000 5.7600000000 
H 3.9100000000 3.6400000000 5.5500000000 
O 4.4900000000 2.4300000000 8.4300000000 
H 4.4800000000 2.6700000000 7.4900000000 
H 4.5000000000 1.4200000000 8.4100000000 
O 6.0900000000 5.4700000000 6.5800000000 
H 6.3400000000 5.7600000000 7.4800000000 
H 6.6200000000 6.0700000000 6.1400000000 
O 4.1300000000 1.8700000000 5.5500000000 
H 4.1000000000 1.4800000000 4.6100000000 
H 3.3300000000 1.5300000000 5.9500000000 
O 8.7400000000 5.2800000000 5.0400000000 
H 8.2200000000 4.4600000000 4.6800000000 
H 9.5100000000 4.8500000000 5.5900000000 
O 4.6200000000 8.1100000000 5.2900000000 
H 5.3300000000 7.6300000000 4.8800000000 
H 3.9300000000 8.1800000000 4.6900000000 
O 0.3100000000 0.3700000000 0.4500000000 
H 9.3800000000 0.8900000000 0.2600000000 
H 9.8200000000 9.4400000000 0.1500000000 
O 1.4500000000 1.3200000000 6.2000000000 
H 0.6900000000 0.8700000000 5.7300000000 
H 1.2400000000 2.2600000000 6.3400000000 
O 6.8500000000 9.6600000000 9.3000000000 
H 7.3200000000 0.6800000000 9.2700000000 
H 6.0600000000 9.6900000000 8.6800000000 
O 0.3100000000 7.4200000000 9.3700000000 
H 1.1500000000 7.7800000000 8.9300000000 
H 0.5100000000 6.4900000000 9.6800000000 
O 7.4600000000 7.1900000000 8.3900000000 
H 8.4400000000 7.2900000000 8.3600000000 
H 7.1600000000 8.1000000000 8.7500000000 
O 4.6200000000 9.5600000000 7.9200000000 
H 3.8500000000 8.9700000000 8.1800000000 
H 4.8500000000 9.1900000000 6.9400000000 
O 0.3900000000 1.5900000000 2.9500000000 
H 0.6700000000 1.2300000000 2.0800000000 
H 1.0100000000 2.3900000000 2.9200000000 
O 6.0800000000 3.8900000000 0.3000000000 
H 5.6500000000 3.2600000000 9.5100000000 
H 5.6600000000 3.5900000000 1.1000000000 
O 6.4600000000 0.3600000000 3.9900000000 
H 6.1600000000 9.7600000000 3.1900000000 
H 5.7000000000 0.1200000000 4.6100000000 
O 0.9800000000 4.2900000000 6.4200000000 
H 1.4300000000 4.3600000000 7.3000000000 
H 1.7700000000 4.5900000000 5.9100000000 

