&CONTROL
/
&SYSTEM
   ntyp             = 2
   nat              = 96
   ibrav            = 0
/
&ELECTRONS
/
&IONS
/
&CELL
/

ATOMIC_SPECIES
O 15.999 None
H 1.008 None

K_POINTS gamma

CELL_PARAMETERS angstrom
9.86520000000000 0.00000000000000 0.00000000000000
0.00000000000000 9.86520000000000 0.00000000000000
0.00000000000000 0.00000000000000 9.86520000000000

ATOMIC_POSITIONS angstrom
O 1.5000000000 0.8600000000 4.4600000000 
H 1.6500000000 0.1300000000 5.1100000000 
H 0.9900000000 1.3900000000 5.1000000000 
O 4.3700000000 6.8200000000 4.3200000000 
H 3.9600000000 7.1200000000 5.1300000000 
H 3.6700000000 7.1100000000 3.7400000000 
O 7.2800000000 1.3500000000 4.6000000000 
H 6.8900000000 1.7400000000 5.4600000000 
H 6.5800000000 0.7900000000 4.1900000000 
O 5.7800000000 9.2000000000 7.4300000000 
H 5.1700000000 8.5100000000 7.7500000000 
H 6.5900000000 8.6800000000 7.1100000000 
O 1.4800000000 4.5800000000 5.2200000000 
H 0.8300000000 4.7000000000 4.4700000000 
H 2.3500000000 4.2700000000 4.7900000000 
O 6.3200000000 1.5100000000 9.2200000000 
H 5.9700000000 0.7700000000 8.6900000000 
H 5.9000000000 2.1800000000 8.7300000000 
O 4.5900000000 0.5100000000 3.1500000000 
H 4.8900000000 1.1800000000 2.5100000000 
H 3.7500000000 0.3200000000 2.7500000000 
O 6.9300000000 9.4500000000 1.6300000000 
H 6.1700000000 9.5900000000 2.3100000000 
H 6.8100000000 0.2600000000 0.9400000000 
O 3.2500000000 4.3200000000 1.0300000000 
H 3.4900000000 5.1500000000 0.5300000000 
H 3.5900000000 3.5900000000 0.4300000000 
O 2.4600000000 8.4900000000 3.0100000000 
H 1.5200000000 8.3800000000 2.6500000000 
H 2.2300000000 9.3500000000 3.5300000000 
O 9.5700000000 8.4200000000 2.2300000000 
H 9.6200000000 7.5500000000 1.7200000000 
H 8.6100000000 8.7100000000 2.0800000000 
O 0.5400000000 5.8900000000 8.5000000000 
H 1.3800000000 5.6000000000 8.1300000000 
H 0.4700000000 5.6500000000 9.4800000000 
O 9.1100000000 4.4100000000 3.3400000000 
H 8.2400000000 4.7100000000 3.7500000000 
H 9.0800000000 3.4600000000 3.3800000000 
O 1.7400000000 8.9300000000 6.5500000000 
H 1.6800000000 9.2700000000 7.4400000000 
H 2.0500000000 7.9500000000 6.6800000000 
O 4.3300000000 1.3300000000 6.2600000000 
H 4.0400000000 1.2000000000 5.3900000000 
H 4.7500000000 0.4800000000 6.5700000000 
O 2.3500000000 1.7300000000 1.6600000000 
H 2.3200000000 2.6900000000 1.4300000000 
H 1.8300000000 1.6600000000 2.4800000000 
O 5.5500000000 2.4300000000 1.6200000000 
H 5.9900000000 2.1200000000 0.7400000000 
H 5.8300000000 3.3600000000 1.8200000000 
O 0.2800000000 2.3200000000 6.4000000000 
H 0.5600000000 2.3700000000 7.3700000000 
H 0.7700000000 3.0000000000 5.9100000000 
O 3.0000000000 6.3200000000 6.7700000000 
H 2.6600000000 5.6100000000 6.1300000000 
H 3.8200000000 5.8400000000 7.1900000000 
O 8.5500000000 8.9800000000 6.5500000000 
H 8.3900000000 0.0900000000 6.6200000000 
H 9.5000000000 8.8800000000 6.2700000000 
O 0.5200000000 5.5900000000 1.3000000000 
H 9.7900000000 5.0800000000 1.8400000000 
H 1.4300000000 5.3300000000 1.5100000000 
O 9.1500000000 1.7800000000 2.5400000000 
H 8.5200000000 1.5600000000 3.2900000000 
H 0.0100000000 1.0800000000 2.5900000000 
O 8.1800000000 6.3100000000 7.1000000000 
H 9.0200000000 6.1300000000 7.5300000000 
H 8.3000000000 7.2700000000 7.0000000000 
O 5.6300000000 5.5000000000 7.4700000000 
H 6.2400000000 5.7200000000 6.7500000000 
H 6.2500000000 5.7700000000 8.1700000000 
O 3.4200000000 3.4300000000 3.7200000000 
H 3.9400000000 2.5700000000 3.6100000000 
H 3.5100000000 3.8200000000 2.8000000000 
O 6.2100000000 5.0300000000 3.2300000000 
H 6.1600000000 5.5000000000 2.3700000000 
H 5.4900000000 5.6300000000 3.7200000000 
O 3.7600000000 8.0400000000 0.5600000000 
H 3.2200000000 8.5800000000 9.8000000000 
H 3.2500000000 8.0400000000 1.4000000000 
O 4.0900000000 3.3400000000 8.3200000000 
H 4.0600000000 2.5500000000 7.6900000000 
H 4.7800000000 3.9400000000 7.8700000000 
O 9.2700000000 1.7200000000 9.6300000000 
H 9.2200000000 1.9100000000 0.7100000000 
H 8.3300000000 1.8200000000 9.3400000000 
O 1.6200000000 0.2200000000 9.0600000000 
H 1.9500000000 0.7100000000 9.8400000000 
H 0.6900000000 0.6300000000 9.0600000000 
O 7.5600000000 3.1100000000 7.2900000000 
H 7.8400000000 4.0400000000 7.2700000000 
H 8.4700000000 2.7000000000 7.1900000000 
O 6.2600000000 6.6800000000 0.8600000000 
H 6.8000000000 7.3600000000 1.1900000000 
H 5.4000000000 7.1500000000 0.6600000000 

