&CONTROL
/
&SYSTEM
   ntyp             = 2
   nat              = 96
   ibrav            = 0
/
&ELECTRONS
/
&IONS
/
&CELL
/

ATOMIC_SPECIES
O 15.999 None
H 1.008 None

K_POINTS gamma

CELL_PARAMETERS angstrom
9.86520000000000 0.00000000000000 0.00000000000000
0.00000000000000 9.86520000000000 0.00000000000000
0.00000000000000 0.00000000000000 9.86520000000000

ATOMIC_POSITIONS angstrom
O 2.5700000000 4.7600000000 9.1900000000 
H 2.0700000000 4.2700000000 8.5200000000 
H 2.0700000000 5.6100000000 9.2600000000 
O 5.5800000000 1.6100000000 2.5100000000 
H 6.1400000000 2.3600000000 2.1900000000 
H 4.8400000000 1.7900000000 1.8800000000 
O 7.3400000000 5.9300000000 6.5000000000 
H 6.9300000000 6.3200000000 5.7400000000 
H 6.5600000000 5.8300000000 7.1400000000 
O 1.2300000000 7.3000000000 0.2900000000 
H 0.2400000000 7.1800000000 0.3400000000 
H 1.5300000000 7.5300000000 1.1900000000 
O 8.7000000000 2.6100000000 4.4100000000 
H 7.9300000000 2.7200000000 3.7500000000 
H 9.2900000000 3.2700000000 3.9200000000 
O 5.5200000000 5.3800000000 2.5400000000 
H 6.1800000000 4.6500000000 2.6100000000 
H 5.9100000000 6.0500000000 1.9600000000 
O 6.1700000000 9.5800000000 6.8000000000 
H 5.7900000000 8.8300000000 6.2200000000 
H 5.5800000000 0.5200000000 6.5800000000 
O 8.2000000000 7.1500000000 3.3600000000 
H 8.2100000000 7.1100000000 2.4100000000 
H 7.3000000000 7.4100000000 3.5500000000 
O 8.7100000000 0.5000000000 6.0400000000 
H 8.7600000000 1.3900000000 5.7500000000 
H 7.8700000000 0.3500000000 6.4900000000 
O 3.5500000000 8.3200000000 2.6900000000 
H 3.7200000000 8.9000000000 1.9400000000 
H 2.9100000000 8.8200000000 3.2200000000 
O 4.1300000000 2.7100000000 0.4800000000 
H 3.4400000000 3.4000000000 0.1100000000 
H 4.9600000000 2.9500000000 9.8500000000 
O 0.0500000000 9.3200000000 8.2600000000 
H 9.5400000000 9.2600000000 7.3700000000 
H 0.9300000000 9.0700000000 8.1200000000 
O 1.1000000000 9.7900000000 3.4700000000 
H 0.7900000000 0.4800000000 4.2400000000 
H 0.7300000000 0.4100000000 2.7400000000 
O 3.0400000000 7.8000000000 5.5900000000 
H 2.7800000000 8.5500000000 6.2600000000 
H 2.1900000000 7.6200000000 5.2100000000 
O 7.4100000000 9.7300000000 9.1900000000 
H 6.9200000000 9.8400000000 8.3500000000 
H 8.3200000000 9.5500000000 8.8600000000 
O 2.9200000000 0.1300000000 0.2200000000 
H 3.1400000000 0.0700000000 9.1400000000 
H 3.2900000000 1.0600000000 0.4000000000 
O 5.4400000000 7.6000000000 4.5800000000 
H 5.0600000000 7.7600000000 3.6700000000 
H 4.6600000000 7.4100000000 5.0500000000 
O 5.0500000000 1.7600000000 5.3400000000 
H 5.1200000000 2.7200000000 5.5000000000 
H 5.2400000000 1.7400000000 4.4000000000 
O 0.3500000000 7.4500000000 5.0700000000 
H 9.4200000000 7.0100000000 4.6400000000 
H 0.2800000000 8.3500000000 4.6400000000 
O 7.4800000000 3.7100000000 1.9300000000 
H 8.4500000000 3.7600000000 1.8400000000 
H 7.2900000000 3.8500000000 0.8900000000 
O 1.5400000000 3.1100000000 7.3300000000 
H 1.5000000000 3.5300000000 6.4200000000 
H 0.6100000000 2.9000000000 7.5400000000 
O 2.6900000000 5.4400000000 2.7000000000 
H 2.7600000000 6.4400000000 2.7100000000 
H 3.6100000000 5.1300000000 2.4200000000 
O 4.5300000000 4.4500000000 5.4300000000 
H 4.6800000000 4.9700000000 4.6200000000 
H 3.5800000000 4.6100000000 5.5600000000 
O 5.0700000000 6.1100000000 8.5300000000 
H 4.6600000000 6.9300000000 8.7300000000 
H 4.2600000000 5.5800000000 8.5800000000 
O 8.1200000000 6.8700000000 0.5800000000 
H 7.9500000000 6.8500000000 9.4600000000 
H 7.3900000000 7.5300000000 0.8400000000 
O 6.4900000000 3.8400000000 9.2300000000 
H 5.9700000000 4.6600000000 8.9100000000 
H 7.1200000000 3.5500000000 8.4500000000 
O 2.9400000000 0.6600000000 7.1300000000 
H 3.5200000000 0.8200000000 6.3800000000 
H 2.4300000000 1.4700000000 7.2900000000 
O 1.6700000000 4.9200000000 5.2800000000 
H 1.2400000000 5.8400000000 5.2700000000 
H 1.9500000000 4.7800000000 4.3000000000 
O 8.4300000000 3.4100000000 7.2800000000 
H 8.2300000000 4.3800000000 7.1700000000 
H 8.4400000000 3.1500000000 6.3600000000 
O 0.4400000000 1.4800000000 0.4800000000 
H 9.5800000000 0.8200000000 0.2200000000 
H 1.2600000000 0.9100000000 0.4800000000 
O 0.4400000000 3.3400000000 2.4000000000 
H 0.4600000000 2.8200000000 1.5300000000 
H 1.1300000000 3.9400000000 2.2800000000 
O 6.2100000000 8.8400000000 1.4800000000 
H 5.8800000000 9.6500000000 2.0200000000 
H 6.6900000000 9.2800000000 0.6600000000 

