&CONTROL
/
&SYSTEM
   ntyp             = 2
   nat              = 96
   ibrav            = 0
/
&ELECTRONS
/
&IONS
/
&CELL
/

ATOMIC_SPECIES
O 15.999 None
H 1.008 None

K_POINTS gamma

CELL_PARAMETERS angstrom
9.86520000000000 0.00000000000000 0.00000000000000
0.00000000000000 9.86520000000000 0.00000000000000
0.00000000000000 0.00000000000000 9.86520000000000

ATOMIC_POSITIONS angstrom
O 9.6100000000 5.2700000000 6.4300000000 
H 0.1200000000 4.4200000000 6.6900000000 
H 0.5800000000 5.8600000000 6.5500000000 
O 9.2400000000 7.2300000000 4.6600000000 
H 9.2900000000 6.3400000000 5.1800000000 
H 0.3400000000 7.4600000000 4.6100000000 
O 0.5900000000 2.3900000000 9.5400000000 
H 1.5100000000 2.4100000000 9.8600000000 
H 0.1800000000 1.9100000000 0.4400000000 
O 7.5700000000 4.2000000000 2.4300000000 
H 7.1600000000 4.1100000000 3.3400000000 
H 7.2400000000 5.0800000000 2.0700000000 
O 6.2400000000 4.1700000000 5.1000000000 
H 6.4700000000 4.3400000000 6.0600000000 
H 6.6100000000 3.2700000000 5.0400000000 
O 6.6900000000 9.1400000000 1.9800000000 
H 6.7700000000 8.6800000000 2.8100000000 
H 7.7000000000 9.4400000000 1.8100000000 
O 0.4900000000 3.2900000000 2.6900000000 
H 0.9300000000 4.2000000000 2.5700000000 
H 9.3700000000 3.5600000000 2.7000000000 
O 9.4800000000 8.1800000000 9.0300000000 
H 9.6200000000 7.2300000000 9.2100000000 
H 0.3500000000 8.4400000000 8.3300000000 
O 6.4800000000 6.4000000000 0.6400000000 
H 6.2900000000 7.3400000000 0.8000000000 
H 7.1700000000 6.3900000000 9.7900000000 
O 6.6400000000 0.2400000000 9.2700000000 
H 6.4700000000 0.0400000000 0.3500000000 
H 6.9900000000 1.1700000000 9.2900000000 
O 3.3000000000 2.4700000000 0.3100000000 
H 4.1000000000 2.1400000000 0.7300000000 
H 3.5800000000 2.6800000000 9.2100000000 
O 7.3300000000 1.6200000000 4.3500000000 
H 7.5100000000 0.7900000000 4.9900000000 
H 8.2200000000 1.6400000000 3.9500000000 
O 9.2200000000 0.0800000000 1.4500000000 
H 9.8000000000 9.4000000000 2.0100000000 
H 9.2500000000 9.5700000000 0.5500000000 
O 1.2200000000 0.7200000000 3.5100000000 
H 1.7900000000 0.9900000000 4.2200000000 
H 0.9600000000 1.5600000000 3.0500000000 
O 6.8700000000 8.3200000000 4.5600000000 
H 7.1800000000 8.9300000000 5.2800000000 
H 7.6500000000 7.7000000000 4.7000000000 
O 4.3000000000 5.9000000000 4.4100000000 
H 5.0100000000 5.3300000000 4.7100000000 
H 3.7700000000 5.4100000000 3.8100000000 
O 7.7900000000 9.8300000000 6.6300000000 
H 7.7000000000 9.5400000000 7.5500000000 
H 8.5600000000 0.5600000000 6.7200000000 
O 1.9200000000 9.3500000000 7.8000000000 
H 2.6500000000 9.0100000000 8.4400000000 
H 2.3700000000 0.0200000000 7.1200000000 
O 4.3200000000 9.1900000000 5.1100000000 
H 5.1400000000 8.8400000000 4.6800000000 
H 4.5200000000 9.0300000000 6.0500000000 
O 7.4400000000 7.0600000000 7.5100000000 
H 7.5800000000 6.8000000000 6.5400000000 
H 8.1400000000 7.6500000000 7.7100000000 
O 1.4200000000 5.5800000000 1.9300000000 
H 1.6200000000 6.4400000000 2.5000000000 
H 2.1400000000 5.6400000000 1.2300000000 
O 2.6200000000 1.2900000000 5.9000000000 
H 3.1700000000 1.9000000000 6.5400000000 
H 3.2900000000 0.6300000000 5.4300000000 
O 2.4200000000 7.7300000000 3.3500000000 
H 2.3100000000 8.7300000000 3.2900000000 
H 3.2900000000 7.6600000000 3.7800000000 
O 9.3400000000 5.5400000000 9.7900000000 
H 9.3100000000 4.6300000000 9.4700000000 
H 0.0000000000 5.4600000000 0.7700000000 
O 3.6300000000 5.3400000000 0.4600000000 
H 3.4800000000 4.3600000000 0.4200000000 
H 4.5800000000 5.2800000000 0.6700000000 
O 0.3300000000 2.6100000000 6.6100000000 
H 0.6400000000 2.4400000000 7.5400000000 
H 0.8700000000 1.9000000000 6.1800000000 
O 4.0800000000 3.1700000000 7.5900000000 
H 3.8800000000 4.0700000000 7.4200000000 
H 5.1000000000 3.2600000000 7.5800000000 
O 6.4600000000 4.3300000000 7.7400000000 
H 6.7800000000 5.2400000000 7.7100000000 
H 6.9600000000 3.9700000000 8.4700000000 
O 4.6100000000 8.2500000000 7.7300000000 
H 5.0400000000 8.8900000000 8.3500000000 
H 5.1800000000 7.4600000000 7.8500000000 
O 7.4500000000 2.8400000000 0.0000000000 
H 8.4400000000 2.6400000000 9.8000000000 
H 7.3100000000 3.0800000000 0.9600000000 
O 5.5100000000 1.7000000000 1.9400000000 
H 6.0900000000 1.8900000000 2.7300000000 
H 5.7400000000 0.7500000000 1.8400000000 
O 2.0100000000 6.7300000000 6.4200000000 
H 2.2900000000 7.5800000000 6.6600000000 
H 2.7500000000 6.3800000000 5.8800000000 

