&CONTROL
/
&SYSTEM
   ntyp             = 2
   nat              = 96
   ibrav            = 0
/
&ELECTRONS
/
&IONS
/
&CELL
/

ATOMIC_SPECIES
O 15.999 None
H 1.008 None

K_POINTS gamma

CELL_PARAMETERS angstrom
9.86520000000000 0.00000000000000 0.00000000000000
0.00000000000000 9.86520000000000 0.00000000000000
0.00000000000000 0.00000000000000 9.86520000000000

ATOMIC_POSITIONS angstrom
O 3.4600000000 3.2700000000 0.3800000000 
H 3.3500000000 3.5300000000 9.2900000000 
H 2.7000000000 3.7900000000 0.7600000000 
O 8.5700000000 1.4800000000 1.9200000000 
H 8.6400000000 1.4800000000 0.9000000000 
H 8.5300000000 2.4400000000 2.1400000000 
O 6.7500000000 3.9500000000 5.4300000000 
H 6.1900000000 4.0300000000 4.6200000000 
H 7.6400000000 3.9100000000 5.0800000000 
O 3.8300000000 7.1500000000 0.0900000000 
H 3.5600000000 8.0100000000 9.4900000000 
H 3.7000000000 6.3900000000 9.3000000000 
O 7.2900000000 0.9600000000 4.4400000000 
H 7.7800000000 0.6700000000 3.6000000000 
H 6.7700000000 1.6600000000 3.9700000000 
O 4.4700000000 6.6100000000 2.8400000000 
H 5.3100000000 6.9000000000 2.4700000000 
H 3.9600000000 6.8200000000 1.9800000000 
O 5.3300000000 8.5400000000 5.2700000000 
H 4.9100000000 8.1100000000 4.4800000000 
H 5.4200000000 9.4800000000 4.9400000000 
O 8.2400000000 4.2900000000 2.7700000000 
H 7.5100000000 4.2500000000 2.0600000000 
H 8.4900000000 5.2600000000 2.6000000000 
O 8.4100000000 8.3500000000 5.2600000000 
H 7.6400000000 8.9400000000 5.2200000000 
H 8.0500000000 7.7000000000 5.9200000000 
O 1.8100000000 0.5900000000 4.7600000000 
H 1.9800000000 9.5600000000 4.4400000000 
H 1.6200000000 0.9300000000 3.8800000000 
O 6.0300000000 4.0600000000 0.7600000000 
H 5.0700000000 3.8600000000 0.4100000000 
H 6.4800000000 4.3900000000 9.8000000000 
O 9.3500000000 1.9900000000 9.0900000000 
H 8.4600000000 1.8800000000 8.6200000000 
H 0.2000000000 1.8300000000 8.4500000000 
O 8.3200000000 6.9200000000 2.3800000000 
H 7.4300000000 7.3700000000 2.2300000000 
H 8.7800000000 7.4000000000 3.1100000000 
O 2.2900000000 9.4100000000 9.3500000000 
H 2.0100000000 9.7800000000 8.4800000000 
H 1.4300000000 9.0300000000 9.7000000000 
O 6.3600000000 9.6600000000 9.2000000000 
H 6.7900000000 0.5200000000 8.6900000000 
H 5.7700000000 0.1800000000 9.8300000000 
O 4.2900000000 0.4100000000 0.9000000000 
H 3.5300000000 9.8000000000 0.4600000000 
H 3.8500000000 1.2800000000 1.1100000000 
O 2.3800000000 7.7800000000 4.2700000000 
H 1.6900000000 7.2800000000 3.8300000000 
H 3.2700000000 7.3500000000 3.8600000000 
O 4.6000000000 1.3500000000 5.1300000000 
H 5.0000000000 2.1100000000 4.6500000000 
H 3.6600000000 1.5100000000 5.1300000000 
O 0.9500000000 7.8800000000 6.7800000000 
H 0.2300000000 8.4400000000 6.3300000000 
H 1.5500000000 7.7300000000 5.9800000000 
O 9.2300000000 4.5800000000 9.7000000000 
H 9.2900000000 3.6300000000 9.5500000000 
H 8.4500000000 4.8300000000 9.1500000000 
O 2.2600000000 5.5800000000 8.1400000000 
H 1.9400000000 5.0800000000 7.3500000000 
H 1.8000000000 6.4100000000 8.0200000000 
O 1.6100000000 5.3600000000 1.3200000000 
H 0.7400000000 5.1000000000 0.9500000000 
H 1.9100000000 6.0200000000 0.6900000000 
O 5.3000000000 3.3100000000 3.3200000000 
H 5.4400000000 3.4700000000 2.3700000000 
H 4.5800000000 3.9100000000 3.5400000000 
O 6.1800000000 7.5600000000 7.5900000000 
H 5.7700000000 7.9500000000 6.7300000000 
H 6.2500000000 8.3800000000 8.1800000000 
O 0.2300000000 8.2900000000 0.6700000000 
H 9.3300000000 8.1100000000 0.0800000000 
H 9.7300000000 7.7800000000 1.3400000000 
O 7.0000000000 4.9800000000 8.1900000000 
H 6.5300000000 5.9100000000 8.1300000000 
H 6.9700000000 4.6000000000 7.2500000000 
O 1.4800000000 1.4900000000 7.3200000000 
H 1.6600000000 1.1000000000 6.4700000000 
H 1.4600000000 2.5700000000 7.0700000000 
O 1.2100000000 4.1400000000 6.2100000000 
H 0.3800000000 4.2700000000 5.7000000000 
H 1.8300000000 4.1500000000 5.4100000000 
O 6.9000000000 1.6700000000 7.4000000000 
H 6.9500000000 1.2700000000 6.5000000000 
H 6.3400000000 2.4200000000 7.2200000000 
O 1.4000000000 1.6000000000 2.3600000000 
H 0.5400000000 1.6100000000 1.8800000000 
H 1.9800000000 1.6600000000 1.5400000000 
O 2.1200000000 3.9300000000 3.6600000000 
H 1.7500000000 3.0300000000 3.3700000000 
H 1.8700000000 4.5600000000 2.9300000000 
O 6.2200000000 8.6400000000 1.9300000000 
H 6.6100000000 8.7500000000 1.0500000000 
H 5.5000000000 9.3100000000 1.9900000000 

