&CONTROL
/
&SYSTEM
   ntyp             = 2
   nat              = 96
   ibrav            = 0
/
&ELECTRONS
/
&IONS
/
&CELL
/

ATOMIC_SPECIES
O 15.999 None
H 1.008 None

K_POINTS gamma

CELL_PARAMETERS angstrom
9.86520000000000 0.00000000000000 0.00000000000000
0.00000000000000 9.86520000000000 0.00000000000000
0.00000000000000 0.00000000000000 9.86520000000000

ATOMIC_POSITIONS angstrom
O 0.7000000000 6.2200000000 4.6200000000 
H 1.5500000000 5.7000000000 4.3500000000 
H 1.1900000000 7.0100000000 4.8300000000 
O 5.9200000000 7.4200000000 9.7600000000 
H 6.3900000000 8.0400000000 0.5000000000 
H 6.5800000000 7.1700000000 9.0800000000 
O 4.7300000000 5.4900000000 1.7500000000 
H 5.2600000000 5.9100000000 2.4600000000 
H 4.9500000000 6.1300000000 1.0500000000 
O 8.3700000000 8.3900000000 2.5300000000 
H 7.4700000000 8.1100000000 2.8600000000 
H 8.5500000000 9.3000000000 2.9300000000 
O 8.1700000000 5.2300000000 2.4900000000 
H 8.5700000000 6.0100000000 2.9800000000 
H 7.6300000000 5.0000000000 3.2700000000 
O 5.9700000000 7.5600000000 3.8500000000 
H 5.6400000000 7.7400000000 4.7600000000 
H 5.2300000000 7.8300000000 3.2100000000 
O 1.8500000000 0.5200000000 4.0000000000 
H 2.2300000000 1.0900000000 4.7100000000 
H 2.0900000000 9.4500000000 4.3500000000 
O 9.2600000000 9.2300000000 6.6900000000 
H 8.7100000000 8.3800000000 6.7400000000 
H 0.1300000000 8.9400000000 7.2900000000 
O 2.7200000000 1.4200000000 8.8100000000 
H 3.5900000000 1.0000000000 8.8100000000 
H 2.5500000000 1.4700000000 9.7400000000 
O 0.8700000000 8.6100000000 0.6700000000 
H 0.2300000000 8.5400000000 1.4500000000 
H 1.3100000000 9.5300000000 0.6900000000 
O 5.6100000000 9.6000000000 1.8500000000 
H 4.6500000000 9.8000000000 1.7500000000 
H 6.0300000000 0.5800000000 1.9500000000 
O 3.3600000000 6.1000000000 8.1300000000 
H 4.1300000000 5.6000000000 8.0000000000 
H 2.8600000000 5.4900000000 8.6900000000 
O 7.3700000000 7.0600000000 7.3700000000 
H 7.4600000000 6.4000000000 6.6400000000 
H 7.9100000000 6.6300000000 8.1300000000 
O 0.4100000000 3.5000000000 2.4400000000 
H 1.1300000000 3.9400000000 2.9500000000 
H 9.5600000000 4.2300000000 2.5200000000 
O 4.9500000000 7.9800000000 6.5900000000 
H 5.8200000000 7.9200000000 7.0100000000 
H 4.4300000000 7.5200000000 7.2800000000 
O 4.6000000000 3.3800000000 4.9400000000 
H 4.9900000000 3.9200000000 5.6600000000 
H 5.4500000000 2.9500000000 4.5900000000 
O 8.1500000000 1.3300000000 8.2400000000 
H 8.7900000000 2.0200000000 8.0600000000 
H 8.3800000000 0.6600000000 7.5500000000 
O 0.8800000000 7.5500000000 8.1300000000 
H 1.6900000000 7.0400000000 8.0900000000 
H 0.9300000000 7.9900000000 9.0600000000 
O 9.1300000000 0.5700000000 4.3100000000 
H 0.2000000000 0.6400000000 4.1700000000 
H 9.0900000000 0.1200000000 5.2200000000 
O 7.2900000000 2.7700000000 4.6600000000 
H 7.8500000000 1.9700000000 4.4600000000 
H 7.9200000000 3.2000000000 5.3400000000 
O 2.7100000000 4.7700000000 3.3600000000 
H 3.1700000000 5.0500000000 2.5700000000 
H 3.3800000000 4.1000000000 3.7600000000 
O 8.5500000000 6.1800000000 9.5600000000 
H 8.4700000000 5.8100000000 0.6700000000 
H 9.3100000000 6.7600000000 9.5100000000 
O 2.0300000000 1.5600000000 1.4600000000 
H 2.1500000000 1.2100000000 2.4100000000 
H 1.3300000000 2.3100000000 1.6600000000 
O 0.1100000000 3.3300000000 7.4200000000 
H 0.8000000000 2.9400000000 6.7700000000 
H 0.7400000000 3.8100000000 7.9900000000 
O 5.3700000000 4.5700000000 7.6300000000 
H 5.4900000000 3.6800000000 7.9300000000 
H 6.0900000000 5.1000000000 8.0500000000 
O 1.8900000000 4.1600000000 9.2700000000 
H 1.6800000000 4.0700000000 0.3300000000 
H 2.3800000000 3.3100000000 9.0600000000 
O 2.2700000000 2.0200000000 6.1500000000 
H 3.1000000000 2.5300000000 5.8900000000 
H 2.4900000000 1.8200000000 7.0500000000 
O 5.5400000000 2.0400000000 8.5400000000 
H 6.4100000000 1.6400000000 8.4100000000 
H 5.7000000000 2.4200000000 9.4900000000 
O 2.4000000000 8.2800000000 5.6300000000 
H 3.3600000000 8.3300000000 5.7800000000 
H 2.1700000000 7.9300000000 6.4800000000 
O 7.6700000000 1.7400000000 1.5400000000 
H 8.1100000000 1.3100000000 0.8100000000 
H 8.3900000000 2.1500000000 1.9400000000 
O 5.3700000000 3.0600000000 1.1600000000 
H 6.1500000000 2.7800000000 1.6000000000 
H 5.1600000000 3.9600000000 1.3800000000 
O 8.4500000000 5.0300000000 5.9600000000 
H 8.9900000000 5.7400000000 5.5200000000 
H 9.1100000000 4.5100000000 6.3800000000 

