&CONTROL
/
&SYSTEM
   ntyp             = 2
   nat              = 96
   ibrav            = 0
/
&ELECTRONS
/
&IONS
/
&CELL
/

ATOMIC_SPECIES
O 15.999 None
H 1.008 None

K_POINTS gamma

CELL_PARAMETERS angstrom
9.86520000000000 0.00000000000000 0.00000000000000
0.00000000000000 9.86520000000000 0.00000000000000
0.00000000000000 0.00000000000000 9.86520000000000

ATOMIC_POSITIONS angstrom
O 9.6300000000 4.1800000000 1.3900000000 
H 0.5700000000 3.9400000000 1.8700000000 
H 9.3200000000 3.2900000000 1.1200000000 
O 5.4400000000 9.0600000000 3.3800000000 
H 4.5500000000 8.6600000000 3.2500000000 
H 5.2000000000 0.0300000000 3.7100000000 
O 1.5800000000 2.4200000000 8.3500000000 
H 1.2300000000 3.2300000000 8.1300000000 
H 2.5400000000 2.7000000000 8.4400000000 
O 4.0600000000 3.6000000000 8.2500000000 
H 4.3900000000 4.4500000000 7.7600000000 
H 4.3800000000 2.9900000000 7.6100000000 
O 5.8300000000 4.3100000000 0.4400000000 
H 5.2500000000 4.0300000000 9.5500000000 
H 5.7800000000 5.3400000000 0.2900000000 
O 4.6800000000 6.7900000000 9.8600000000 
H 3.9700000000 6.2400000000 0.4000000000 
H 4.7800000000 7.5900000000 0.5100000000 
O 2.3400000000 2.4700000000 1.2900000000 
H 2.1000000000 2.2700000000 0.3900000000 
H 1.7900000000 1.8600000000 1.9000000000 
O 1.2600000000 8.4700000000 4.7400000000 
H 0.2800000000 8.3200000000 4.6500000000 
H 1.1400000000 9.0900000000 5.4700000000 
O 3.3700000000 7.3200000000 2.7600000000 
H 2.9800000000 6.6300000000 2.2300000000 
H 2.5900000000 7.6200000000 3.3200000000 
O 8.7500000000 1.3500000000 1.6000000000 
H 9.3900000000 0.6700000000 1.1900000000 
H 8.9600000000 1.1900000000 2.6000000000 
O 1.2700000000 1.2500000000 3.5600000000 
H 1.8600000000 1.7600000000 4.1900000000 
H 1.2200000000 0.3700000000 4.0800000000 
O 9.4600000000 6.7700000000 1.3100000000 
H 9.2700000000 5.8400000000 1.4300000000 
H 9.1100000000 7.0900000000 2.1300000000 
O 4.3200000000 1.5600000000 4.3700000000 
H 3.7600000000 2.3600000000 4.6100000000 
H 4.5800000000 1.8200000000 3.4300000000 
O 7.3700000000 5.3200000000 5.0200000000 
H 7.3900000000 4.3800000000 5.2600000000 
H 6.7600000000 5.3500000000 4.2500000000 
O 8.3000000000 8.0600000000 4.1000000000 
H 8.1600000000 7.1900000000 4.5200000000 
H 7.4000000000 8.4500000000 4.0500000000 
O 5.2800000000 5.3700000000 3.2500000000 
H 4.6200000000 6.1000000000 3.1400000000 
H 5.1800000000 4.9300000000 2.3800000000 
O 6.2500000000 9.6700000000 0.7100000000 
H 6.1400000000 9.2700000000 1.6000000000 
H 6.3100000000 0.7000000000 0.9800000000 
O 5.4700000000 1.0600000000 6.8600000000 
H 5.1700000000 0.1900000000 7.2000000000 
H 4.8800000000 1.1300000000 6.0600000000 
O 2.5300000000 3.8300000000 5.1100000000 
H 1.9400000000 3.9700000000 5.8900000000 
H 3.1300000000 4.5800000000 5.1500000000 
O 8.3600000000 2.3600000000 8.3800000000 
H 7.9200000000 2.4900000000 9.2300000000 
H 9.1700000000 2.8400000000 8.4500000000 
O 5.9700000000 2.2600000000 1.9600000000 
H 5.9100000000 3.1000000000 1.5400000000 
H 6.9400000000 1.9700000000 1.8800000000 
O 2.3500000000 5.3500000000 1.0300000000 
H 1.3300000000 5.2300000000 0.9700000000 
H 2.6900000000 4.5100000000 0.7300000000 
O 0.4800000000 4.8500000000 7.5000000000 
H 9.5400000000 5.3800000000 7.6300000000 
H 1.2300000000 5.3800000000 7.0000000000 
O 0.4100000000 0.3800000000 6.5400000000 
H 0.9100000000 0.9800000000 7.0700000000 
H 9.5500000000 0.3300000000 7.2300000000 
O 8.3000000000 6.5600000000 8.4200000000 
H 8.4900000000 7.4800000000 8.0700000000 
H 8.7300000000 6.5500000000 9.3100000000 
O 0.7000000000 9.1400000000 0.4100000000 
H 0.1100000000 9.2900000000 9.5300000000 
H 0.2400000000 8.3200000000 0.8600000000 
O 8.2700000000 9.4200000000 8.4500000000 
H 7.8900000000 0.3500000000 8.0000000000 
H 7.4900000000 9.1600000000 8.9900000000 
O 4.1600000000 8.3300000000 7.4400000000 
H 4.5200000000 7.6500000000 7.9600000000 
H 3.8300000000 8.9900000000 8.0400000000 
O 2.3600000000 6.5500000000 6.2800000000 
H 1.8300000000 7.0600000000 5.6300000000 
H 3.0900000000 7.1100000000 6.6200000000 
O 5.9500000000 5.4300000000 7.4600000000 
H 6.2200000000 5.7400000000 6.5400000000 
H 6.7700000000 5.7700000000 7.9200000000 
O 7.4500000000 2.6100000000 5.7600000000 
H 6.6200000000 2.0700000000 5.7600000000 
H 7.8700000000 2.2400000000 6.6000000000 
O 3.5600000000 0.1300000000 9.3600000000 
H 3.9700000000 0.8600000000 0.0000000000 
H 2.6500000000 0.1200000000 9.6100000000 

