&CONTROL
/
&SYSTEM
   ntyp             = 2
   nat              = 96
   ibrav            = 0
/
&ELECTRONS
/
&IONS
/
&CELL
/

ATOMIC_SPECIES
O 15.999 None
H 1.008 None

K_POINTS gamma

CELL_PARAMETERS angstrom
9.86520000000000 0.00000000000000 0.00000000000000
0.00000000000000 9.86520000000000 0.00000000000000
0.00000000000000 0.00000000000000 9.86520000000000

ATOMIC_POSITIONS angstrom
O 9.1000000000 7.2900000000 4.4800000000 
H 8.0900000000 7.3800000000 4.4700000000 
H 9.3200000000 6.3700000000 4.3500000000 
O 3.1000000000 0.4700000000 6.6500000000 
H 2.6700000000 1.3000000000 6.4100000000 
H 2.3700000000 9.7100000000 6.4100000000 
O 0.6000000000 0.3900000000 9.3000000000 
H 9.4200000000 0.3400000000 9.3500000000 
H 0.9200000000 9.3600000000 9.1300000000 
O 6.3300000000 7.7400000000 4.1000000000 
H 6.2600000000 8.3100000000 3.2900000000 
H 5.3700000000 7.6200000000 4.3700000000 
O 5.5600000000 1.7600000000 9.4100000000 
H 4.7900000000 1.2600000000 9.7900000000 
H 5.8300000000 1.0900000000 8.6800000000 
O 0.4400000000 1.8400000000 3.2800000000 
H 0.8200000000 2.4500000000 2.6000000000 
H 9.4800000000 1.6800000000 2.8500000000 
O 0.8100000000 3.3800000000 1.2500000000 
H 1.6000000000 4.0300000000 1.2300000000 
H 0.9100000000 3.0300000000 0.3600000000 
O 7.5900000000 1.1500000000 5.8800000000 
H 7.2700000000 0.6000000000 6.5800000000 
H 6.7200000000 1.5000000000 5.4100000000 
O 2.6900000000 5.5100000000 3.7500000000 
H 2.9400000000 6.3900000000 3.4100000000 
H 3.4900000000 5.0600000000 3.3800000000 
O 4.0600000000 3.3800000000 7.5500000000 
H 3.0400000000 3.4400000000 7.7200000000 
H 4.4200000000 2.8800000000 8.3300000000 
O 5.1500000000 5.3200000000 2.6000000000 
H 5.4900000000 5.9600000000 3.3300000000 
H 6.0200000000 4.8200000000 2.3900000000 
O 3.6000000000 4.3700000000 0.6100000000 
H 4.1700000000 3.7000000000 0.2800000000 
H 4.1100000000 4.8300000000 1.2200000000 
O 9.1900000000 4.4300000000 4.2400000000 
H 8.5800000000 4.5900000000 3.4900000000 
H 9.8000000000 3.7000000000 3.9100000000 
O 7.2200000000 4.5000000000 6.3500000000 
H 6.5800000000 3.8600000000 6.0600000000 
H 8.0700000000 4.1700000000 6.0100000000 
O 7.0400000000 4.3100000000 9.2400000000 
H 7.0600000000 4.3300000000 8.2600000000 
H 6.7400000000 3.4100000000 9.4100000000 
O 5.6800000000 9.5900000000 7.5400000000 
H 5.4700000000 8.6100000000 7.6200000000 
H 4.8200000000 9.8200000000 7.0700000000 
O 4.6500000000 6.5000000000 7.2000000000 
H 5.3700000000 5.8700000000 7.4700000000 
H 4.0000000000 5.9000000000 6.6800000000 
O 5.1600000000 2.3200000000 5.0500000000 
H 4.4900000000 2.3100000000 5.8000000000 
H 4.6400000000 1.9700000000 4.2500000000 
O 1.2400000000 6.0800000000 6.2800000000 
H 0.4500000000 6.6000000000 6.0400000000 
H 1.4600000000 5.5700000000 5.4500000000 
O 3.3100000000 0.4700000000 0.3400000000 
H 3.6200000000 9.4300000000 0.4000000000 
H 2.4800000000 0.3700000000 9.6400000000 
O 0.5100000000 1.9800000000 5.9900000000 
H 9.5400000000 1.3800000000 5.9200000000 
H 0.7100000000 2.2500000000 5.0700000000 
O 3.6600000000 8.3800000000 3.5100000000 
H 3.9400000000 9.2900000000 3.3100000000 
H 2.7600000000 8.6700000000 3.7700000000 
O 9.2200000000 6.5000000000 0.1400000000 
H 9.4500000000 6.2400000000 1.0700000000 
H 8.6800000000 5.7700000000 9.6600000000 
O 1.1800000000 9.1100000000 4.3700000000 
H 0.4000000000 8.4700000000 4.3600000000 
H 0.7100000000 0.0100000000 4.0100000000 
O 7.6900000000 1.6600000000 2.5000000000 
H 7.3800000000 1.1300000000 1.7500000000 
H 7.2100000000 1.3200000000 3.3000000000 
O 1.9700000000 7.6200000000 8.5500000000 
H 1.3000000000 7.0500000000 8.9400000000 
H 2.1200000000 7.0800000000 7.7700000000 
O 7.9000000000 9.1200000000 9.3300000000 
H 7.2100000000 9.0200000000 8.6600000000 
H 8.4200000000 8.2600000000 9.3300000000 
O 7.6500000000 4.3800000000 2.0500000000 
H 7.7200000000 3.4000000000 2.3300000000 
H 7.7200000000 4.3000000000 1.0700000000 
O 6.2900000000 9.0600000000 1.7300000000 
H 7.1500000000 8.8700000000 1.2500000000 
H 5.6400000000 8.6700000000 1.1300000000 
O 3.4300000000 1.5800000000 2.9600000000 
H 3.7200000000 1.3600000000 2.0500000000 
H 2.4300000000 1.6000000000 2.8600000000 
O 1.2100000000 3.6600000000 8.0400000000 
H 0.8000000000 2.9300000000 7.4900000000 
H 1.0100000000 4.4700000000 7.6100000000 
O 4.3700000000 7.8500000000 0.0200000000 
H 3.4700000000 7.8500000000 9.5800000000 
H 4.7200000000 7.0500000000 9.4300000000 

