&CONTROL
/
&SYSTEM
   ntyp             = 2
   nat              = 96
   ibrav            = 0
/
&ELECTRONS
/
&IONS
/
&CELL
/

ATOMIC_SPECIES
O 15.999 None
H 1.008 None

K_POINTS gamma

CELL_PARAMETERS angstrom
9.86520000000000 0.00000000000000 0.00000000000000
0.00000000000000 9.86520000000000 0.00000000000000
0.00000000000000 0.00000000000000 9.86520000000000

ATOMIC_POSITIONS angstrom
O 9.7000000000 5.8100000000 3.1700000000 
H 0.1600000000 6.0000000000 4.0800000000 
H 0.4600000000 6.3100000000 2.6600000000 
O 4.6300000000 8.3200000000 2.1800000000 
H 4.3600000000 9.3000000000 2.2600000000 
H 5.5600000000 8.3300000000 1.9200000000 
O 7.4400000000 4.5400000000 2.1600000000 
H 8.1800000000 4.9800000000 2.5900000000 
H 7.8700000000 4.2200000000 1.3500000000 
O 7.6100000000 8.8100000000 2.2000000000 
H 8.2000000000 8.4200000000 2.9000000000 
H 7.4000000000 9.7400000000 2.4700000000 
O 0.7200000000 7.3400000000 0.2900000000 
H 0.8300000000 8.1800000000 9.6200000000 
H 1.4300000000 7.5700000000 0.9600000000 
O 6.2000000000 7.3100000000 5.3300000000 
H 6.3400000000 8.3300000000 5.3500000000 
H 6.4400000000 7.1200000000 4.4400000000 
O 3.5400000000 7.5300000000 5.5100000000 
H 3.5100000000 8.5400000000 5.3400000000 
H 4.3600000000 7.3000000000 5.0800000000 
O 7.3800000000 9.6400000000 8.2300000000 
H 7.3700000000 8.6900000000 8.4100000000 
H 8.1700000000 9.6300000000 7.6300000000 
O 0.0900000000 9.3000000000 7.3900000000 
H 0.0700000000 9.5800000000 6.4400000000 
H 0.8000000000 8.6400000000 7.5500000000 
O 2.0900000000 2.3800000000 6.2100000000 
H 2.5800000000 1.5800000000 5.9200000000 
H 1.2400000000 2.5700000000 5.6100000000 
O 2.5900000000 0.4700000000 9.6700000000 
H 2.7300000000 9.4500000000 9.1700000000 
H 3.4800000000 0.8200000000 9.5400000000 
O 4.6600000000 6.4300000000 9.6800000000 
H 5.4700000000 6.8700000000 9.7100000000 
H 4.6300000000 6.2400000000 0.7800000000 
O 7.3700000000 7.0300000000 0.1800000000 
H 7.7900000000 7.8000000000 0.6000000000 
H 7.5500000000 6.2900000000 0.7900000000 
O 2.4000000000 6.6300000000 2.3600000000 
H 2.7500000000 5.7300000000 2.3600000000 
H 3.2200000000 7.1200000000 2.3400000000 
O 2.7200000000 8.0600000000 8.2400000000 
H 3.0300000000 7.9100000000 7.2900000000 
H 3.3500000000 7.4400000000 8.7200000000 
O 5.3500000000 5.2400000000 7.3800000000 
H 5.3300000000 6.1600000000 7.0800000000 
H 4.9600000000 5.4000000000 8.2800000000 
O 5.1800000000 1.3400000000 8.9400000000 
H 5.6000000000 2.0600000000 8.4100000000 
H 5.8500000000 0.6000000000 8.9100000000 
O 0.9800000000 6.1700000000 5.5500000000 
H 1.1000000000 5.9900000000 6.5400000000 
H 1.8700000000 6.3700000000 5.1900000000 
O 0.6500000000 0.9800000000 1.6600000000 
H 1.1800000000 0.7800000000 0.8500000000 
H 9.7300000000 1.4100000000 1.2200000000 
O 6.7600000000 2.8100000000 7.1100000000 
H 6.0400000000 3.4500000000 7.0000000000 
H 7.5300000000 3.4400000000 7.3200000000 
O 9.7000000000 3.3600000000 4.6200000000 
H 9.7700000000 3.8600000000 3.7800000000 
H 9.2300000000 4.0800000000 5.1400000000 
O 0.3600000000 5.2500000000 8.4100000000 
H 0.4300000000 5.9500000000 9.1700000000 
H 0.5800000000 4.3600000000 8.8500000000 
O 4.7600000000 5.0200000000 2.3900000000 
H 4.7400000000 4.9600000000 3.3100000000 
H 5.6600000000 4.6200000000 2.2300000000 
O 6.5500000000 0.1500000000 5.3700000000 
H 6.8300000000 0.8300000000 6.0600000000 
H 6.9200000000 0.5100000000 4.5000000000 
O 0.0300000000 0.7000000000 4.3400000000 
H 9.7300000000 1.6600000000 4.3000000000 
H 0.1300000000 0.6300000000 3.3300000000 
O 8.3700000000 2.3800000000 0.3000000000 
H 9.0800000000 2.5100000000 9.4400000000 
H 7.7000000000 1.9500000000 9.6100000000 
O 4.3700000000 4.3400000000 5.0100000000 
H 3.4200000000 4.1400000000 5.2500000000 
H 4.7700000000 4.6300000000 5.8300000000 
O 7.0900000000 1.6900000000 2.9300000000 
H 6.8400000000 2.5300000000 3.3900000000 
H 7.4900000000 2.0900000000 2.0700000000 
O 3.7700000000 0.2800000000 5.0800000000 
H 3.8200000000 0.9700000000 4.3600000000 
H 4.6800000000 0.1600000000 5.2500000000 
O 0.6200000000 2.5200000000 8.5200000000 
H 1.4000000000 1.9200000000 8.7000000000 
H 0.8800000000 2.5300000000 7.5600000000 
O 3.3100000000 1.3300000000 2.5200000000 
H 2.4700000000 0.8700000000 2.3900000000 
H 3.2700000000 1.9400000000 1.7700000000 
O 8.2400000000 5.2900000000 6.2700000000 
H 7.5600000000 6.0200000000 6.5000000000 
H 8.9700000000 5.4500000000 6.8700000000 

