&CONTROL
/
&SYSTEM
   ntyp             = 2
   nat              = 96
   ibrav            = 0
/
&ELECTRONS
/
&IONS
/
&CELL
/

ATOMIC_SPECIES
O 15.999 None
H 1.008 None

K_POINTS gamma

CELL_PARAMETERS angstrom
9.86520000000000 0.00000000000000 0.00000000000000
0.00000000000000 9.86520000000000 0.00000000000000
0.00000000000000 0.00000000000000 9.86520000000000

ATOMIC_POSITIONS angstrom
O 8.6200000000 6.4100000000 3.7800000000 
H 9.4600000000 6.7500000000 4.2900000000 
H 7.7900000000 6.7800000000 4.2500000000 
O 4.4400000000 6.4500000000 9.2000000000 
H 4.0800000000 7.3400000000 9.0000000000 
H 5.3200000000 6.4400000000 9.5600000000 
O 4.0400000000 6.4400000000 2.4900000000 
H 4.2500000000 7.3100000000 2.7600000000 
H 4.1900000000 6.4500000000 1.5400000000 
O 7.6600000000 8.6000000000 1.9200000000 
H 7.0700000000 9.4000000000 1.8000000000 
H 7.4700000000 8.4900000000 2.8700000000 
O 8.1500000000 4.1900000000 2.2000000000 
H 8.8200000000 3.4800000000 2.2900000000 
H 8.5100000000 5.0500000000 2.6800000000 
O 6.9800000000 9.4600000000 4.5400000000 
H 6.6300000000 9.0500000000 5.4200000000 
H 7.4400000000 0.3600000000 4.9900000000 
O 1.1900000000 0.3600000000 4.7900000000 
H 2.1500000000 0.5700000000 5.0900000000 
H 1.1900000000 9.3000000000 4.5700000000 
O 9.7600000000 8.4400000000 8.3200000000 
H 8.9600000000 7.8500000000 8.0300000000 
H 0.5900000000 8.0100000000 7.7600000000 
O 4.8900000000 0.3100000000 8.1900000000 
H 5.3300000000 1.1500000000 8.5500000000 
H 4.5100000000 9.7800000000 9.0800000000 
O 3.4700000000 8.9900000000 0.7200000000 
H 3.5700000000 9.4600000000 1.5900000000 
H 2.5700000000 8.5500000000 0.8500000000 
O 3.4500000000 1.7500000000 2.3600000000 
H 3.5200000000 1.9800000000 3.2700000000 
H 4.1400000000 2.4200000000 2.0600000000 
O 4.2900000000 8.7700000000 3.7200000000 
H 3.9100000000 9.6500000000 3.9600000000 
H 5.1500000000 8.6600000000 4.2000000000 
O 7.9200000000 6.4100000000 7.5700000000 
H 8.4100000000 5.7000000000 7.2500000000 
H 7.6800000000 6.0600000000 8.4200000000 
O 0.7100000000 2.5300000000 2.8100000000 
H 0.9500000000 1.9300000000 3.5800000000 
H 1.3900000000 3.2800000000 2.7800000000 
O 5.9200000000 7.9800000000 6.6000000000 
H 6.6200000000 7.4400000000 7.0800000000 
H 5.0900000000 8.0400000000 7.1200000000 
O 4.5400000000 3.8800000000 5.4900000000 
H 4.5100000000 4.1300000000 6.4900000000 
H 5.4700000000 3.7400000000 5.3400000000 
O 9.0900000000 1.3300000000 8.8900000000 
H 9.8100000000 1.6500000000 9.4700000000 
H 9.2800000000 0.3800000000 8.8000000000 
O 1.5300000000 7.0700000000 6.5600000000 
H 1.7500000000 7.0000000000 5.6100000000 
H 1.7800000000 6.2400000000 6.9500000000 
O 8.6300000000 1.4000000000 5.7400000000 
H 9.3600000000 0.7300000000 5.5000000000 
H 8.8700000000 1.6600000000 6.6800000000 
O 7.2100000000 3.5500000000 5.2900000000 
H 7.6000000000 2.7000000000 5.5000000000 
H 7.9600000000 4.1900000000 5.5000000000 
O 2.6900000000 4.4100000000 3.5100000000 
H 3.1400000000 5.2500000000 3.3200000000 
H 3.1600000000 4.2300000000 4.3300000000 
O 7.1300000000 6.3800000000 0.4700000000 
H 7.2800000000 5.5600000000 1.0400000000 
H 7.4600000000 7.1600000000 1.0300000000 
O 0.6100000000 8.3300000000 1.1300000000 
H 0.3900000000 8.1700000000 0.1700000000 
H 9.5700000000 8.4400000000 1.4800000000 
O 1.7400000000 3.6300000000 7.5600000000 
H 2.7000000000 3.4700000000 7.5800000000 
H 1.3900000000 3.1800000000 8.3700000000 
O 4.6100000000 4.0200000000 8.1400000000 
H 5.2800000000 3.4900000000 8.6000000000 
H 4.6800000000 4.9200000000 8.6100000000 
O 1.4400000000 2.2200000000 0.2300000000 
H 2.1700000000 1.6600000000 0.5000000000 
H 1.0400000000 2.3300000000 1.1800000000 
O 3.9200000000 1.0500000000 5.5500000000 
H 4.1700000000 2.0200000000 5.7100000000 
H 4.1300000000 0.6800000000 6.4500000000 
O 6.3900000000 2.1900000000 9.4000000000 
H 7.2400000000 2.1300000000 8.9700000000 
H 6.5700000000 1.8200000000 0.4400000000 
O 1.4500000000 7.5000000000 3.6700000000 
H 0.9300000000 7.7600000000 2.8700000000 
H 2.3100000000 7.3400000000 3.2200000000 
O 7.2900000000 1.4700000000 1.8800000000 
H 7.1000000000 2.4000000000 2.0100000000 
H 7.9900000000 1.3500000000 2.5100000000 
O 5.3700000000 3.7400000000 2.7200000000 
H 6.1700000000 3.8700000000 3.2700000000 
H 5.0700000000 4.6300000000 2.5700000000 
O 9.5400000000 4.5500000000 6.3800000000 
H 0.2900000000 4.4800000000 5.5900000000 
H 0.1400000000 4.0200000000 7.0900000000 

