&CONTROL
/
&SYSTEM
   ntyp             = 2
   nat              = 96
   ibrav            = 0
/
&ELECTRONS
/
&IONS
/
&CELL
/

ATOMIC_SPECIES
O 15.999 None
H 1.008 None

K_POINTS gamma

CELL_PARAMETERS angstrom
9.86520000000000 0.00000000000000 0.00000000000000
0.00000000000000 9.86520000000000 0.00000000000000
0.00000000000000 0.00000000000000 9.86520000000000

ATOMIC_POSITIONS angstrom
O 9.3400000000 7.2800000000 4.9600000000 
H 0.3300000000 7.6200000000 4.6500000000 
H 9.4800000000 6.3400000000 4.7200000000 
O 2.1500000000 3.5400000000 8.0200000000 
H 1.4000000000 3.2100000000 7.5700000000 
H 2.1000000000 4.5400000000 8.0000000000 
O 7.7600000000 8.9500000000 9.3200000000 
H 7.6600000000 9.6800000000 0.1500000000 
H 6.9600000000 9.0500000000 8.8300000000 
O 3.4600000000 6.9400000000 5.8800000000 
H 3.1900000000 6.9300000000 6.8000000000 
H 3.1200000000 6.0100000000 5.5900000000 
O 5.8100000000 8.2000000000 6.1900000000 
H 4.8900000000 7.8200000000 6.0300000000 
H 5.7000000000 8.6000000000 7.1000000000 
O 5.2600000000 2.9600000000 1.3000000000 
H 5.8900000000 2.4300000000 0.7200000000 
H 4.4600000000 2.6000000000 0.8800000000 
O 4.6000000000 2.2400000000 7.2800000000 
H 4.7900000000 2.4400000000 6.4000000000 
H 3.6800000000 2.4800000000 7.2500000000 
O 4.5700000000 8.4700000000 2.6900000000 
H 5.4700000000 8.8600000000 2.6000000000 
H 4.8100000000 7.6900000000 3.1500000000 
O 4.5900000000 3.5900000000 4.6400000000 
H 3.6900000000 4.0300000000 4.7100000000 
H 4.4900000000 2.8700000000 3.9900000000 
O 3.0000000000 2.1000000000 0.2000000000 
H 2.5800000000 2.7300000000 9.4200000000 
H 2.6500000000 1.2100000000 9.7300000000 
O 0.2300000000 1.6100000000 2.3200000000 
H 0.0500000000 2.4400000000 1.8500000000 
H 1.2200000000 1.6300000000 2.6000000000 
O 7.0400000000 4.3400000000 3.7600000000 
H 6.8100000000 4.4300000000 2.8300000000 
H 6.2200000000 4.0100000000 4.2000000000 
O 0.6800000000 5.5100000000 2.6600000000 
H 0.0400000000 5.1500000000 1.9900000000 
H 1.0600000000 6.2800000000 2.1100000000 
O 9.2600000000 3.7900000000 5.3900000000 
H 8.4000000000 4.0800000000 4.9400000000 
H 9.2200000000 2.8600000000 5.2200000000 
O 9.0800000000 3.7200000000 0.6900000000 
H 9.1000000000 3.3300000000 9.6700000000 
H 8.3500000000 4.3900000000 0.5500000000 
O 5.0900000000 9.4300000000 8.5100000000 
H 4.2800000000 9.1500000000 9.0100000000 
H 4.7300000000 0.4400000000 8.3300000000 
O 2.6600000000 7.0300000000 1.3200000000 
H 3.3400000000 6.3300000000 1.0700000000 
H 3.2800000000 7.6000000000 1.8700000000 
O 6.7300000000 3.4300000000 8.4000000000 
H 6.9000000000 4.3700000000 8.1600000000 
H 5.9100000000 3.2000000000 7.8800000000 
O 1.7600000000 9.1000000000 4.6600000000 
H 2.2700000000 9.7100000000 4.1000000000 
H 2.4000000000 8.5600000000 5.1500000000 
O 9.3300000000 2.5900000000 8.0500000000 
H 9.4400000000 1.8200000000 7.3800000000 
H 8.3400000000 2.8400000000 7.9900000000 
O 7.6100000000 0.4800000000 1.9300000000 
H 7.3300000000 0.8500000000 2.8000000000 
H 8.5900000000 0.6900000000 1.9000000000 
O 2.9900000000 6.5700000000 8.4100000000 
H 2.4100000000 7.1000000000 9.0000000000 
H 3.6200000000 6.0900000000 8.9200000000 
O 7.5700000000 5.7100000000 0.3800000000 
H 7.7000000000 6.2600000000 9.4300000000 
H 7.6200000000 6.4700000000 1.0600000000 
O 2.1100000000 4.6900000000 4.9700000000 
H 1.2400000000 4.3600000000 5.3000000000 
H 1.8100000000 4.9700000000 4.0400000000 
O 4.8400000000 5.8000000000 0.5300000000 
H 4.8600000000 4.8800000000 0.8500000000 
H 5.8300000000 6.0800000000 0.5600000000 
O 7.3200000000 6.2600000000 7.4100000000 
H 6.7800000000 6.9100000000 6.8500000000 
H 8.0900000000 5.9800000000 6.7900000000 
O 9.3000000000 0.9700000000 5.2400000000 
H 0.1800000000 0.3400000000 5.4200000000 
H 9.3100000000 1.1100000000 4.2900000000 
O 3.0200000000 0.9200000000 2.7800000000 
H 3.5700000000 0.0800000000 2.6600000000 
H 3.0200000000 1.2800000000 1.8700000000 
O 2.2600000000 9.4200000000 9.5300000000 
H 1.7600000000 9.1100000000 8.7200000000 
H 1.7300000000 8.9300000000 0.3600000000 
O 6.6800000000 0.3100000000 4.6900000000 
H 6.2300000000 9.4300000000 5.2200000000 
H 7.6400000000 0.3800000000 5.0000000000 
O 7.4500000000 7.4300000000 2.5300000000 
H 7.5300000000 8.3700000000 2.1800000000 
H 7.9600000000 7.5100000000 3.3600000000 
O 0.0800000000 8.4900000000 7.6400000000 
H 9.7100000000 8.1500000000 6.7200000000 
H 9.2100000000 8.4600000000 8.2700000000 

