&CONTROL
/
&SYSTEM
   ntyp             = 2
   nat              = 96
   ibrav            = 0
/
&ELECTRONS
/
&IONS
/
&CELL
/

ATOMIC_SPECIES
O 15.999 None
H 1.008 None

K_POINTS gamma

CELL_PARAMETERS angstrom
9.86520000000000 0.00000000000000 0.00000000000000
0.00000000000000 9.86520000000000 0.00000000000000
0.00000000000000 0.00000000000000 9.86520000000000

ATOMIC_POSITIONS angstrom
O 9.3100000000 6.4600000000 4.6000000000 
H 0.2100000000 6.9700000000 4.3000000000 
H 8.6900000000 7.1900000000 4.6700000000 
O 4.5800000000 6.2200000000 9.4300000000 
H 4.1600000000 6.9500000000 0.1200000000 
H 5.5000000000 6.5100000000 9.5400000000 
O 4.8800000000 4.5900000000 1.7200000000 
H 5.5700000000 5.0500000000 2.2000000000 
H 4.5700000000 5.2500000000 1.0900000000 
O 8.6600000000 9.3200000000 1.3700000000 
H 8.3700000000 0.4200000000 1.2300000000 
H 8.5000000000 9.1300000000 2.3400000000 
O 7.2000000000 5.6200000000 2.8400000000 
H 7.3500000000 4.6900000000 3.1800000000 
H 7.8200000000 6.1100000000 3.3200000000 
O 7.4200000000 8.3400000000 4.3200000000 
H 6.4300000000 8.3300000000 4.1200000000 
H 7.5900000000 9.2700000000 4.7100000000 
O 1.1700000000 0.5800000000 4.0400000000 
H 1.8800000000 1.1200000000 4.5100000000 
H 1.4300000000 9.4800000000 4.1500000000 
O 9.1900000000 9.1500000000 7.4300000000 
H 8.5700000000 8.3700000000 7.5300000000 
H 0.2600000000 8.7400000000 7.5200000000 
O 4.2200000000 9.5200000000 8.3100000000 
H 4.7200000000 0.5200000000 8.5700000000 
H 3.7000000000 9.2900000000 9.1300000000 
O 3.4500000000 8.3100000000 1.0200000000 
H 4.0200000000 8.6500000000 1.7800000000 
H 2.6900000000 8.9700000000 0.9300000000 
O 4.7700000000 9.4600000000 3.1500000000 
H 4.2700000000 0.1400000000 3.8200000000 
H 5.1100000000 0.3200000000 2.5700000000 
O 2.7800000000 6.1400000000 5.7100000000 
H 3.5700000000 6.6800000000 5.9300000000 
H 3.0500000000 5.2800000000 6.1400000000 
O 7.5700000000 6.5100000000 7.4200000000 
H 8.1300000000 5.7900000000 7.0300000000 
H 7.6200000000 6.4000000000 8.3900000000 
O 0.0700000000 3.9100000000 2.5200000000 
H 9.4500000000 4.4000000000 3.2400000000 
H 1.0300000000 4.1900000000 2.7700000000 
O 5.1200000000 7.3800000000 6.4800000000 
H 5.9100000000 6.9800000000 6.4400000000 
H 5.2700000000 8.2100000000 7.0500000000 
O 4.5500000000 3.4700000000 5.0100000000 
H 4.5800000000 3.9100000000 5.8700000000 
H 5.5100000000 3.4500000000 4.8900000000 
O 8.1800000000 2.5700000000 8.3200000000 
H 8.1200000000 3.2900000000 7.6700000000 
H 8.5500000000 1.8200000000 7.7900000000 
O 1.8900000000 8.4500000000 7.3500000000 
H 2.2300000000 7.5900000000 7.1400000000 
H 2.6000000000 9.0200000000 7.5900000000 
O 8.4600000000 0.8600000000 5.4100000000 
H 9.3600000000 0.8200000000 5.0200000000 
H 8.5900000000 0.3500000000 6.2100000000 
O 7.3100000000 3.5100000000 4.9800000000 
H 7.5900000000 2.5700000000 4.8800000000 
H 8.1400000000 3.8000000000 5.4900000000 
O 2.5300000000 4.1200000000 3.2100000000 
H 3.2100000000 4.6200000000 2.7400000000 
H 3.1900000000 3.7500000000 3.8900000000 
O 7.3500000000 7.2000000000 0.4700000000 
H 7.4800000000 6.7200000000 1.3500000000 
H 7.9900000000 7.9000000000 0.6300000000 
O 1.4500000000 0.3800000000 1.2200000000 
H 0.5800000000 9.7800000000 1.0300000000 
H 1.3700000000 0.5400000000 2.2000000000 
O 1.4500000000 4.1500000000 8.4100000000 
H 2.3200000000 4.5700000000 8.3100000000 
H 1.6500000000 3.5200000000 9.1000000000 
O 4.4800000000 4.1400000000 7.6200000000 
H 4.7800000000 3.3300000000 8.1300000000 
H 4.6300000000 4.8800000000 8.2500000000 
O 2.4700000000 2.7300000000 0.5100000000 
H 2.3700000000 3.1700000000 1.4200000000 
H 2.0700000000 1.7800000000 0.5400000000 
O 3.3500000000 1.0800000000 5.5500000000 
H 3.7900000000 1.9000000000 5.4100000000 
H 3.6100000000 0.7200000000 6.4500000000 
O 5.6300000000 1.9500000000 8.9500000000 
H 6.6200000000 2.0700000000 8.9100000000 
H 5.3600000000 1.9700000000 0.0700000000 
O 1.6600000000 7.8400000000 3.5300000000 
H 2.2900000000 7.6500000000 2.7900000000 
H 2.0300000000 7.4500000000 4.2900000000 
O 8.3300000000 2.2300000000 1.2000000000 
H 8.3300000000 2.3300000000 0.2100000000 
H 9.0900000000 2.7200000000 1.4600000000 
O 5.4400000000 1.8200000000 1.8900000000 
H 6.4200000000 1.9100000000 1.9600000000 
H 5.1400000000 2.7500000000 1.7900000000 
O 9.4100000000 4.3000000000 6.4500000000 
H 9.8000000000 5.0700000000 5.9900000000 
H 0.2000000000 4.0500000000 7.1800000000 

