&CONTROL
/
&SYSTEM
   ntyp             = 2
   nat              = 96
   ibrav            = 0
/
&ELECTRONS
/
&IONS
/
&CELL
/

ATOMIC_SPECIES
O 15.999 None
H 1.008 None

K_POINTS gamma

CELL_PARAMETERS angstrom
9.86520000000000 0.00000000000000 0.00000000000000
0.00000000000000 9.86520000000000 0.00000000000000
0.00000000000000 0.00000000000000 9.86520000000000

ATOMIC_POSITIONS angstrom
O 5.2000000000 6.8600000000 8.0900000000 
H 4.3400000000 6.5000000000 7.8000000000 
H 5.5100000000 7.4600000000 7.3900000000 
O 0.4100000000 4.6100000000 0.0500000000 
H 1.2300000000 5.0400000000 9.5800000000 
H 9.7600000000 5.3900000000 0.4700000000 
O 3.1200000000 3.6800000000 4.3300000000 
H 3.5700000000 2.9100000000 4.0200000000 
H 3.2900000000 4.3800000000 3.6200000000 
O 6.9000000000 5.2400000000 9.4100000000 
H 6.2600000000 5.8700000000 9.0100000000 
H 6.9200000000 4.5200000000 8.7600000000 
O 6.2500000000 1.4000000000 0.1100000000 
H 6.1200000000 2.1600000000 9.3300000000 
H 5.5200000000 0.7700000000 9.7800000000 
O 3.9900000000 1.2300000000 7.3200000000 
H 3.2700000000 1.7700000000 7.5700000000 
H 3.5600000000 0.5500000000 6.7600000000 
O 9.0200000000 6.7300000000 1.3800000000 
H 8.9000000000 7.3600000000 0.5900000000 
H 9.8500000000 7.1700000000 1.7700000000 
O 8.0900000000 9.3200000000 8.3100000000 
H 7.5800000000 8.7500000000 7.7800000000 
H 7.6200000000 0.3100000000 8.1600000000 
O 1.5000000000 8.2100000000 2.2000000000 
H 2.4700000000 8.0000000000 2.0000000000 
H 1.2800000000 8.8800000000 1.5700000000 
O 2.2600000000 9.1300000000 4.6800000000 
H 1.8000000000 0.1200000000 4.4500000000 
H 1.8400000000 8.4800000000 4.0500000000 
O 0.9500000000 2.6300000000 1.7300000000 
H 0.0300000000 2.2600000000 1.7500000000 
H 0.7700000000 3.5000000000 1.3500000000 
O 8.0800000000 9.4200000000 4.4200000000 
H 7.5200000000 0.0000000000 5.1200000000 
H 8.0600000000 0.2700000000 3.7100000000 
O 7.8900000000 2.7600000000 4.2300000000 
H 8.3300000000 3.3500000000 4.8600000000 
H 7.5500000000 3.4600000000 3.6100000000 
O 7.4600000000 5.6300000000 5.1400000000 
H 8.1800000000 6.3300000000 5.2100000000 
H 7.0000000000 5.8800000000 4.3000000000 
O 9.5100000000 7.3700000000 5.4300000000 
H 9.2300000000 8.2500000000 4.9700000000 
H 0.0500000000 7.7200000000 6.2500000000 
O 1.3300000000 1.6000000000 7.2400000000 
H 0.5900000000 1.8700000000 7.7600000000 
H 1.1400000000 1.8900000000 6.3200000000 
O 2.6300000000 6.1000000000 8.3500000000 
H 2.3600000000 7.0100000000 8.1800000000 
H 2.2500000000 5.5400000000 7.6000000000 
O 3.6500000000 5.1300000000 2.1600000000 
H 4.6600000000 5.0500000000 2.2200000000 
H 3.5300000000 6.0400000000 1.7800000000 
O 8.4200000000 1.6300000000 1.5400000000 
H 7.6400000000 1.4300000000 1.0400000000 
H 8.0500000000 2.0400000000 2.3000000000 
O 8.6200000000 2.7900000000 8.3200000000 
H 8.2200000000 3.4400000000 7.7700000000 
H 9.0600000000 3.3600000000 9.0100000000 
O 6.5100000000 1.3500000000 6.5900000000 
H 5.5600000000 1.4900000000 6.8000000000 
H 6.7500000000 2.2900000000 6.4400000000 
O 0.6600000000 1.7400000000 4.6300000000 
H 9.5600000000 1.8300000000 4.5300000000 
H 1.0300000000 2.1500000000 3.8300000000 
O 0.1900000000 9.6300000000 0.1800000000 
H 9.4000000000 9.3400000000 9.3800000000 
H 9.5800000000 0.5300000000 0.6100000000 
O 5.4700000000 8.5700000000 6.0900000000 
H 5.9800000000 9.4200000000 6.0500000000 
H 4.5800000000 8.7000000000 5.6300000000 
O 3.3200000000 1.3300000000 0.7000000000 
H 3.2600000000 1.0500000000 9.6400000000 
H 2.4900000000 1.8200000000 0.9200000000 
O 6.6300000000 7.3900000000 2.6700000000 
H 6.8500000000 8.1300000000 3.3600000000 
H 7.5000000000 7.1100000000 2.2900000000 
O 1.6200000000 5.0400000000 6.1500000000 
H 2.1700000000 4.5700000000 5.4500000000 
H 0.9100000000 5.6400000000 5.6000000000 
O 6.2400000000 4.0000000000 6.7800000000 
H 6.7700000000 4.5000000000 6.0900000000 
H 5.3200000000 4.3200000000 6.6700000000 
O 1.6700000000 8.3500000000 7.3200000000 
H 1.8500000000 8.7800000000 6.4300000000 
H 1.3600000000 9.1900000000 7.8300000000 
O 4.6800000000 0.2200000000 3.3000000000 
H 4.6100000000 0.4300000000 2.3500000000 
H 3.7500000000 0.1200000000 3.6400000000 
O 6.3800000000 4.0300000000 2.2400000000 
H 5.7900000000 3.6300000000 1.6100000000 
H 7.0400000000 4.4600000000 1.7100000000 
O 4.0800000000 7.6600000000 1.3200000000 
H 4.9500000000 7.9300000000 1.7800000000 
H 4.3600000000 7.3800000000 0.4000000000 

