&CONTROL
/
&SYSTEM
   ntyp             = 2
   nat              = 96
   ibrav            = 0
/
&ELECTRONS
/
&IONS
/
&CELL
/

ATOMIC_SPECIES
O 15.999 None
H 1.008 None

K_POINTS gamma

CELL_PARAMETERS angstrom
9.86520000000000 0.00000000000000 0.00000000000000
0.00000000000000 9.86520000000000 0.00000000000000
0.00000000000000 0.00000000000000 9.86520000000000

ATOMIC_POSITIONS angstrom
O 8.8300000000 4.5300000000 0.3000000000 
H 9.2900000000 4.2300000000 1.1300000000 
H 9.3200000000 5.3500000000 9.8600000000 
O 2.9900000000 2.0200000000 1.8000000000 
H 3.0900000000 2.0700000000 0.8300000000 
H 3.7400000000 1.4000000000 1.9800000000 
O 2.9500000000 0.6000000000 7.6900000000 
H 2.1700000000 0.5100000000 8.3100000000 
H 3.5200000000 1.2100000000 8.1800000000 
O 4.5000000000 9.2700000000 5.4800000000 
H 4.7400000000 0.3200000000 5.1500000000 
H 3.8500000000 9.5400000000 6.1800000000 
O 4.6400000000 9.4300000000 2.4400000000 
H 4.3000000000 8.7700000000 1.7900000000 
H 4.5400000000 8.9400000000 3.2700000000 
O 3.2100000000 7.8600000000 0.6300000000 
H 2.3300000000 8.1500000000 0.3800000000 
H 3.0500000000 7.0900000000 1.2700000000 
O 3.7200000000 2.7400000000 9.2200000000 
H 4.1300000000 3.5400000000 9.7700000000 
H 3.7700000000 3.1500000000 8.2600000000 
O 0.1400000000 8.3300000000 5.3100000000 
H 9.2900000000 8.1600000000 4.6500000000 
H 9.5700000000 9.0300000000 5.8500000000 
O 1.9800000000 7.3900000000 6.8500000000 
H 1.5200000000 7.9600000000 6.2200000000 
H 1.4100000000 7.4900000000 7.6900000000 
O 7.2600000000 9.6700000000 1.6900000000 
H 6.2700000000 9.6200000000 1.7000000000 
H 7.5200000000 0.6100000000 2.2500000000 
O 1.1500000000 4.0600000000 2.3400000000 
H 0.7900000000 3.8200000000 3.1800000000 
H 1.9300000000 3.3400000000 2.1800000000 
O 3.2600000000 5.5100000000 5.4400000000 
H 3.9200000000 5.4500000000 6.1000000000 
H 2.6300000000 6.2600000000 5.8000000000 
O 5.1400000000 1.6600000000 4.2200000000 
H 4.9200000000 1.1000000000 3.4600000000 
H 6.0900000000 1.8500000000 3.9700000000 
O 9.2600000000 5.5800000000 6.1500000000 
H 8.4800000000 5.7400000000 6.7600000000 
H 9.7800000000 6.4300000000 6.2500000000 
O 8.0800000000 7.7300000000 3.3200000000 
H 7.7800000000 7.1000000000 2.5600000000 
H 8.0700000000 8.6100000000 2.9100000000 
O 6.2600000000 7.0400000000 5.5000000000 
H 5.7400000000 7.8400000000 5.6700000000 
H 6.8300000000 7.1600000000 4.6300000000 
O 5.0800000000 8.3500000000 8.5200000000 
H 4.6300000000 8.0400000000 9.3800000000 
H 4.4500000000 8.8300000000 8.0200000000 
O 1.1900000000 0.0500000000 0.2900000000 
H 0.6500000000 0.7800000000 9.6600000000 
H 1.3900000000 0.3600000000 1.2100000000 
O 9.6800000000 3.4000000000 4.5200000000 
H 0.5500000000 3.0800000000 5.1100000000 
H 9.4900000000 4.2300000000 5.0400000000 
O 0.0200000000 2.5300000000 8.1800000000 
H 0.5500000000 3.0000000000 7.4600000000 
H 9.7100000000 3.2400000000 8.8300000000 
O 5.5700000000 4.7700000000 3.8300000000 
H 4.7400000000 5.0600000000 4.2300000000 
H 6.2200000000 5.2300000000 4.4300000000 
O 4.6400000000 4.4800000000 1.3300000000 
H 5.0200000000 3.8500000000 1.9800000000 
H 4.2600000000 5.2500000000 1.7900000000 
O 6.5900000000 3.6800000000 8.4900000000 
H 7.2100000000 3.3200000000 9.1500000000 
H 6.8300000000 4.6000000000 8.6500000000 
O 8.4300000000 0.3700000000 6.4700000000 
H 7.8000000000 0.0100000000 7.1300000000 
H 8.8300000000 1.0600000000 6.9700000000 
O 0.4200000000 7.6100000000 9.2300000000 
H 0.7200000000 8.3900000000 9.7500000000 
H 9.4200000000 8.0100000000 8.9400000000 
O 2.7900000000 6.2500000000 2.6400000000 
H 3.0000000000 6.1700000000 3.6400000000 
H 1.9800000000 5.7200000000 2.4500000000 
O 7.6800000000 9.2900000000 8.8500000000 
H 7.7400000000 9.5100000000 9.8300000000 
H 6.6900000000 9.1800000000 8.7600000000 
O 7.4600000000 6.2500000000 8.1300000000 
H 6.9800000000 6.7100000000 7.4100000000 
H 7.1000000000 6.7300000000 8.9800000000 
O 4.6100000000 3.1400000000 6.5300000000 
H 5.0000000000 2.6900000000 5.7400000000 
H 5.4200000000 3.4000000000 7.1000000000 
O 6.6200000000 6.2800000000 0.7300000000 
H 5.8600000000 5.6000000000 0.8900000000 
H 7.3200000000 5.6100000000 0.6400000000 
O 8.0600000000 1.4500000000 3.7500000000 
H 8.6200000000 2.2700000000 3.8900000000 
H 8.1400000000 1.0000000000 4.5600000000 
O 1.8100000000 2.6700000000 6.0800000000 
H 2.2600000000 1.8200000000 6.3700000000 
H 2.5200000000 3.2700000000 5.7900000000 

