&CONTROL
/
&SYSTEM
   ntyp             = 2
   nat              = 96
   ibrav            = 0
/
&ELECTRONS
/
&IONS
/
&CELL
/

ATOMIC_SPECIES
O 15.999 None
H 1.008 None

K_POINTS gamma

CELL_PARAMETERS angstrom
9.86520000000000 0.00000000000000 0.00000000000000
0.00000000000000 9.86520000000000 0.00000000000000
0.00000000000000 0.00000000000000 9.86520000000000

ATOMIC_POSITIONS angstrom
O 4.6900000000 2.4400000000 7.3200000000 
H 5.3500000000 1.7100000000 7.4900000000 
H 5.2700000000 3.2700000000 7.4500000000 
O 3.1100000000 7.7800000000 8.1700000000 
H 2.3800000000 8.1900000000 7.6100000000 
H 3.8400000000 7.9900000000 7.5300000000 
O 6.4400000000 2.8100000000 1.8100000000 
H 6.5600000000 2.2400000000 2.6100000000 
H 6.5500000000 3.6700000000 2.2700000000 
O 6.9500000000 7.2800000000 9.2100000000 
H 7.5400000000 7.9700000000 9.5000000000 
H 7.4400000000 6.4800000000 9.4000000000 
O 0.3700000000 6.6100000000 6.7400000000 
H 9.7500000000 6.0600000000 7.4000000000 
H 0.2400000000 7.5600000000 7.0100000000 
O 7.4900000000 5.1800000000 6.2700000000 
H 7.3300000000 4.4600000000 6.9600000000 
H 8.1300000000 5.7500000000 6.7600000000 
O 1.3500000000 2.8700000000 6.9000000000 
H 2.2900000000 2.9400000000 6.8400000000 
H 1.0900000000 3.2400000000 7.7800000000 
O 7.5900000000 0.7100000000 3.4600000000 
H 8.4200000000 0.9000000000 3.8600000000 
H 7.1500000000 0.1700000000 4.1600000000 
O 5.1500000000 0.2700000000 1.3600000000 
H 6.0900000000 9.8100000000 1.3600000000 
H 5.1600000000 1.2100000000 1.6200000000 
O 9.3400000000 7.2300000000 1.6300000000 
H 8.9000000000 6.7000000000 2.3200000000 
H 0.4300000000 7.0500000000 1.9000000000 
O 4.4600000000 6.4500000000 0.2900000000 
H 5.4000000000 6.6800000000 0.0100000000 
H 3.9400000000 7.0700000000 9.6100000000 
O 2.5500000000 1.4400000000 9.5600000000 
H 2.9600000000 1.1200000000 0.5500000000 
H 3.3200000000 1.4800000000 9.0000000000 
O 6.2800000000 4.3000000000 9.0400000000 
H 6.5800000000 3.6200000000 9.6900000000 
H 5.3600000000 4.4200000000 9.3000000000 
O 5.9300000000 9.4100000000 5.3000000000 
H 5.9800000000 8.4800000000 5.6300000000 
H 5.8100000000 9.8300000000 6.1800000000 
O 5.7800000000 9.8200000000 8.3500000000 
H 6.0800000000 9.0000000000 8.1000000000 
H 5.6000000000 9.7600000000 9.3200000000 
O 9.3000000000 1.8900000000 5.4000000000 
H 0.1000000000 2.0900000000 6.1200000000 
H 9.4600000000 2.5100000000 4.7400000000 
O 4.9300000000 6.5300000000 6.0400000000 
H 4.2800000000 5.9200000000 6.4100000000 
H 5.8700000000 6.1800000000 6.0700000000 
O 9.5500000000 1.7700000000 9.5900000000 
H 9.0300000000 1.0300000000 0.0300000000 
H 0.5800000000 1.6200000000 0.1100000000 
O 3.1300000000 5.0900000000 7.6900000000 
H 2.7400000000 5.8700000000 8.1500000000 
H 2.5400000000 5.0900000000 6.8900000000 
O 7.5400000000 2.5400000000 7.4100000000 
H 8.2200000000 2.2400000000 8.0800000000 
H 7.9300000000 2.2100000000 6.6200000000 
O 1.5700000000 4.4200000000 0.9600000000 
H 1.7700000000 5.0500000000 1.6800000000 
H 2.3900000000 4.4100000000 0.4700000000 
O 0.2400000000 3.3000000000 3.1600000000 
H 9.6500000000 4.1900000000 3.3800000000 
H 0.3500000000 3.3800000000 2.2100000000 
O 2.2100000000 6.8300000000 2.0300000000 
H 2.7000000000 7.4000000000 2.6700000000 
H 2.8700000000 6.9500000000 1.3200000000 
O 8.1100000000 9.4800000000 0.7500000000 
H 8.4500000000 8.5800000000 1.0600000000 
H 8.0300000000 9.8600000000 1.6300000000 
O 2.5600000000 1.6300000000 2.7900000000 
H 3.1200000000 2.2600000000 3.3800000000 
H 1.5900000000 1.8300000000 3.0700000000 
O 8.3400000000 5.5700000000 3.4600000000 
H 8.2800000000 5.5700000000 4.4400000000 
H 7.3500000000 5.5400000000 3.2800000000 
O 9.2300000000 5.0400000000 8.8500000000 
H 8.8500000000 4.1800000000 9.0800000000 
H 9.7900000000 5.2200000000 9.6700000000 
O 2.3400000000 5.4200000000 5.0400000000 
H 2.8100000000 6.0900000000 4.4000000000 
H 1.5200000000 5.9500000000 5.2300000000 
O 3.5400000000 8.8000000000 3.5800000000 
H 3.4800000000 9.7000000000 3.5700000000 
H 4.4800000000 8.7400000000 3.7500000000 
O 0.5600000000 9.3700000000 7.5500000000 
H 0.4300000000 0.0700000000 6.7400000000 
H 0.8000000000 0.1800000000 8.2100000000 
O 4.1000000000 3.4100000000 4.5500000000 
H 3.3500000000 3.9300000000 4.8700000000 
H 4.4100000000 3.0100000000 5.4100000000 
O 5.8000000000 5.3600000000 2.5800000000 
H 5.3100000000 5.9100000000 1.9500000000 
H 5.0900000000 4.8700000000 3.1400000000 

