&CONTROL
/
&SYSTEM
   ntyp             = 2
   nat              = 96
   ibrav            = 0
/
&ELECTRONS
/
&IONS
/
&CELL
/

ATOMIC_SPECIES
O 15.999 None
H 1.008 None

K_POINTS gamma

CELL_PARAMETERS angstrom
9.86520000000000 0.00000000000000 0.00000000000000
0.00000000000000 9.86520000000000 0.00000000000000
0.00000000000000 0.00000000000000 9.86520000000000

ATOMIC_POSITIONS angstrom
O 2.1100000000 1.7600000000 4.4400000000 
H 1.6500000000 1.9300000000 3.5900000000 
H 2.3800000000 2.6200000000 4.7300000000 
O 9.2600000000 4.6600000000 3.3200000000 
H 8.9300000000 4.9600000000 2.4400000000 
H 9.8300000000 3.9100000000 3.0700000000 
O 1.5800000000 2.6200000000 8.3100000000 
H 1.5300000000 3.1000000000 9.1200000000 
H 0.6000000000 2.7300000000 7.9500000000 
O 4.8700000000 5.6100000000 1.7600000000 
H 5.3600000000 5.4400000000 0.9700000000 
H 5.4000000000 6.3800000000 2.1800000000 
O 2.6500000000 6.9100000000 2.5300000000 
H 2.8000000000 7.8500000000 2.1700000000 
H 3.3800000000 6.4800000000 1.9900000000 
O 6.3400000000 7.8300000000 2.5200000000 
H 5.9800000000 8.2800000000 3.3600000000 
H 7.3200000000 7.7800000000 2.7000000000 
O 8.0500000000 9.6300000000 6.3100000000 
H 7.4500000000 9.5700000000 5.5200000000 
H 7.8000000000 8.6900000000 6.7300000000 
O 8.6400000000 1.7000000000 0.5400000000 
H 8.6000000000 1.7700000000 9.4400000000 
H 9.0300000000 0.7800000000 0.7600000000 
O 8.9700000000 7.3400000000 3.5500000000 
H 9.6700000000 7.7600000000 4.1600000000 
H 9.0900000000 6.4100000000 3.7700000000 
O 8.7600000000 2.4000000000 7.5000000000 
H 8.5700000000 1.4700000000 7.2300000000 
H 8.4500000000 2.8800000000 6.6800000000 
O 8.4000000000 5.4600000000 0.9300000000 
H 8.8300000000 6.0800000000 0.3000000000 
H 7.5800000000 5.2800000000 0.4400000000 
O 6.1100000000 4.3800000000 9.4100000000 
H 5.3300000000 4.4700000000 8.8000000000 
H 6.4500000000 3.4200000000 9.2100000000 
O 9.7600000000 6.8500000000 8.9900000000 
H 0.6100000000 7.5300000000 8.8900000000 
H 0.1200000000 6.2900000000 8.1600000000 
O 0.6400000000 9.2400000000 4.9300000000 
H 0.9700000000 0.2600000000 4.7200000000 
H 9.5800000000 9.2800000000 5.3500000000 
O 7.6300000000 3.3500000000 5.2800000000 
H 6.7300000000 3.2300000000 4.9000000000 
H 7.8800000000 4.1000000000 4.7200000000 
O 5.3900000000 9.1500000000 5.0000000000 
H 5.0500000000 8.2400000000 5.1600000000 
H 4.6700000000 9.7300000000 5.2700000000 
O 5.7300000000 1.3000000000 1.5000000000 
H 6.6100000000 0.9000000000 1.6300000000 
H 5.7600000000 1.5900000000 0.5300000000 
O 4.6900000000 8.9000000000 9.4200000000 
H 4.9800000000 8.8500000000 0.4800000000 
H 5.3400000000 9.6300000000 9.0500000000 
O 2.5000000000 7.3200000000 5.2400000000 
H 2.1600000000 7.2600000000 4.2800000000 
H 2.0200000000 8.1500000000 5.4500000000 
O 0.5500000000 5.6900000000 6.4400000000 
H 0.0100000000 5.2800000000 5.7400000000 
H 1.2700000000 6.2900000000 6.0800000000 
O 9.6600000000 9.1000000000 1.2600000000 
H 9.5800000000 8.2800000000 0.8000000000 
H 9.7900000000 8.8000000000 2.1900000000 
O 2.9500000000 0.4500000000 6.9100000000 
H 2.6800000000 1.3800000000 7.2800000000 
H 2.3500000000 0.3300000000 6.1600000000 
O 4.5400000000 6.8800000000 7.2100000000 
H 3.7000000000 6.8500000000 6.7700000000 
H 4.4900000000 7.6400000000 7.8100000000 
O 3.4500000000 9.4500000000 2.1300000000 
H 2.8200000000 0.1900000000 1.7100000000 
H 4.1900000000 0.1800000000 2.0500000000 
O 1.4400000000 4.5700000000 0.6100000000 
H 2.2300000000 5.1700000000 0.6900000000 
H 0.7200000000 5.1300000000 0.2400000000 
O 0.6700000000 2.4500000000 2.2900000000 
H 9.7900000000 2.5000000000 1.6600000000 
H 1.3200000000 3.0200000000 1.7800000000 
O 2.1100000000 8.3000000000 8.5100000000 
H 2.8200000000 8.2200000000 9.1800000000 
H 2.2300000000 9.2300000000 8.3700000000 
O 7.2600000000 7.2100000000 7.1100000000 
H 7.6200000000 6.4400000000 7.5900000000 
H 6.2700000000 6.9300000000 7.1200000000 
O 4.1200000000 3.4600000000 7.3800000000 
H 4.0800000000 3.9600000000 6.5100000000 
H 3.1800000000 3.3900000000 7.5900000000 
O 6.0600000000 1.6100000000 8.5200000000 
H 6.8200000000 1.6500000000 7.9200000000 
H 5.3400000000 2.0800000000 8.0700000000 
O 5.8300000000 3.4900000000 3.2700000000 
H 5.6500000000 2.6900000000 2.6900000000 
H 5.6900000000 4.2600000000 2.7100000000 
O 3.2200000000 4.4000000000 4.5600000000 
H 2.8500000000 5.2600000000 4.2400000000 
H 4.0500000000 4.2800000000 4.0600000000 

