&CONTROL
/
&SYSTEM
   ntyp             = 2
   nat              = 96
   ibrav            = 0
/
&ELECTRONS
/
&IONS
/
&CELL
/

ATOMIC_SPECIES
O 15.999 None
H 1.008 None

K_POINTS gamma

CELL_PARAMETERS angstrom
9.86520000000000 0.00000000000000 0.00000000000000
0.00000000000000 9.86520000000000 0.00000000000000
0.00000000000000 0.00000000000000 9.86520000000000

ATOMIC_POSITIONS angstrom
O 0.1100000000 5.0700000000 3.2300000000 
H 0.1600000000 5.5800000000 4.0000000000 
H 0.9300000000 5.2100000000 2.7400000000 
O 4.5600000000 8.0500000000 3.0500000000 
H 4.4700000000 9.0200000000 2.8900000000 
H 5.5600000000 7.9600000000 3.1900000000 
O 7.8800000000 3.6000000000 1.3500000000 
H 8.1000000000 4.5800000000 1.5600000000 
H 8.5900000000 3.3100000000 0.7200000000 
O 7.3200000000 8.6300000000 2.9800000000 
H 8.2600000000 8.8600000000 3.2800000000 
H 7.1500000000 9.4900000000 2.5700000000 
O 0.4600000000 7.6700000000 0.6900000000 
H 0.5500000000 8.5500000000 1.1200000000 
H 1.1200000000 7.1700000000 1.2100000000 
O 6.4700000000 7.7100000000 5.6200000000 
H 6.9000000000 7.8200000000 4.7100000000 
H 6.6300000000 8.5800000000 6.0000000000 
O 2.8100000000 7.7400000000 5.4300000000 
H 2.9500000000 8.6500000000 5.8400000000 
H 3.3100000000 7.8600000000 4.5200000000 
O 7.4000000000 9.2400000000 8.6000000000 
H 7.0100000000 8.3500000000 8.8400000000 
H 8.0100000000 9.1400000000 7.7600000000 
O 9.0700000000 9.2500000000 6.4900000000 
H 9.3700000000 9.6500000000 5.6700000000 
H 9.5200000000 8.4000000000 6.4900000000 
O 0.7100000000 1.9700000000 6.8800000000 
H 1.3100000000 1.2600000000 6.6300000000 
H 0.1900000000 2.4400000000 6.1900000000 
O 3.2700000000 0.9900000000 0.3300000000 
H 3.1200000000 0.2100000000 9.6300000000 
H 4.1900000000 1.2200000000 0.0100000000 
O 5.5000000000 6.7900000000 9.2600000000 
H 6.4800000000 6.5200000000 9.2300000000 
H 5.2100000000 6.3200000000 0.1900000000 
O 7.8600000000 6.6200000000 0.8900000000 
H 7.7100000000 7.2300000000 1.6400000000 
H 8.6700000000 7.0500000000 0.5700000000 
O 2.5400000000 6.4700000000 2.4300000000 
H 3.2200000000 5.8100000000 2.1800000000 
H 3.1400000000 7.1800000000 2.7900000000 
O 3.2600000000 8.4400000000 8.9900000000 
H 2.7700000000 7.8900000000 8.3900000000 
H 4.1000000000 7.9200000000 9.0900000000 
O 4.4100000000 5.7600000000 6.4500000000 
H 3.9100000000 6.5000000000 6.0800000000 
H 4.5300000000 6.0400000000 7.4000000000 
O 5.7400000000 1.4300000000 9.5200000000 
H 5.6900000000 2.2300000000 8.9300000000 
H 6.3000000000 0.7700000000 9.1200000000 
O 0.5400000000 6.3500000000 5.7500000000 
H 0.7500000000 6.1700000000 6.6700000000 
H 1.4100000000 6.8000000000 5.5500000000 
O 0.7600000000 0.7000000000 1.4400000000 
H 1.6100000000 0.7800000000 1.0700000000 
H 0.0700000000 0.9400000000 0.7400000000 
O 5.7600000000 3.4000000000 7.4100000000 
H 5.0500000000 4.0600000000 7.3700000000 
H 6.4900000000 4.0300000000 7.4600000000 
O 8.3600000000 2.8700000000 4.0400000000 
H 8.9700000000 3.6300000000 3.6900000000 
H 7.5500000000 3.3100000000 3.8800000000 
O 1.1600000000 6.1700000000 8.3500000000 
H 0.7300000000 6.4800000000 9.1200000000 
H 1.6100000000 5.3200000000 8.7000000000 
O 5.3200000000 4.6700000000 1.1600000000 
H 5.3900000000 4.6700000000 2.1800000000 
H 6.0900000000 4.0500000000 1.0700000000 
O 5.9700000000 1.2200000000 5.7400000000 
H 5.9400000000 1.9700000000 6.4300000000 
H 6.4500000000 1.6800000000 5.0500000000 
O 9.5300000000 0.4800000000 4.0600000000 
H 9.2300000000 1.4600000000 4.1600000000 
H 0.3800000000 0.5400000000 3.3700000000 
O 9.2500000000 1.3400000000 9.0400000000 
H 9.8600000000 1.4300000000 8.2800000000 
H 8.5600000000 0.6100000000 8.7600000000 
O 5.2000000000 4.2300000000 3.8100000000 
H 4.8400000000 3.4900000000 4.3900000000 
H 5.0600000000 4.9400000000 4.4800000000 
O 6.3500000000 1.3800000000 2.3100000000 
H 7.0100000000 2.1100000000 2.2300000000 
H 6.1800000000 1.1500000000 1.4300000000 
O 3.3700000000 0.4200000000 5.7000000000 
H 3.3200000000 0.6900000000 4.7400000000 
H 4.3100000000 0.6700000000 5.9500000000 
O 2.0600000000 3.6200000000 8.8900000000 
H 2.7800000000 2.9800000000 8.9500000000 
H 1.5200000000 3.1400000000 8.2800000000 
O 3.7200000000 1.2300000000 3.0000000000 
H 4.6600000000 1.3600000000 3.1200000000 
H 3.5900000000 1.3500000000 2.0000000000 
O 7.7400000000 5.6100000000 7.1000000000 
H 7.2300000000 6.3900000000 6.7200000000 
H 8.6400000000 5.7200000000 6.8600000000 

