&CONTROL
/
&SYSTEM
   ntyp             = 2
   nat              = 96
   ibrav            = 0
/
&ELECTRONS
/
&IONS
/
&CELL
/

ATOMIC_SPECIES
O 15.999 None
H 1.008 None

K_POINTS gamma

CELL_PARAMETERS angstrom
9.86520000000000 0.00000000000000 0.00000000000000
0.00000000000000 9.86520000000000 0.00000000000000
0.00000000000000 0.00000000000000 9.86520000000000

ATOMIC_POSITIONS angstrom
O 6.8100000000 1.4700000000 3.6100000000 
H 7.1600000000 1.6900000000 4.5100000000 
H 6.6400000000 0.4700000000 3.6200000000 
O 7.4300000000 0.3600000000 9.1400000000 
H 8.3600000000 0.1000000000 9.3000000000 
H 7.4000000000 1.1200000000 9.8100000000 
O 9.8200000000 5.3600000000 7.2700000000 
H 0.4100000000 5.1400000000 6.4700000000 
H 0.3900000000 6.2500000000 7.4700000000 
O 1.5900000000 2.5000000000 4.9900000000 
H 2.6000000000 2.6000000000 4.8600000000 
H 1.1900000000 2.8200000000 4.1700000000 
O 0.4000000000 0.4300000000 8.9600000000 
H 0.1500000000 1.3400000000 8.7500000000 
H 1.3000000000 0.5800000000 9.3400000000 
O 5.3200000000 4.2500000000 0.3000000000 
H 6.1700000000 4.5000000000 9.6100000000 
H 4.5400000000 4.2200000000 9.4900000000 
O 6.0400000000 4.5900000000 5.9300000000 
H 6.4700000000 5.3500000000 5.4600000000 
H 6.1100000000 4.8600000000 6.8600000000 
O 0.7300000000 5.5700000000 0.4600000000 
H 0.6600000000 6.1100000000 9.5100000000 
H 1.3200000000 6.0600000000 1.0800000000 
O 3.5300000000 7.6400000000 0.1900000000 
H 3.5500000000 7.2800000000 9.1400000000 
H 3.2100000000 8.5400000000 0.1400000000 
O 9.2600000000 5.1100000000 4.3200000000 
H 9.7300000000 4.5100000000 3.6400000000 
H 8.7400000000 5.7500000000 3.7300000000 
O 3.5500000000 8.8700000000 6.5800000000 
H 2.7900000000 9.2500000000 6.0600000000 
H 3.6400000000 7.9500000000 6.2300000000 
O 6.6100000000 7.6900000000 0.0000000000 
H 5.6400000000 7.7300000000 0.0900000000 
H 6.7800000000 8.6200000000 9.7300000000 
O 8.2400000000 0.0100000000 6.1500000000 
H 8.4300000000 0.9700000000 5.8300000000 
H 8.2700000000 0.1000000000 7.1500000000 
O 7.2200000000 5.2800000000 8.3200000000 
H 8.1400000000 5.3900000000 7.9600000000 
H 6.9900000000 6.0300000000 8.9300000000 
O 3.4700000000 9.5000000000 3.5200000000 
H 3.2000000000 0.4900000000 3.9800000000 
H 2.7800000000 8.7400000000 3.6900000000 
O 1.0600000000 9.6200000000 5.2700000000 
H 1.1500000000 0.7100000000 5.2200000000 
H 0.0800000000 9.5100000000 5.4200000000 
O 0.1400000000 3.3200000000 2.4500000000 
H 9.7400000000 2.5000000000 2.0700000000 
H 0.3100000000 3.8200000000 1.6100000000 
O 4.0600000000 2.4600000000 4.3200000000 
H 4.7700000000 2.6000000000 3.5800000000 
H 4.6200000000 2.5600000000 5.1600000000 
O 2.9400000000 0.5300000000 0.5200000000 
H 3.0700000000 0.1500000000 1.4500000000 
H 3.8400000000 0.8900000000 0.3000000000 
O 3.2000000000 3.5600000000 8.3100000000 
H 3.6700000000 2.7100000000 8.0900000000 
H 2.3300000000 3.1700000000 8.4500000000 
O 4.8800000000 1.2800000000 7.7300000000 
H 4.6900000000 0.3600000000 7.3600000000 
H 5.8800000000 1.2700000000 7.8100000000 
O 3.4500000000 6.4300000000 4.7200000000 
H 3.6600000000 6.3000000000 3.7700000000 
H 3.9900000000 5.6800000000 5.0700000000 
O 8.3800000000 2.6600000000 5.5100000000 
H 9.0800000000 3.3200000000 5.3000000000 
H 7.5900000000 3.2500000000 5.6900000000 
O 1.5500000000 7.3300000000 2.5000000000 
H 0.6300000000 7.6400000000 2.5400000000 
H 1.8300000000 7.0500000000 3.4000000000 
O 0.3100000000 3.2100000000 8.8900000000 
H 0.6500000000 3.9800000000 9.4100000000 
H 9.6500000000 3.8100000000 8.2400000000 
O 0.5500000000 7.6800000000 8.4200000000 
H 0.4600000000 8.6700000000 8.7300000000 
H 1.4600000000 7.7000000000 8.0900000000 
O 3.1000000000 6.1800000000 7.5300000000 
H 3.4100000000 5.2400000000 7.8200000000 
H 2.8600000000 6.0200000000 6.6300000000 
O 6.1600000000 8.6300000000 3.7500000000 
H 6.2600000000 8.0700000000 4.5700000000 
H 5.1600000000 8.8700000000 3.8300000000 
O 7.5900000000 2.5800000000 1.3000000000 
H 7.4800000000 2.1700000000 2.2200000000 
H 6.9100000000 3.3300000000 1.3200000000 
O 6.7500000000 7.4000000000 6.0300000000 
H 7.3000000000 8.2300000000 5.9500000000 
H 7.0100000000 7.2700000000 6.9400000000 
O 4.2600000000 5.6700000000 2.4200000000 
H 4.6900000000 4.9800000000 1.7800000000 
H 4.0100000000 6.3500000000 1.8000000000 
O 8.3500000000 7.2300000000 2.6000000000 
H 8.1900000000 7.1800000000 1.6300000000 
H 7.7900000000 8.0000000000 2.7900000000 

