&CONTROL
/
&SYSTEM
   ntyp             = 2
   nat              = 96
   ibrav            = 0
/
&ELECTRONS
/
&IONS
/
&CELL
/

ATOMIC_SPECIES
O 15.999 None
H 1.008 None

K_POINTS gamma

CELL_PARAMETERS angstrom
9.86520000000000 0.00000000000000 0.00000000000000
0.00000000000000 9.86520000000000 0.00000000000000
0.00000000000000 0.00000000000000 9.86520000000000

ATOMIC_POSITIONS angstrom
O 8.9900000000 0.3900000000 7.2000000000 
H 9.3800000000 9.4900000000 6.8600000000 
H 9.1800000000 1.0200000000 6.4400000000 
O 6.3000000000 0.3800000000 7.7100000000 
H 7.2900000000 0.4100000000 7.5200000000 
H 6.2600000000 0.2200000000 8.6700000000 
O 6.8600000000 0.3300000000 0.5500000000 
H 6.9400000000 1.2000000000 0.1500000000 
H 7.3100000000 0.4300000000 1.4400000000 
O 2.4100000000 9.4900000000 8.3500000000 
H 2.3400000000 8.8400000000 7.5800000000 
H 2.8500000000 8.9200000000 9.0700000000 
O 6.3000000000 6.5800000000 2.4900000000 
H 7.2200000000 6.7900000000 2.1200000000 
H 6.2300000000 7.2400000000 3.2200000000 
O 2.4100000000 7.4700000000 6.1300000000 
H 3.0000000000 8.0400000000 5.6000000000 
H 2.9200000000 6.6200000000 6.3200000000 
O 6.2100000000 7.4300000000 9.2700000000 
H 6.3400000000 8.3600000000 8.9200000000 
H 6.8900000000 7.4900000000 0.1400000000 
O 7.5700000000 1.2200000000 3.2800000000 
H 7.0900000000 1.8500000000 3.8300000000 
H 8.5200000000 1.4800000000 3.4300000000 
O 0.0300000000 5.0900000000 7.2400000000 
H 0.4200000000 4.9500000000 8.1400000000 
H 0.7200000000 4.8800000000 6.6400000000 
O 4.7600000000 9.1000000000 5.5300000000 
H 5.5400000000 8.6600000000 5.1900000000 
H 4.9700000000 9.4100000000 6.4700000000 
O 7.2100000000 8.4000000000 4.4100000000 
H 8.0100000000 8.1100000000 4.8300000000 
H 7.5000000000 9.2200000000 3.9300000000 
O 3.5500000000 1.8400000000 7.7500000000 
H 4.4900000000 1.6600000000 7.8000000000 
H 3.1500000000 1.0400000000 8.1600000000 
O 9.2900000000 4.6900000000 2.8900000000 
H 9.3800000000 4.4800000000 1.9100000000 
H 0.0600000000 5.4200000000 3.0200000000 
O 2.4400000000 4.4000000000 8.6200000000 
H 3.1600000000 4.9400000000 8.1600000000 
H 2.8200000000 3.5200000000 8.3500000000 
O 8.7600000000 7.4600000000 1.7700000000 
H 9.1900000000 8.1800000000 2.2700000000 
H 9.6000000000 7.0500000000 1.4000000000 
O 7.3500000000 2.9100000000 9.6500000000 
H 8.2100000000 3.3100000000 0.0900000000 
H 6.6800000000 3.1600000000 0.4500000000 
O 6.5200000000 3.4800000000 4.7200000000 
H 7.1100000000 3.9200000000 4.0700000000 
H 6.8000000000 3.8300000000 5.5400000000 
O 3.8000000000 8.3300000000 0.4600000000 
H 4.5600000000 7.7100000000 0.2600000000 
H 4.2500000000 8.8500000000 1.2100000000 
O 1.6000000000 6.5200000000 0.5300000000 
H 2.3700000000 7.0900000000 0.3400000000 
H 1.7600000000 5.6600000000 0.0400000000 
O 1.5300000000 6.6000000000 3.4300000000 
H 1.8200000000 6.7800000000 2.5000000000 
H 1.1400000000 7.4800000000 3.6900000000 
O 1.8600000000 4.4100000000 5.2300000000 
H 2.3700000000 3.7900000000 4.6300000000 
H 1.8100000000 5.2600000000 4.6400000000 
O 2.4200000000 1.6000000000 5.3900000000 
H 2.8100000000 1.6900000000 6.3100000000 
H 3.0900000000 1.9600000000 4.7800000000 
O 4.6400000000 9.7700000000 2.9700000000 
H 5.5700000000 0.1100000000 3.2500000000 
H 4.2500000000 9.7900000000 3.8400000000 
O 7.3200000000 4.3900000000 7.3100000000 
H 7.4100000000 3.5400000000 7.8700000000 
H 8.2800000000 4.6800000000 7.2900000000 
O 3.8900000000 2.9900000000 3.5300000000 
H 4.7100000000 3.2700000000 4.0400000000 
H 4.1400000000 3.1200000000 2.5900000000 
O 0.2700000000 3.5600000000 0.5600000000 
H 0.3400000000 2.5700000000 0.3500000000 
H 1.1200000000 3.9500000000 0.1900000000 
O 0.4500000000 0.8300000000 0.1300000000 
H 1.1800000000 0.5200000000 9.4700000000 
H 9.6000000000 0.6200000000 9.4000000000 
O 9.7600000000 2.2500000000 5.1100000000 
H 0.7500000000 1.8000000000 5.2000000000 
H 0.1300000000 3.1300000000 4.9400000000 
O 0.6600000000 9.3000000000 2.6100000000 
H 0.7500000000 9.7000000000 1.6700000000 
H 1.2500000000 0.0200000000 3.1000000000 
O 9.3800000000 7.7700000000 6.0600000000 
H 9.2200000000 6.9700000000 6.5900000000 
H 0.4900000000 7.6000000000 5.9200000000 
O 5.3800000000 4.1400000000 1.3200000000 
H 5.4300000000 4.2500000000 0.3400000000 
H 5.6600000000 4.9700000000 1.7400000000 
O 4.5400000000 5.8800000000 7.6500000000 
H 5.2900000000 5.5600000000 7.1000000000 
H 5.1200000000 6.4800000000 8.2000000000 

