&CONTROL
/
&SYSTEM
   ntyp             = 2
   nat              = 96
   ibrav            = 0
/
&ELECTRONS
/
&IONS
/
&CELL
/

ATOMIC_SPECIES
O 15.999 None
H 1.008 None

K_POINTS gamma

CELL_PARAMETERS angstrom
9.86520000000000 0.00000000000000 0.00000000000000
0.00000000000000 9.86520000000000 0.00000000000000
0.00000000000000 0.00000000000000 9.86520000000000

ATOMIC_POSITIONS angstrom
O 7.4100000000 9.0700000000 4.6900000000 
H 6.8100000000 8.7000000000 5.4000000000 
H 7.1900000000 8.7100000000 3.7700000000 
O 3.2200000000 1.3900000000 6.1900000000 
H 3.7100000000 0.7300000000 5.7000000000 
H 3.2200000000 2.2300000000 5.6700000000 
O 0.3700000000 9.4100000000 5.2700000000 
H 9.4600000000 8.8600000000 4.9600000000 
H 0.5400000000 8.9700000000 6.1700000000 
O 5.4200000000 8.2100000000 6.2600000000 
H 5.0900000000 8.1000000000 7.1800000000 
H 4.7100000000 7.9700000000 5.6000000000 
O 1.6100000000 5.7600000000 1.7700000000 
H 1.3300000000 4.8200000000 1.8200000000 
H 2.6100000000 5.6600000000 2.0100000000 
O 9.2800000000 3.3300000000 2.2000000000 
H 0.2100000000 2.9000000000 1.8600000000 
H 9.2600000000 3.0100000000 3.1100000000 
O 2.4400000000 2.0500000000 8.8700000000 
H 2.6900000000 1.9400000000 7.8700000000 
H 1.6000000000 1.4900000000 8.8600000000 
O 6.3400000000 3.7000000000 7.5100000000 
H 6.5700000000 2.8500000000 7.0300000000 
H 6.8600000000 3.4800000000 8.2900000000 
O 6.5800000000 1.4700000000 6.1700000000 
H 5.7600000000 1.2800000000 5.6100000000 
H 7.3400000000 1.1100000000 5.6800000000 
O 7.4300000000 3.4900000000 0.0900000000 
H 6.7500000000 3.1300000000 0.7600000000 
H 8.2300000000 3.2900000000 0.6500000000 
O 5.6300000000 4.3400000000 4.7300000000 
H 5.8700000000 3.9400000000 5.6100000000 
H 4.7900000000 4.8000000000 4.8400000000 
O 6.2300000000 2.5800000000 2.6000000000 
H 5.9500000000 3.3500000000 3.1500000000 
H 5.8200000000 1.8400000000 3.0900000000 
O 0.5300000000 8.2400000000 1.5100000000 
H 1.0200000000 7.3900000000 1.7100000000 
H 9.7500000000 7.9700000000 0.8000000000 
O 1.0000000000 4.9700000000 6.0400000000 
H 0.1000000000 5.3100000000 5.9900000000 
H 1.1300000000 4.6300000000 6.9300000000 
O 9.4200000000 3.2100000000 7.6200000000 
H 9.4000000000 2.2700000000 7.8700000000 
H 8.7500000000 3.6300000000 8.1900000000 
O 4.2700000000 4.3500000000 9.1700000000 
H 3.7100000000 3.5800000000 9.2600000000 
H 4.8600000000 4.1200000000 8.4500000000 
O 4.2800000000 5.7800000000 1.6000000000 
H 4.0400000000 5.1200000000 0.8200000000 
H 5.1800000000 5.7100000000 2.0100000000 
O 6.3800000000 9.1400000000 9.5000000000 
H 7.2700000000 9.1700000000 9.1900000000 
H 6.0500000000 0.1700000000 9.5100000000 
O 3.4000000000 6.2700000000 4.6800000000 
H 2.5500000000 5.8500000000 4.9800000000 
H 2.9500000000 7.0700000000 4.3900000000 
O 4.1800000000 7.3400000000 8.5700000000 
H 4.7500000000 7.7200000000 9.3100000000 
H 3.8800000000 6.5000000000 9.0400000000 
O 9.7000000000 2.3900000000 4.8800000000 
H 0.1200000000 1.4500000000 4.9000000000 
H 9.7100000000 2.5700000000 5.7900000000 
O 2.0200000000 0.1700000000 3.1100000000 
H 1.5600000000 9.6100000000 2.3700000000 
H 1.4000000000 9.8400000000 3.8100000000 
O 7.9100000000 6.4100000000 6.9300000000 
H 7.5300000000 5.6300000000 7.3100000000 
H 7.1000000000 6.9200000000 6.6400000000 
O 6.5200000000 8.3800000000 2.1700000000 
H 6.4400000000 8.6800000000 1.2700000000 
H 6.8300000000 7.4400000000 2.1800000000 
O 4.7100000000 0.3800000000 3.7500000000 
H 3.7600000000 0.2100000000 3.5300000000 
H 5.0600000000 9.3500000000 3.6800000000 
O 8.3900000000 0.7200000000 1.4100000000 
H 8.3900000000 9.7400000000 1.9100000000 
H 7.8100000000 1.3500000000 1.7800000000 
O 9.6200000000 0.8100000000 8.9600000000 
H 9.1400000000 0.7600000000 9.7800000000 
H 0.0100000000 9.7200000000 8.7000000000 
O 7.2200000000 5.2600000000 2.5700000000 
H 6.5400000000 4.9000000000 3.2100000000 
H 7.8600000000 4.5000000000 2.6000000000 
O 9.2000000000 8.0300000000 8.8400000000 
H 0.2200000000 7.6800000000 8.5900000000 
H 8.6500000000 7.5600000000 8.2100000000 
O 2.4200000000 3.0200000000 1.5100000000 
H 3.2700000000 2.5800000000 1.7100000000 
H 2.3200000000 2.8000000000 0.5400000000 
O 2.6700000000 3.3400000000 4.3900000000 
H 1.8100000000 3.8400000000 4.6700000000 
H 2.3300000000 2.9800000000 3.5100000000 
O 1.9200000000 8.3900000000 7.6100000000 
H 2.2100000000 9.1900000000 8.1100000000 
H 2.8200000000 7.9300000000 7.7000000000 

