&CONTROL
/
&SYSTEM
   ntyp             = 2
   nat              = 96
   ibrav            = 0
/
&ELECTRONS
/
&IONS
/
&CELL
/

ATOMIC_SPECIES
O 15.999 None
H 1.008 None

K_POINTS gamma

CELL_PARAMETERS angstrom
9.86520000000000 0.00000000000000 0.00000000000000
0.00000000000000 9.86520000000000 0.00000000000000
0.00000000000000 0.00000000000000 9.86520000000000

ATOMIC_POSITIONS angstrom
O 3.1600000000 5.5800000000 1.3400000000 
H 2.2700000000 5.2300000000 1.1000000000 
H 3.1900000000 6.4300000000 0.8500000000 
O 3.3000000000 9.0200000000 6.5700000000 
H 2.8800000000 8.5300000000 7.3500000000 
H 3.9200000000 8.4300000000 6.1300000000 
O 9.6200000000 5.7600000000 3.4300000000 
H 9.1800000000 5.9300000000 2.5600000000 
H 0.5900000000 5.2000000000 3.1700000000 
O 5.9100000000 6.3600000000 3.4900000000 
H 6.3400000000 6.7600000000 2.7000000000 
H 6.3300000000 6.8800000000 4.1300000000 
O 7.1100000000 2.0600000000 9.4000000000 
H 6.4900000000 1.6500000000 8.7200000000 
H 6.5700000000 2.2500000000 0.3000000000 
O 8.9500000000 9.6200000000 6.3200000000 
H 9.2000000000 8.7500000000 6.6200000000 
H 9.5900000000 0.0600000000 5.6900000000 
O 8.6300000000 4.3200000000 5.5200000000 
H 8.9100000000 4.7700000000 4.7200000000 
H 9.1800000000 3.5900000000 5.4400000000 
O 3.0300000000 7.5300000000 9.1800000000 
H 2.1100000000 7.8100000000 9.0600000000 
H 3.1000000000 6.7900000000 8.5300000000 
O 0.3600000000 8.6900000000 9.0700000000 
H 9.7400000000 9.5500000000 8.7800000000 
H 9.8100000000 8.6100000000 0.0600000000 
O 2.8400000000 7.2300000000 4.2300000000 
H 3.1900000000 8.0800000000 3.9300000000 
H 3.3500000000 6.7000000000 3.6000000000 
O 9.3300000000 1.4500000000 8.4500000000 
H 8.4700000000 1.7700000000 8.8500000000 
H 9.0300000000 0.9800000000 7.6200000000 
O 1.5500000000 3.1700000000 3.3600000000 
H 1.8800000000 3.3300000000 2.4100000000 
H 1.4900000000 2.2400000000 3.5400000000 
O 6.6300000000 8.4500000000 5.4700000000 
H 5.9600000000 9.0800000000 5.1200000000 
H 7.3600000000 9.0000000000 5.6900000000 
O 6.4200000000 4.9800000000 7.0800000000 
H 6.1800000000 4.0800000000 7.4600000000 
H 7.1800000000 4.7700000000 6.4700000000 
O 3.7200000000 9.2500000000 2.5200000000 
H 3.3700000000 0.0700000000 1.9100000000 
H 4.4500000000 8.9000000000 1.9700000000 
O 0.7400000000 7.2900000000 6.1000000000 
H 1.5900000000 7.7500000000 5.8700000000 
H 0.6300000000 6.7800000000 5.3100000000 
O 2.3400000000 1.5600000000 7.0500000000 
H 2.5000000000 0.6100000000 6.8400000000 
H 1.5800000000 1.4500000000 7.6700000000 
O 1.1900000000 3.4600000000 9.2400000000 
H 0.7100000000 4.2800000000 9.0100000000 
H 0.7100000000 2.7100000000 8.7500000000 
O 9.6800000000 0.7100000000 1.7800000000 
H 9.7200000000 1.2400000000 0.9700000000 
H 9.0000000000 0.0600000000 1.5200000000 
O 8.3400000000 5.4000000000 0.9500000000 
H 8.1300000000 4.4500000000 0.7400000000 
H 8.6200000000 5.6600000000 0.0800000000 
O 5.5500000000 0.7500000000 4.5300000000 
H 5.0500000000 0.3000000000 3.8100000000 
H 5.3900000000 1.7300000000 4.5000000000 
O 5.7400000000 3.5200000000 4.1600000000 
H 4.8100000000 3.6900000000 4.5200000000 
H 6.0600000000 4.4600000000 4.0800000000 
O 6.4700000000 7.3900000000 7.9700000000 
H 6.5400000000 6.3800000000 7.7100000000 
H 6.3800000000 7.8000000000 7.0800000000 
O 5.4200000000 8.5600000000 0.4500000000 
H 4.5800000000 8.4600000000 0.0100000000 
H 6.0200000000 8.2100000000 9.5700000000 
O 5.5600000000 1.3500000000 7.2300000000 
H 4.6000000000 1.2900000000 7.1500000000 
H 5.8800000000 1.0000000000 6.3600000000 
O 0.8100000000 0.5800000000 4.1800000000 
H 0.2600000000 0.6000000000 3.3600000000 
H 1.6900000000 0.2000000000 3.8900000000 
O 3.2700000000 3.5300000000 5.4500000000 
H 2.9700000000 2.6900000000 5.9700000000 
H 2.5300000000 3.5300000000 4.8000000000 
O 8.0200000000 8.3900000000 1.2600000000 
H 7.1800000000 8.8600000000 0.9900000000 
H 7.6600000000 7.4900000000 1.3000000000 
O 9.5600000000 5.5400000000 8.1700000000 
H 0.1100000000 6.3600000000 7.8300000000 
H 9.0000000000 5.3300000000 7.3800000000 
O 3.8000000000 6.0900000000 7.2200000000 
H 4.6900000000 5.7400000000 7.2400000000 
H 3.3700000000 5.5900000000 6.4700000000 
O 5.4000000000 3.6400000000 1.4800000000 
H 4.7200000000 4.3500000000 1.4000000000 
H 5.7100000000 3.4600000000 2.4600000000 
O 3.3700000000 1.6900000000 0.8800000000 
H 4.2100000000 2.1400000000 0.6300000000 
H 2.8000000000 2.1000000000 0.2100000000 

