&CONTROL
/
&SYSTEM
   ntyp             = 2
   nat              = 96
   ibrav            = 0
/
&ELECTRONS
/
&IONS
/
&CELL
/

ATOMIC_SPECIES
O 15.999 None
H 1.008 None

K_POINTS gamma

CELL_PARAMETERS angstrom
9.86520000000000 0.00000000000000 0.00000000000000
0.00000000000000 9.86520000000000 0.00000000000000
0.00000000000000 0.00000000000000 9.86520000000000

ATOMIC_POSITIONS angstrom
O 7.4300000000 4.4800000000 6.8700000000 
H 6.4900000000 4.7000000000 6.6100000000 
H 7.6700000000 3.7500000000 6.2200000000 
O 3.9700000000 1.7600000000 1.8300000000 
H 3.0300000000 1.5100000000 1.9200000000 
H 4.0200000000 2.2600000000 0.9600000000 
O 8.2400000000 2.9500000000 4.4400000000 
H 7.2600000000 2.7600000000 4.3900000000 
H 8.6500000000 2.3000000000 3.8000000000 
O 1.7600000000 4.5800000000 2.4500000000 
H 1.9600000000 3.6100000000 2.2000000000 
H 2.2400000000 4.7500000000 3.2900000000 
O 1.4000000000 9.6300000000 4.9400000000 
H 0.6900000000 0.2300000000 4.4200000000 
H 1.4000000000 8.6900000000 4.6100000000 
O 4.1900000000 8.4700000000 5.1400000000 
H 4.5500000000 8.4600000000 4.2000000000 
H 4.0600000000 9.4500000000 5.1600000000 
O 4.4600000000 3.5500000000 9.6600000000 
H 4.2600000000 3.5900000000 8.6800000000 
H 4.8100000000 4.4600000000 9.7900000000 
O 1.2400000000 1.9300000000 1.4500000000 
H 0.3000000000 1.6000000000 1.7900000000 
H 1.1100000000 2.0800000000 0.4500000000 
O 3.0700000000 8.2300000000 9.1800000000 
H 2.3900000000 7.6100000000 9.6100000000 
H 2.4900000000 8.7900000000 8.6200000000 
O 9.5100000000 9.6000000000 7.4400000000 
H 9.0200000000 8.7100000000 7.3900000000 
H 0.2200000000 9.5500000000 6.6000000000 
O 0.4600000000 4.3600000000 6.1400000000 
H 9.7100000000 4.0700000000 5.4200000000 
H 0.5200000000 3.6600000000 6.8300000000 
O 0.5300000000 2.3000000000 8.4000000000 
H 1.2000000000 1.8400000000 7.9100000000 
H 9.8300000000 1.4800000000 8.5800000000 
O 5.3200000000 7.5500000000 7.6500000000 
H 4.4500000000 7.5400000000 8.0600000000 
H 5.1300000000 7.7600000000 6.7200000000 
O 4.7600000000 4.4300000000 7.0700000000 
H 4.1000000000 5.1200000000 7.1400000000 
H 4.4900000000 3.7900000000 6.3800000000 
O 8.1200000000 8.5000000000 4.1600000000 
H 7.7600000000 7.7200000000 3.6400000000 
H 8.5400000000 7.9700000000 4.9000000000 
O 1.1000000000 6.1400000000 0.0000000000 
H 0.1400000000 6.0500000000 9.7000000000 
H 1.2900000000 5.4900000000 0.7200000000 
O 6.5300000000 1.3000000000 1.1500000000 
H 6.4900000000 1.3100000000 0.1700000000 
H 5.5600000000 1.6000000000 1.3500000000 
O 2.4200000000 6.1000000000 7.3000000000 
H 1.8900000000 6.2700000000 8.1800000000 
H 1.7900000000 5.5300000000 6.7600000000 
O 2.5700000000 0.1800000000 7.2400000000 
H 2.1800000000 9.7600000000 6.3300000000 
H 3.5300000000 0.0900000000 6.9600000000 
O 8.8900000000 0.8800000000 2.7700000000 
H 8.3300000000 0.9500000000 1.9800000000 
H 8.3800000000 0.2700000000 3.3900000000 
O 4.4300000000 8.2900000000 2.3700000000 
H 3.8200000000 8.3500000000 1.6600000000 
H 5.2400000000 8.0800000000 1.9000000000 
O 5.2300000000 3.6300000000 4.1100000000 
H 4.4600000000 4.1800000000 4.0600000000 
H 5.7100000000 3.9800000000 3.3200000000 
O 0.7900000000 7.1900000000 3.6500000000 
H 1.2200000000 6.4200000000 3.1400000000 
H 9.6800000000 7.1900000000 3.3500000000 
O 8.4000000000 4.3700000000 9.3000000000 
H 9.1000000000 3.7500000000 9.1100000000 
H 7.8900000000 4.4000000000 8.4700000000 
O 6.6800000000 4.0800000000 1.5300000000 
H 7.2400000000 4.1800000000 0.7300000000 
H 6.6600000000 3.1700000000 1.5900000000 
O 7.9400000000 6.6300000000 2.2100000000 
H 7.5200000000 7.2200000000 1.6000000000 
H 7.5900000000 5.7500000000 1.9800000000 
O 6.6500000000 0.6600000000 5.7700000000 
H 5.8400000000 0.5700000000 5.1800000000 
H 7.2600000000 0.0300000000 5.2800000000 
O 7.0800000000 0.9100000000 8.5200000000 
H 6.5700000000 1.0000000000 7.6900000000 
H 7.9500000000 0.6900000000 8.2000000000 
O 3.3400000000 5.7200000000 4.3200000000 
H 3.9700000000 6.4400000000 4.2600000000 
H 2.7200000000 6.1200000000 4.9700000000 
O 8.0400000000 7.2900000000 6.9900000000 
H 8.1700000000 6.3700000000 7.1800000000 
H 7.1600000000 7.4800000000 7.2900000000 
O 4.5400000000 1.1200000000 4.3200000000 
H 4.4400000000 1.3100000000 3.3300000000 
H 4.8300000000 2.0900000000 4.4600000000 
O 6.6700000000 8.4400000000 0.4700000000 
H 6.2900000000 8.3300000000 9.4400000000 
H 6.7200000000 9.4300000000 0.5400000000 

