&CONTROL
/
&SYSTEM
   ntyp             = 2
   nat              = 96
   ibrav            = 0
/
&ELECTRONS
/
&IONS
/
&CELL
/

ATOMIC_SPECIES
O 15.999 None
H 1.008 None

K_POINTS gamma

CELL_PARAMETERS angstrom
9.86520000000000 0.00000000000000 0.00000000000000
0.00000000000000 9.86520000000000 0.00000000000000
0.00000000000000 0.00000000000000 9.86520000000000

ATOMIC_POSITIONS angstrom
O 4.5900000000 0.5400000000 3.3100000000 
H 5.2500000000 0.0900000000 3.9800000000 
H 4.3700000000 9.7300000000 2.6600000000 
O 6.7400000000 5.6600000000 9.2700000000 
H 7.2500000000 6.3200000000 0.0300000000 
H 7.3700000000 4.9500000000 9.3400000000 
O 7.4400000000 2.1700000000 4.8600000000 
H 8.1700000000 1.4700000000 5.0400000000 
H 6.6300000000 1.6800000000 5.1000000000 
O 7.2800000000 4.1800000000 2.6000000000 
H 7.3700000000 3.7100000000 3.4700000000 
H 6.2900000000 4.1100000000 2.4700000000 
O 1.1200000000 2.7000000000 1.7000000000 
H 1.8500000000 2.3600000000 1.1700000000 
H 1.1100000000 3.6500000000 1.5500000000 
O 2.6300000000 1.4800000000 5.4000000000 
H 3.3300000000 1.7000000000 5.9900000000 
H 3.1800000000 1.3600000000 4.6200000000 
O 3.3700000000 3.8100000000 9.1100000000 
H 4.1100000000 3.2200000000 9.3500000000 
H 2.6500000000 3.1000000000 8.9300000000 
O 6.0000000000 6.4600000000 6.5300000000 
H 6.2100000000 6.0300000000 7.3600000000 
H 6.6400000000 6.0000000000 5.8600000000 
O 5.4000000000 0.2700000000 6.5100000000 
H 4.5800000000 9.7400000000 6.9300000000 
H 6.0400000000 9.8100000000 7.1800000000 
O 4.7100000000 3.3000000000 2.2200000000 
H 4.3300000000 2.3700000000 2.3800000000 
H 5.1400000000 3.1500000000 1.3400000000 
O 9.8600000000 0.4800000000 2.6200000000 
H 9.4500000000 0.6600000000 3.4700000000 
H 0.5400000000 1.2500000000 2.4500000000 
O 6.2300000000 9.5800000000 8.9500000000 
H 6.9500000000 9.2400000000 9.5200000000 
H 5.6000000000 8.8300000000 9.0400000000 
O 8.3400000000 3.0800000000 0.4100000000 
H 8.1800000000 3.4600000000 1.2900000000 
H 9.1800000000 2.6400000000 0.5300000000 
O 2.3800000000 1.1800000000 9.3800000000 
H 1.7400000000 0.4500000000 9.4000000000 
H 3.0700000000 0.5800000000 9.7600000000 
O 8.5800000000 9.1000000000 0.5000000000 
H 8.4100000000 8.2900000000 1.0400000000 
H 8.8800000000 9.6500000000 1.2200000000 
O 3.4600000000 5.6900000000 2.7200000000 
H 3.8400000000 4.7600000000 2.7300000000 
H 3.5800000000 5.9500000000 3.6500000000 
O 1.3800000000 5.6000000000 7.4400000000 
H 0.8100000000 6.4200000000 7.5800000000 
H 1.6100000000 5.3800000000 8.3600000000 
O 8.9800000000 9.4700000000 5.2400000000 
H 9.8000000000 9.0000000000 5.4500000000 
H 9.0400000000 0.0300000000 6.1100000000 
O 6.4400000000 8.6000000000 4.4100000000 
H 7.3500000000 8.6400000000 4.8700000000 
H 5.8400000000 8.5600000000 5.1900000000 
O 1.5900000000 8.2400000000 5.2300000000 
H 2.1800000000 7.5100000000 5.3800000000 
H 1.9500000000 8.7600000000 4.4500000000 
O 3.4500000000 6.1100000000 5.5500000000 
H 4.3500000000 6.2700000000 5.9500000000 
H 2.8700000000 5.8600000000 6.3000000000 
O 3.4300000000 8.6500000000 8.0200000000 
H 2.4500000000 8.5700000000 7.9400000000 
H 3.7300000000 7.8100000000 8.4300000000 
O 7.3700000000 7.2700000000 1.9100000000 
H 7.9100000000 6.5400000000 2.2100000000 
H 7.0000000000 7.5300000000 2.7800000000 
O 9.2300000000 0.9600000000 7.5100000000 
H 8.3500000000 1.1300000000 7.9200000000 
H 9.5800000000 1.8500000000 7.3900000000 
O 1.0600000000 5.4800000000 0.7800000000 
H 0.5100000000 6.1500000000 1.2400000000 
H 1.8700000000 5.5100000000 1.3000000000 
O 0.3900000000 8.4000000000 8.1900000000 
H 0.2800000000 9.2500000000 7.6900000000 
H 9.5900000000 8.5100000000 8.9300000000 
O 0.5600000000 7.5300000000 2.6600000000 
H 0.2300000000 8.5000000000 2.6700000000 
H 0.7100000000 7.2900000000 3.6100000000 
O 3.4800000000 8.3600000000 1.5200000000 
H 3.9800000000 7.6200000000 1.1100000000 
H 2.6800000000 7.9000000000 1.8100000000 
O 8.2000000000 4.7700000000 5.6300000000 
H 9.0700000000 4.5000000000 5.7800000000 
H 7.7600000000 3.8900000000 5.4400000000 
O 5.6100000000 2.2500000000 9.6700000000 
H 6.4900000000 2.6900000000 9.6900000000 
H 5.8800000000 1.2900000000 9.4000000000 
O 0.6000000000 3.0400000000 6.3400000000 
H 1.3500000000 2.4800000000 6.0400000000 
H 1.0400000000 3.9000000000 6.4600000000 
O 4.2000000000 6.3800000000 9.3700000000 
H 3.6800000000 5.5500000000 9.2600000000 
H 5.0800000000 5.9800000000 9.3400000000 

