&CONTROL
/
&SYSTEM
   ntyp             = 2
   nat              = 96
   ibrav            = 0
/
&ELECTRONS
/
&IONS
/
&CELL
/

ATOMIC_SPECIES
O 15.999 None
H 1.008 None

K_POINTS gamma

CELL_PARAMETERS angstrom
9.86520000000000 0.00000000000000 0.00000000000000
0.00000000000000 9.86520000000000 0.00000000000000
0.00000000000000 0.00000000000000 9.86520000000000

ATOMIC_POSITIONS angstrom
O 9.0500000000 4.1400000000 7.4100000000 
H 9.0200000000 3.3200000000 6.8600000000 
H 8.0900000000 4.3300000000 7.4400000000 
O 1.9200000000 3.5600000000 9.0800000000 
H 2.6300000000 3.8500000000 9.7700000000 
H 1.8100000000 2.5600000000 9.1900000000 
O 0.4700000000 4.9500000000 3.0800000000 
H 9.3900000000 4.7700000000 3.3600000000 
H 0.4900000000 4.4900000000 2.2600000000 
O 5.5300000000 7.5100000000 3.5200000000 
H 5.7900000000 8.3600000000 3.1500000000 
H 4.6300000000 7.7400000000 3.9300000000 
O 1.1200000000 0.4000000000 3.5000000000 
H 0.2000000000 0.8200000000 3.3400000000 
H 0.9200000000 9.7100000000 4.2500000000 
O 1.7300000000 3.1600000000 5.9800000000 
H 1.2500000000 3.3800000000 6.8200000000 
H 1.1700000000 2.4400000000 5.6600000000 
O 1.4200000000 1.0200000000 0.2200000000 
H 0.4900000000 0.9600000000 0.5600000000 
H 1.9000000000 1.3400000000 1.0200000000 
O 5.9200000000 1.9500000000 9.4000000000 
H 6.1800000000 2.0700000000 8.4300000000 
H 5.1000000000 2.4600000000 9.4800000000 
O 3.8300000000 3.6400000000 0.9900000000 
H 3.9100000000 2.8700000000 1.6700000000 
H 4.5500000000 4.2400000000 1.1600000000 
O 1.4700000000 8.3900000000 8.5300000000 
H 1.7300000000 7.9400000000 9.4000000000 
H 1.6000000000 9.4000000000 8.7200000000 
O 1.7500000000 6.0400000000 7.0800000000 
H 1.6400000000 6.9700000000 7.4400000000 
H 0.9400000000 5.5100000000 7.2400000000 
O 9.0600000000 2.0900000000 5.4300000000 
H 8.1300000000 1.9300000000 5.7800000000 
H 9.0300000000 1.6800000000 4.5300000000 
O 4.4600000000 6.4000000000 7.4600000000 
H 4.5100000000 6.6800000000 8.4200000000 
H 3.4700000000 6.2800000000 7.4100000000 
O 4.9800000000 9.2100000000 5.9200000000 
H 4.6300000000 8.7900000000 6.7600000000 
H 4.2700000000 8.9200000000 5.2800000000 
O 5.2900000000 9.6300000000 1.4300000000 
H 5.4600000000 0.5000000000 0.8100000000 
H 4.8800000000 0.2500000000 2.2200000000 
O 3.0400000000 5.5400000000 4.6200000000 
H 2.6800000000 5.7100000000 5.5700000000 
H 2.2900000000 4.9900000000 4.2100000000 
O 9.4300000000 4.2100000000 0.3100000000 
H 0.5000000000 4.4200000000 9.8400000000 
H 8.8800000000 3.8900000000 9.3900000000 
O 3.4800000000 1.3500000000 2.7500000000 
H 2.6600000000 0.9100000000 3.0000000000 
H 3.6600000000 1.8700000000 3.5700000000 
O 4.1900000000 7.5700000000 0.2900000000 
H 3.3500000000 7.2500000000 0.7400000000 
H 4.5000000000 8.3300000000 0.8200000000 
O 8.2900000000 1.2200000000 2.9900000000 
H 8.0900000000 0.7400000000 2.1700000000 
H 7.9400000000 2.1300000000 2.7700000000 
O 7.4100000000 3.6700000000 2.2100000000 
H 8.0400000000 3.9500000000 1.5200000000 
H 6.6300000000 4.2300000000 1.9900000000 
O 7.1900000000 7.4400000000 6.2800000000 
H 6.5900000000 7.9900000000 5.8200000000 
H 6.7300000000 6.5800000000 6.2200000000 
O 0.3200000000 8.0800000000 4.7800000000 
H 0.5600000000 7.2100000000 5.1000000000 
H 9.5000000000 7.8300000000 4.1200000000 
O 6.3200000000 1.5800000000 6.3300000000 
H 5.6700000000 2.0400000000 5.7700000000 
H 5.9500000000 0.6600000000 6.2900000000 
O 1.4800000000 7.5300000000 1.5800000000 
H 1.0900000000 6.8500000000 2.1800000000 
H 0.8200000000 8.2600000000 1.8100000000 
O 8.1200000000 0.4000000000 0.4700000000 
H 8.3500000000 9.6400000000 9.6100000000 
H 7.3900000000 0.9200000000 9.8600000000 
O 4.2300000000 2.8200000000 4.9300000000 
H 4.3400000000 3.8400000000 4.8100000000 
H 3.3400000000 2.8600000000 5.3900000000 
O 8.4200000000 8.3100000000 8.5900000000 
H 7.8800000000 8.0600000000 7.8400000000 
H 9.2900000000 7.8500000000 8.4200000000 
O 6.4600000000 4.5200000000 7.2800000000 
H 6.0000000000 3.7800000000 6.8000000000 
H 5.7600000000 5.2500000000 7.3300000000 
O 3.0600000000 8.2000000000 4.1800000000 
H 2.7700000000 7.2300000000 4.0100000000 
H 2.3200000000 8.7400000000 3.8700000000 
O 8.6200000000 7.7600000000 2.1500000000 
H 7.6800000000 7.7600000000 2.4300000000 
H 8.6000000000 7.8800000000 1.1900000000 
O 5.5900000000 5.5600000000 1.5000000000 
H 5.4900000000 5.9300000000 2.4100000000 
H 5.5000000000 6.3800000000 0.9500000000 

