&CONTROL
/
&SYSTEM
   ntyp             = 2
   nat              = 96
   ibrav            = 0
/
&ELECTRONS
/
&IONS
/
&CELL
/

ATOMIC_SPECIES
O 15.999 None
H 1.008 None

K_POINTS gamma

CELL_PARAMETERS angstrom
9.86520000000000 0.00000000000000 0.00000000000000
0.00000000000000 9.86520000000000 0.00000000000000
0.00000000000000 0.00000000000000 9.86520000000000

ATOMIC_POSITIONS angstrom
O 0.3300000000 0.2000000000 7.6300000000 
H 0.5800000000 9.1800000000 7.2000000000 
H 0.7100000000 0.1200000000 8.5300000000 
O 6.1300000000 9.1000000000 7.5900000000 
H 6.6700000000 0.0800000000 7.2800000000 
H 6.4700000000 9.1200000000 8.5500000000 
O 7.3200000000 9.2600000000 0.5800000000 
H 8.2700000000 9.6100000000 0.4700000000 
H 7.4200000000 8.8600000000 1.5300000000 
O 2.7700000000 9.1800000000 8.4800000000 
H 2.8600000000 8.3200000000 7.9900000000 
H 3.1400000000 8.9900000000 9.3600000000 
O 7.2800000000 8.4600000000 3.0400000000 
H 7.3700000000 9.2000000000 3.6000000000 
H 6.9100000000 7.7900000000 3.6500000000 
O 3.3300000000 6.4900000000 7.5000000000 
H 4.1200000000 6.5100000000 7.9800000000 
H 3.6200000000 5.9300000000 6.6900000000 
O 5.7300000000 6.2800000000 8.4700000000 
H 5.9300000000 5.3500000000 8.1700000000 
H 6.5100000000 6.8700000000 8.5900000000 
O 8.2300000000 1.2900000000 3.3800000000 
H 8.1100000000 2.0600000000 2.8400000000 
H 7.4900000000 1.4700000000 4.0400000000 
O 9.1700000000 4.2500000000 8.5100000000 
H 9.1300000000 5.2200000000 8.4100000000 
H 9.3200000000 3.8600000000 7.6000000000 
O 5.9300000000 1.6100000000 4.7000000000 
H 6.0600000000 2.6000000000 4.5600000000 
H 5.4300000000 1.5900000000 5.6000000000 
O 7.7900000000 1.4000000000 7.3600000000 
H 8.5900000000 0.9700000000 7.6900000000 
H 8.1600000000 1.9600000000 6.6000000000 
O 4.4800000000 1.6200000000 7.5100000000 
H 4.7900000000 1.9200000000 8.4400000000 
H 4.1100000000 0.7600000000 7.8000000000 
O 9.0300000000 4.5200000000 3.4400000000 
H 9.3500000000 4.2700000000 2.5300000000 
H 9.5200000000 5.4400000000 3.5400000000 
O 2.4900000000 3.4800000000 6.3900000000 
H 2.8500000000 4.0600000000 5.6800000000 
H 2.8300000000 2.5900000000 6.1600000000 
O 8.3900000000 7.1500000000 8.3200000000 
H 8.7000000000 7.7900000000 9.0200000000 
H 9.0700000000 7.4100000000 7.6000000000 
O 5.2700000000 1.4400000000 0.5800000000 
H 5.8300000000 2.2500000000 0.4100000000 
H 5.8200000000 0.6100000000 0.5400000000 
O 6.4300000000 4.2800000000 4.1400000000 
H 6.0100000000 4.9600000000 3.7300000000 
H 7.3300000000 4.5000000000 3.8800000000 
O 3.7400000000 8.5100000000 0.9300000000 
H 4.4500000000 7.8900000000 1.1200000000 
H 3.7000000000 8.9700000000 1.8100000000 
O 1.5600000000 6.1500000000 0.9900000000 
H 1.8800000000 5.2700000000 0.6400000000 
H 2.1400000000 6.8200000000 0.4600000000 
O 0.9300000000 6.7300000000 3.4200000000 
H 1.0800000000 6.4700000000 2.4800000000 
H 0.7900000000 7.6800000000 3.2900000000 
O 3.3400000000 5.2900000000 4.3800000000 
H 3.5500000000 4.6100000000 3.6700000000 
H 2.5200000000 5.7100000000 3.9900000000 
O 2.6600000000 1.3400000000 4.3100000000 
H 3.3600000000 0.6700000000 4.1100000000 
H 3.0200000000 2.1200000000 3.7900000000 
O 4.4800000000 9.3800000000 3.5400000000 
H 4.6500000000 8.6400000000 4.2000000000 
H 5.1000000000 0.2200000000 3.8400000000 
O 6.5900000000 3.4600000000 8.9400000000 
H 7.4600000000 3.9900000000 8.9800000000 
H 6.9700000000 2.6700000000 8.4900000000 
O 3.7200000000 3.0500000000 2.4700000000 
H 4.3500000000 2.3800000000 2.2000000000 
H 3.5100000000 3.3400000000 1.5400000000 
O 9.0000000000 3.0500000000 1.0700000000 
H 9.5200000000 2.2100000000 0.8600000000 
H 9.1600000000 3.5600000000 0.2000000000 
O 0.6600000000 0.4100000000 0.5300000000 
H 0.8700000000 9.6900000000 1.3800000000 
H 1.5000000000 0.9400000000 0.3700000000 
O 9.2200000000 3.4500000000 6.0500000000 
H 0.3000000000 3.1200000000 5.9100000000 
H 9.0000000000 3.8100000000 5.1500000000 
O 0.7200000000 9.5100000000 3.2800000000 
H 9.7700000000 0.2100000000 3.3400000000 
H 1.3300000000 0.1500000000 3.8000000000 
O 0.8700000000 7.2200000000 6.5500000000 
H 1.7800000000 6.8200000000 6.7300000000 
H 0.6300000000 6.8600000000 5.6600000000 
O 3.3300000000 3.8800000000 9.2700000000 
H 2.9600000000 3.4300000000 8.4600000000 
H 4.2800000000 3.8200000000 9.0800000000 
O 5.5200000000 7.5600000000 5.3600000000 
H 5.1000000000 6.7700000000 5.6900000000 
H 5.7500000000 8.1300000000 6.1400000000 

