&CONTROL
/
&SYSTEM
   ntyp             = 2
   nat              = 96
   ibrav            = 0
/
&ELECTRONS
/
&IONS
/
&CELL
/

ATOMIC_SPECIES
O 15.999 None
H 1.008 None

K_POINTS gamma

CELL_PARAMETERS angstrom
9.86520000000000 0.00000000000000 0.00000000000000
0.00000000000000 9.86520000000000 0.00000000000000
0.00000000000000 0.00000000000000 9.86520000000000

ATOMIC_POSITIONS angstrom
O 6.6300000000 4.2400000000 7.1700000000 
H 6.3500000000 3.3500000000 6.9600000000 
H 6.7700000000 4.5900000000 6.2500000000 
O 3.3200000000 4.7500000000 0.3500000000 
H 3.7600000000 3.9000000000 0.2200000000 
H 2.5300000000 4.7700000000 9.6100000000 
O 0.5700000000 2.6000000000 3.9400000000 
H 0.8900000000 2.0600000000 3.1800000000 
H 9.4900000000 2.4700000000 4.0300000000 
O 1.3500000000 5.2000000000 2.5600000000 
H 2.2100000000 4.7600000000 2.3900000000 
H 0.8100000000 4.4600000000 2.8900000000 
O 2.1600000000 0.4600000000 5.7300000000 
H 2.2900000000 1.1700000000 5.1200000000 
H 1.9700000000 9.5900000000 5.0600000000 
O 3.0500000000 8.4100000000 3.0800000000 
H 3.7500000000 7.7500000000 2.7600000000 
H 2.5700000000 8.5900000000 2.2300000000 
O 4.3100000000 2.2300000000 0.0500000000 
H 3.6600000000 1.6800000000 0.5600000000 
H 4.5500000000 1.6400000000 9.1300000000 
O 1.0800000000 1.2500000000 1.3200000000 
H 2.0100000000 1.5100000000 1.6300000000 
H 1.1500000000 0.3300000000 1.0200000000 
O 2.1000000000 8.7500000000 0.5000000000 
H 1.6700000000 7.8400000000 0.2200000000 
H 2.3900000000 9.0900000000 9.5500000000 
O 0.1400000000 9.6300000000 7.4400000000 
H 9.4300000000 9.1100000000 6.9000000000 
H 0.9600000000 9.7200000000 6.8600000000 
O 1.3100000000 3.7800000000 6.4600000000 
H 1.1100000000 3.3400000000 5.5800000000 
H 0.8300000000 3.2400000000 7.1400000000 
O 0.3300000000 2.3200000000 8.6400000000 
H 0.3900000000 2.0700000000 9.6200000000 
H 0.2900000000 1.3500000000 8.2400000000 
O 5.5900000000 6.4500000000 8.6400000000 
H 4.6400000000 6.5700000000 8.5500000000 
H 5.6300000000 5.6500000000 8.0800000000 
O 5.9100000000 1.7400000000 6.2700000000 
H 5.1400000000 1.3200000000 5.8500000000 
H 6.5200000000 1.8200000000 5.4700000000 
O 7.4800000000 9.1500000000 4.5900000000 
H 7.9100000000 8.7300000000 3.8600000000 
H 7.8400000000 8.6500000000 5.4400000000 
O 0.7100000000 6.2000000000 9.7900000000 
H 9.8200000000 5.6300000000 9.5400000000 
H 0.8400000000 5.9300000000 0.9000000000 
O 6.9100000000 2.3700000000 1.3400000000 
H 7.2100000000 1.6300000000 0.7400000000 
H 6.0000000000 2.5500000000 1.0700000000 
O 2.2200000000 6.5300000000 7.5400000000 
H 1.5700000000 6.5600000000 8.2200000000 
H 1.7800000000 6.1100000000 6.7900000000 
O 3.8400000000 9.7600000000 8.1100000000 
H 3.3400000000 0.4200000000 7.4700000000 
H 3.9600000000 8.9700000000 7.5000000000 
O 7.6200000000 2.0300000000 3.8800000000 
H 7.1900000000 2.0300000000 2.9900000000 
H 7.6300000000 1.0400000000 4.0100000000 
O 4.9600000000 6.5100000000 2.0300000000 
H 4.4100000000 5.9900000000 1.3700000000 
H 5.4000000000 7.1400000000 1.3800000000 
O 6.0400000000 5.2300000000 4.3300000000 
H 6.6300000000 4.7600000000 3.7100000000 
H 5.5900000000 5.8800000000 3.7300000000 
O 0.6300000000 8.4300000000 4.2200000000 
H 1.5200000000 8.2200000000 3.9200000000 
H 0.1000000000 7.8900000000 3.6100000000 
O 8.4300000000 4.3800000000 9.1900000000 
H 9.0200000000 3.5800000000 9.0000000000 
H 7.6300000000 4.2100000000 8.5600000000 
O 7.5700000000 5.1700000000 1.6400000000 
H 7.8000000000 4.9400000000 0.7100000000 
H 7.4900000000 4.2500000000 1.8900000000 
O 8.4800000000 7.5800000000 2.3900000000 
H 8.1100000000 8.2000000000 1.7100000000 
H 8.0800000000 6.7000000000 2.1100000000 
O 4.7700000000 0.0900000000 4.3800000000 
H 4.2100000000 9.3100000000 3.9700000000 
H 5.6200000000 9.4800000000 4.6600000000 
O 6.8000000000 0.7200000000 8.6900000000 
H 6.2300000000 0.9800000000 8.0300000000 
H 7.7100000000 0.9000000000 8.3000000000 
O 3.7100000000 3.6600000000 4.6000000000 
H 3.0300000000 4.0100000000 5.2100000000 
H 4.3900000000 4.3100000000 4.7000000000 
O 8.2800000000 7.4600000000 7.2500000000 
H 7.4700000000 7.0200000000 7.6300000000 
H 8.8800000000 7.5100000000 8.0100000000 
O 3.4000000000 1.8300000000 2.8200000000 
H 3.9600000000 1.0600000000 3.1700000000 
H 3.6300000000 2.5800000000 3.4300000000 
O 7.0200000000 8.3700000000 0.3400000000 
H 6.9700000000 9.1800000000 9.7000000000 
H 6.6200000000 7.7200000000 9.5700000000 

