&CONTROL
/
&SYSTEM
   ntyp             = 2
   nat              = 96
   ibrav            = 0
/
&ELECTRONS
/
&IONS
/
&CELL
/

ATOMIC_SPECIES
O 15.999 None
H 1.008 None

K_POINTS gamma

CELL_PARAMETERS angstrom
9.86520000000000 0.00000000000000 0.00000000000000
0.00000000000000 9.86520000000000 0.00000000000000
0.00000000000000 0.00000000000000 9.86520000000000

ATOMIC_POSITIONS angstrom
O 2.4200000000 1.3300000000 7.0200000000 
H 2.8000000000 0.4600000000 6.8900000000 
H 2.7200000000 1.8900000000 6.2300000000 
O 9.5000000000 1.9900000000 7.7600000000 
H 0.2700000000 2.7300000000 7.8700000000 
H 0.0900000000 1.3900000000 7.2100000000 
O 3.5100000000 5.3500000000 7.2500000000 
H 3.9400000000 5.0100000000 8.0600000000 
H 4.1700000000 5.9300000000 6.8400000000 
O 6.5200000000 9.4800000000 2.3600000000 
H 6.5600000000 8.9300000000 1.4800000000 
H 5.5700000000 9.4800000000 2.4900000000 
O 7.0300000000 4.8700000000 0.6000000000 
H 8.0200000000 4.9900000000 0.4000000000 
H 7.0600000000 3.8500000000 0.6700000000 
O 6.4100000000 8.9300000000 7.0500000000 
H 6.3700000000 0.0900000000 7.0900000000 
H 5.5200000000 8.6600000000 7.1100000000 
O 6.6000000000 7.5700000000 0.1400000000 
H 6.8500000000 6.6100000000 0.3900000000 
H 7.4500000000 7.9800000000 9.8000000000 
O 9.0700000000 8.8200000000 6.9000000000 
H 9.2500000000 8.9000000000 7.8800000000 
H 8.1400000000 9.0900000000 6.7900000000 
O 0.0800000000 1.3400000000 0.7100000000 
H 9.6200000000 1.4700000000 9.6400000000 
H 0.9900000000 1.6900000000 0.6000000000 
O 7.9400000000 7.7100000000 3.6900000000 
H 8.8400000000 7.9700000000 3.9500000000 
H 7.5800000000 8.1800000000 2.9100000000 
O 9.8500000000 5.0000000000 0.5300000000 
H 0.4600000000 4.7300000000 9.5700000000 
H 0.2200000000 5.9400000000 0.6200000000 
O 8.8200000000 6.0700000000 6.4500000000 
H 8.5800000000 6.0400000000 5.5400000000 
H 9.0000000000 7.0200000000 6.5600000000 
O 6.4800000000 2.4300000000 4.5400000000 
H 6.6100000000 2.4600000000 5.5600000000 
H 7.2300000000 1.8800000000 4.2200000000 
O 8.7900000000 4.5700000000 3.4800000000 
H 8.5200000000 3.6300000000 3.3500000000 
H 8.4900000000 5.0000000000 2.7100000000 
O 9.0000000000 8.5700000000 9.8200000000 
H 9.0000000000 9.4800000000 0.4300000000 
H 9.8300000000 8.2000000000 0.4400000000 
O 1.0400000000 4.4500000000 7.8700000000 
H 1.8800000000 4.7400000000 7.4700000000 
H 0.5900000000 5.1400000000 7.3300000000 
O 4.5300000000 4.2400000000 9.7100000000 
H 3.8900000000 4.4900000000 0.5300000000 
H 5.3900000000 4.6100000000 0.1300000000 
O 5.4400000000 7.4800000000 4.3700000000 
H 6.3600000000 7.8900000000 4.2700000000 
H 5.5200000000 6.5600000000 4.0500000000 
O 2.7900000000 1.9700000000 9.8200000000 
H 3.5500000000 2.6100000000 0.1300000000 
H 2.5300000000 2.0500000000 8.8400000000 
O 7.3500000000 2.3300000000 1.5800000000 
H 6.8700000000 1.7200000000 2.2100000000 
H 8.0300000000 1.7000000000 1.3200000000 
O 6.8300000000 4.4700000000 7.3800000000 
H 7.6500000000 4.7600000000 6.9500000000 
H 6.6800000000 5.2200000000 7.9000000000 
O 9.6100000000 1.6500000000 3.5800000000 
H 0.1300000000 0.9200000000 4.0900000000 
H 0.3000000000 1.6400000000 2.8100000000 
O 3.3600000000 9.2200000000 5.0800000000 
H 4.2100000000 8.7200000000 4.9200000000 
H 3.4000000000 9.8400000000 4.2400000000 
O 6.8400000000 1.8400000000 7.1900000000 
H 7.7600000000 1.8500000000 7.5600000000 
H 6.5000000000 2.7200000000 7.4800000000 
O 3.3000000000 5.6800000000 2.2800000000 
H 4.0500000000 5.3400000000 2.8700000000 
H 2.5700000000 5.7800000000 2.9300000000 
O 3.3000000000 9.4600000000 1.3400000000 
H 2.9700000000 0.2900000000 0.7000000000 
H 3.6900000000 0.1600000000 2.1100000000 
O 2.6400000000 3.2600000000 5.2500000000 
H 3.0100000000 3.6100000000 6.1100000000 
H 2.3900000000 4.1500000000 4.8900000000 
O 1.4400000000 5.5500000000 4.0100000000 
H 0.5900000000 5.0400000000 3.8500000000 
H 1.0300000000 6.4600000000 4.1100000000 
O 0.6400000000 8.2700000000 4.6400000000 
H 1.5200000000 8.5500000000 4.9700000000 
H 0.1200000000 8.6200000000 5.4400000000 
O 3.9600000000 1.4600000000 3.2000000000 
H 3.4100000000 2.2000000000 3.4000000000 
H 4.8300000000 1.7400000000 3.6100000000 
O 5.6300000000 4.6700000000 3.2100000000 
H 6.1400000000 4.8000000000 2.3300000000 
H 6.0800000000 3.8000000000 3.4500000000 
O 1.6500000000 7.4000000000 1.1400000000 
H 2.3300000000 8.1200000000 1.1600000000 
H 2.1600000000 6.6700000000 1.5500000000 

