&CONTROL
/
&SYSTEM
   ntyp             = 2
   nat              = 96
   ibrav            = 0
/
&ELECTRONS
/
&IONS
/
&CELL
/

ATOMIC_SPECIES
O 15.999 None
H 1.008 None

K_POINTS gamma

CELL_PARAMETERS angstrom
9.86520000000000 0.00000000000000 0.00000000000000
0.00000000000000 9.86520000000000 0.00000000000000
0.00000000000000 0.00000000000000 9.86520000000000

ATOMIC_POSITIONS angstrom
O 0.2900000000 5.4200000000 9.2900000000 
H 9.5500000000 4.6700000000 9.0000000000 
H 9.5200000000 6.1300000000 9.2000000000 
O 2.4900000000 9.4300000000 9.7900000000 
H 2.0200000000 8.6100000000 0.3100000000 
H 2.2500000000 0.2600000000 0.6100000000 
O 0.2700000000 5.0900000000 5.8600000000 
H 9.6000000000 4.3300000000 5.5000000000 
H 9.5100000000 5.5900000000 6.4100000000 
O 4.9800000000 8.2300000000 0.3600000000 
H 4.9700000000 8.5200000000 1.2900000000 
H 4.1300000000 8.6000000000 0.0600000000 
O 0.3500000000 8.7100000000 3.5400000000 
H 0.1400000000 9.4800000000 4.1100000000 
H 9.8500000000 7.9900000000 4.0900000000 
O 2.4600000000 3.7100000000 7.0500000000 
H 2.6100000000 4.0200000000 6.1000000000 
H 1.6600000000 4.2100000000 7.2400000000 
O 9.8600000000 0.9600000000 1.3100000000 
H 8.8300000000 0.9200000000 1.2400000000 
H 0.1800000000 0.6200000000 2.2500000000 
O 7.2100000000 0.8200000000 1.1000000000 
H 6.5800000000 1.4200000000 1.4800000000 
H 6.8200000000 0.6300000000 0.2100000000 
O 1.3400000000 3.4100000000 0.8200000000 
H 0.7200000000 2.6500000000 0.5300000000 
H 0.9900000000 4.2100000000 0.3600000000 
O 4.7100000000 7.3100000000 7.5400000000 
H 4.8900000000 7.8100000000 8.3700000000 
H 4.1400000000 6.6000000000 7.9500000000 
O 3.1900000000 5.8100000000 9.4000000000 
H 2.3100000000 5.4300000000 9.1800000000 
H 3.0200000000 6.2600000000 0.4300000000 
O 0.6700000000 1.6700000000 4.6200000000 
H 0.6500000000 1.3700000000 5.5900000000 
H 9.6700000000 2.1900000000 4.4900000000 
O 4.3900000000 3.5200000000 8.7800000000 
H 3.7800000000 3.4800000000 7.9500000000 
H 4.2200000000 4.4300000000 8.9600000000 
O 5.4600000000 3.4600000000 4.7100000000 
H 5.4200000000 3.1700000000 3.8000000000 
H 4.5700000000 3.7800000000 5.0000000000 
O 5.3500000000 2.7500000000 1.6800000000 
H 4.5400000000 2.2100000000 1.9800000000 
H 4.9100000000 3.0400000000 0.8200000000 
O 4.8600000000 9.1500000000 5.4300000000 
H 4.8800000000 8.4700000000 6.1900000000 
H 4.2700000000 9.8300000000 5.8000000000 
O 8.8600000000 3.3800000000 8.2200000000 
H 8.5900000000 3.8900000000 7.4500000000 
H 8.5400000000 2.4600000000 8.0700000000 
O 2.7500000000 1.7200000000 2.6000000000 
H 2.0700000000 1.7100000000 3.3000000000 
H 2.3700000000 2.3100000000 1.9200000000 
O 1.7400000000 7.2500000000 1.6800000000 
H 1.0400000000 6.6500000000 1.3700000000 
H 1.3200000000 7.8000000000 2.3800000000 
O 8.2700000000 3.3100000000 4.6100000000 
H 7.3300000000 3.0100000000 4.7700000000 
H 8.0000000000 3.6400000000 3.6500000000 
O 7.4600000000 4.6500000000 2.1900000000 
H 7.4700000000 5.2100000000 1.4000000000 
H 6.6900000000 4.1000000000 1.9900000000 
O 7.6300000000 9.2300000000 5.2800000000 
H 7.5900000000 8.4000000000 4.7000000000 
H 6.7100000000 9.3700000000 5.2600000000 
O 8.2600000000 6.8000000000 4.1400000000 
H 8.2700000000 6.0800000000 4.7900000000 
H 7.8900000000 6.3500000000 3.3800000000 
O 3.1800000000 0.7500000000 7.1200000000 
H 2.7900000000 1.6500000000 7.3500000000 
H 3.1200000000 0.2300000000 7.9300000000 
O 4.4500000000 6.5200000000 3.3700000000 
H 5.1000000000 7.2100000000 3.6800000000 
H 3.7800000000 7.0400000000 2.8700000000 
O 9.5600000000 8.5100000000 9.4300000000 
H 9.8200000000 9.1400000000 0.2400000000 
H 9.1100000000 9.1200000000 8.8200000000 
O 2.6400000000 4.4900000000 4.4900000000 
H 3.0100000000 5.1900000000 3.9200000000 
H 1.6700000000 4.7800000000 4.6300000000 
O 8.4100000000 0.4600000000 7.7200000000 
H 8.1900000000 9.8000000000 6.8900000000 
H 7.4700000000 0.6800000000 7.9300000000 
O 5.9500000000 1.2500000000 8.0800000000 
H 5.1400000000 1.0100000000 7.5100000000 
H 5.6400000000 2.1700000000 8.3600000000 
O 4.4100000000 9.4400000000 2.7200000000 
H 4.6100000000 9.4400000000 3.6700000000 
H 3.6800000000 0.3200000000 2.7200000000 
O 7.2700000000 6.8300000000 0.1300000000 
H 6.5000000000 7.4700000000 0.0900000000 
H 8.1500000000 7.2800000000 9.8000000000 
O 7.4200000000 5.6100000000 7.2400000000 
H 6.5200000000 5.8100000000 6.8400000000 
H 7.1800000000 5.7200000000 8.2100000000 

