&CONTROL
/
&SYSTEM
   ntyp             = 2
   nat              = 96
   ibrav            = 0
/
&ELECTRONS
/
&IONS
/
&CELL
/

ATOMIC_SPECIES
O 15.999 None
H 1.008 None

K_POINTS gamma

CELL_PARAMETERS angstrom
9.86520000000000 0.00000000000000 0.00000000000000
0.00000000000000 9.86520000000000 0.00000000000000
0.00000000000000 0.00000000000000 9.86520000000000

ATOMIC_POSITIONS angstrom
O 6.5600000000 8.3100000000 6.5000000000 
H 7.0000000000 8.2800000000 5.6000000000 
H 6.8600000000 9.0800000000 7.0100000000 
O 1.2300000000 0.6400000000 7.2100000000 
H 1.1100000000 1.2500000000 6.4900000000 
H 1.0500000000 9.6300000000 6.8000000000 
O 8.2700000000 0.5000000000 7.2000000000 
H 9.1000000000 0.4100000000 7.6700000000 
H 7.8800000000 1.1200000000 7.8700000000 
O 5.3000000000 6.3200000000 4.2300000000 
H 5.1100000000 6.9200000000 5.0000000000 
H 4.4400000000 6.3500000000 3.6500000000 
O 3.2100000000 5.3600000000 0.2000000000 
H 4.1800000000 5.2600000000 9.7600000000 
H 2.7000000000 4.6900000000 9.4300000000 
O 0.7700000000 1.4900000000 1.8600000000 
H 1.7400000000 1.7300000000 1.7900000000 
H 0.6300000000 1.9700000000 2.6900000000 
O 2.2000000000 3.4200000000 8.2400000000 
H 2.5500000000 3.7000000000 7.3600000000 
H 2.7600000000 2.6400000000 8.5000000000 
O 7.6100000000 2.7400000000 5.4300000000 
H 7.9300000000 1.8400000000 5.7200000000 
H 7.0700000000 2.9600000000 6.2300000000 
O 4.4600000000 1.8900000000 4.4800000000 
H 5.3700000000 2.0900000000 4.0600000000 
H 4.0100000000 1.3600000000 3.8500000000 
O 6.2800000000 2.6600000000 7.8100000000 
H 6.6500000000 2.4600000000 8.7000000000 
H 5.4700000000 2.0500000000 7.8600000000 
O 7.4300000000 4.8600000000 3.5500000000 
H 7.5800000000 4.0800000000 4.2100000000 
H 6.7600000000 5.4700000000 3.9200000000 
O 6.2300000000 2.6300000000 1.9000000000 
H 6.6200000000 3.4800000000 2.2100000000 
H 5.2800000000 2.8100000000 1.6700000000 
O 0.6200000000 8.3900000000 5.5700000000 
H 9.6200000000 8.2800000000 5.0600000000 
H 0.7400000000 7.5200000000 6.0900000000 
O 0.7900000000 5.9400000000 6.8300000000 
H 1.6300000000 5.4800000000 6.9900000000 
H 0.0700000000 5.3300000000 7.0500000000 
O 9.6000000000 3.7800000000 9.4100000000 
H 9.1100000000 2.8700000000 9.2200000000 
H 0.5900000000 3.5600000000 8.9900000000 
O 4.1200000000 7.2800000000 6.8100000000 
H 4.2300000000 6.4600000000 7.2800000000 
H 4.9900000000 7.6600000000 6.7600000000 
O 5.6200000000 5.4500000000 8.5300000000 
H 6.5600000000 5.8200000000 8.6300000000 
H 5.8000000000 4.6500000000 8.0200000000 
O 4.2400000000 1.1200000000 7.1900000000 
H 3.7800000000 0.3000000000 7.4700000000 
H 4.1800000000 1.1400000000 6.2500000000 
O 2.5600000000 5.4900000000 2.9500000000 
H 1.5900000000 5.3100000000 2.8400000000 
H 2.8600000000 5.4600000000 2.0100000000 
O 1.9100000000 7.8900000000 0.7000000000 
H 2.2600000000 7.0100000000 0.4400000000 
H 2.2700000000 7.9700000000 1.6600000000 
O 0.6300000000 2.7000000000 5.1700000000 
H 1.1900000000 3.2600000000 4.5800000000 
H 9.5500000000 2.9200000000 4.9600000000 
O 2.2100000000 8.1400000000 3.4500000000 
H 1.7600000000 8.5500000000 4.2000000000 
H 2.2600000000 7.1700000000 3.6400000000 
O 8.2700000000 6.4000000000 8.8600000000 
H 9.0400000000 5.8100000000 9.0100000000 
H 8.6800000000 7.1000000000 8.3300000000 
O 8.3000000000 7.5400000000 4.2400000000 
H 7.9100000000 7.8000000000 3.3700000000 
H 8.5400000000 6.5300000000 4.2500000000 
O 4.6900000000 9.4800000000 2.8100000000 
H 4.0900000000 8.7000000000 2.8500000000 
H 5.5100000000 9.2000000000 2.3500000000 
O 9.5500000000 9.3800000000 0.4000000000 
H 0.3300000000 8.6400000000 0.4900000000 
H 0.2000000000 0.2400000000 0.8500000000 
O 7.6100000000 1.5700000000 9.7400000000 
H 7.2300000000 1.9700000000 0.6900000000 
H 8.0400000000 0.7300000000 0.1900000000 
O 0.1200000000 4.3500000000 2.4700000000 
H 9.7900000000 4.1600000000 1.5000000000 
H 9.1000000000 4.5200000000 2.8100000000 
O 7.3900000000 8.3900000000 1.6300000000 
H 7.1700000000 7.8300000000 0.8600000000 
H 8.2700000000 8.8000000000 1.3600000000 
O 3.5900000000 2.0300000000 1.6600000000 
H 4.2400000000 1.2700000000 1.9800000000 
H 3.4400000000 1.7200000000 0.7200000000 
O 3.2000000000 4.5500000000 5.7600000000 
H 3.3400000000 5.3300000000 5.2700000000 
H 3.7000000000 3.7900000000 5.3300000000 
O 2.7100000000 0.5200000000 9.3600000000 
H 2.4300000000 9.5700000000 9.7900000000 
H 2.1000000000 0.4700000000 8.6000000000 

