&CONTROL
/
&SYSTEM
   ntyp             = 2
   nat              = 96
   ibrav            = 0
/
&ELECTRONS
/
&IONS
/
&CELL
/

ATOMIC_SPECIES
O 15.999 None
H 1.008 None

K_POINTS gamma

CELL_PARAMETERS angstrom
9.86520000000000 0.00000000000000 0.00000000000000
0.00000000000000 9.86520000000000 0.00000000000000
0.00000000000000 0.00000000000000 9.86520000000000

ATOMIC_POSITIONS angstrom
O 9.8500000000 9.2700000000 7.4200000000 
H 9.8200000000 9.2700000000 8.3800000000 
H 0.1000000000 0.4000000000 7.2500000000 
O 3.3500000000 0.0600000000 5.7000000000 
H 2.5000000000 0.4200000000 5.4700000000 
H 3.2600000000 8.9300000000 5.7100000000 
O 7.3500000000 0.5000000000 3.4300000000 
H 6.8300000000 0.3600000000 4.2100000000 
H 6.6500000000 1.2000000000 3.1200000000 
O 7.0800000000 7.5800000000 5.9300000000 
H 7.5400000000 7.8100000000 5.1400000000 
H 6.5200000000 8.3500000000 6.1000000000 
O 3.6200000000 3.8000000000 7.1400000000 
H 2.8900000000 4.4200000000 6.9900000000 
H 4.4000000000 4.4400000000 7.2000000000 
O 6.8300000000 2.5500000000 8.3800000000 
H 7.4600000000 3.2100000000 8.6400000000 
H 6.1500000000 2.6300000000 9.1000000000 
O 5.5500000000 2.5000000000 3.0100000000 
H 4.7300000000 2.3900000000 2.4700000000 
H 5.7300000000 3.4700000000 2.9000000000 
O 6.1600000000 9.4600000000 9.3500000000 
H 5.3500000000 9.5900000000 0.0500000000 
H 6.0600000000 0.2700000000 8.7200000000 
O 2.3300000000 6.7100000000 0.2000000000 
H 2.9200000000 6.6300000000 9.2400000000 
H 1.7200000000 7.3400000000 9.7100000000 
O 0.5300000000 8.8300000000 4.3300000000 
H 9.6100000000 8.4200000000 3.8800000000 
H 0.0700000000 9.1700000000 5.1500000000 
O 5.7700000000 5.3300000000 2.8900000000 
H 4.9000000000 5.7200000000 3.1300000000 
H 6.2100000000 6.0700000000 2.3500000000 
O 8.8700000000 4.3700000000 9.2300000000 
H 9.1600000000 4.5700000000 0.2400000000 
H 8.9800000000 5.1800000000 8.7300000000 
O 9.2800000000 2.5100000000 3.0700000000 
H 0.3400000000 2.2000000000 3.2700000000 
H 8.8200000000 1.6100000000 3.1800000000 
O 3.3800000000 6.9200000000 7.4800000000 
H 4.2700000000 7.0900000000 7.1300000000 
H 2.9100000000 6.7800000000 6.6200000000 
O 3.3600000000 1.3500000000 8.3500000000 
H 3.3900000000 0.6300000000 7.6300000000 
H 3.2800000000 2.2100000000 7.8400000000 
O 3.3700000000 2.8400000000 1.1300000000 
H 4.0800000000 3.2700000000 0.6200000000 
H 2.8200000000 2.3900000000 0.4400000000 
O 5.4800000000 4.5400000000 9.8600000000 
H 5.9300000000 4.6600000000 8.9900000000 
H 5.8200000000 5.3500000000 0.4600000000 
O 2.1500000000 2.4500000000 4.6600000000 
H 1.8000000000 3.3600000000 4.7700000000 
H 2.7700000000 2.5600000000 5.4000000000 
O 2.4400000000 6.6400000000 4.9400000000 
H 1.7700000000 7.3600000000 4.7100000000 
H 2.2200000000 5.9500000000 4.2300000000 
O 6.1400000000 0.6800000000 5.9400000000 
H 6.4400000000 1.4600000000 6.4500000000 
H 5.2500000000 0.9600000000 5.6800000000 
O 9.6000000000 4.8700000000 1.9100000000 
H 9.2900000000 3.9300000000 2.1400000000 
H 0.6700000000 4.9300000000 2.2300000000 
O 8.3600000000 7.3500000000 3.3500000000 
H 8.7800000000 6.5000000000 2.9700000000 
H 7.7700000000 7.5400000000 2.5600000000 
O 9.0100000000 6.4500000000 7.4700000000 
H 8.1200000000 6.5600000000 7.0700000000 
H 9.3100000000 7.4500000000 7.3500000000 
O 7.4500000000 4.2500000000 5.0300000000 
H 6.8800000000 4.8500000000 4.4200000000 
H 7.7100000000 3.5400000000 4.3700000000 
O 2.4700000000 5.1000000000 2.5600000000 
H 2.6500000000 5.8600000000 1.9500000000 
H 2.9400000000 4.3100000000 2.0900000000 
O 0.3500000000 4.5100000000 5.7400000000 
H 9.2500000000 4.2200000000 5.5500000000 
H 0.2100000000 5.2200000000 6.3800000000 
O 4.1900000000 9.4300000000 1.4900000000 
H 3.3300000000 9.5400000000 1.0100000000 
H 4.0300000000 0.1600000000 2.2300000000 
O 5.9300000000 5.2700000000 7.0900000000 
H 6.4600000000 6.0000000000 6.7300000000 
H 6.2900000000 4.4800000000 6.7400000000 
O 8.7200000000 9.6300000000 0.4700000000 
H 7.9000000000 0.1100000000 0.0100000000 
H 8.2500000000 9.1300000000 1.1600000000 
O 1.5100000000 9.7600000000 0.4000000000 
H 1.6800000000 0.5100000000 9.5400000000 
H 0.5200000000 9.8300000000 0.6000000000 
O 0.1200000000 2.2300000000 7.6800000000 
H 9.4600000000 2.8000000000 8.3800000000 
H 0.1600000000 2.7900000000 6.9200000000 
O 6.5900000000 7.3100000000 1.2500000000 
H 7.0500000000 7.7000000000 0.4600000000 
H 5.6900000000 7.8000000000 1.1700000000 

