&CONTROL
/
&SYSTEM
   ntyp             = 2
   nat              = 96
   ibrav            = 0
/
&ELECTRONS
/
&IONS
/
&CELL
/

ATOMIC_SPECIES
O 15.999 None
H 1.008 None

K_POINTS gamma

CELL_PARAMETERS angstrom
9.86520000000000 0.00000000000000 0.00000000000000
0.00000000000000 9.86520000000000 0.00000000000000
0.00000000000000 0.00000000000000 9.86520000000000

ATOMIC_POSITIONS angstrom
O 9.5900000000 3.9400000000 0.9500000000 
H 0.4000000000 3.5900000000 1.5500000000 
H 9.2100000000 4.5600000000 1.5500000000 
O 2.4200000000 9.4700000000 3.2900000000 
H 2.4900000000 8.7000000000 2.6400000000 
H 3.3000000000 9.5300000000 3.7900000000 
O 4.1400000000 0.7100000000 6.6400000000 
H 3.3400000000 0.6500000000 7.1900000000 
H 4.9000000000 0.6200000000 7.2800000000 
O 5.1600000000 9.5500000000 4.2100000000 
H 5.7300000000 0.5200000000 4.2800000000 
H 4.8800000000 9.5600000000 5.1500000000 
O 5.7600000000 9.2300000000 1.6000000000 
H 5.6300000000 8.3100000000 1.5000000000 
H 5.3800000000 9.3300000000 2.5300000000 
O 4.3800000000 6.6600000000 1.4700000000 
H 4.4200000000 5.6700000000 1.5500000000 
H 3.5300000000 6.8700000000 1.8100000000 
O 5.1600000000 1.6700000000 9.3400000000 
H 5.7100000000 1.9300000000 0.2800000000 
H 4.7300000000 2.4500000000 8.9500000000 
O 9.6900000000 8.6400000000 5.1100000000 
H 0.2200000000 8.9600000000 4.2600000000 
H 9.1200000000 9.3500000000 5.4900000000 
O 1.6900000000 7.9900000000 7.3600000000 
H 0.9000000000 8.1700000000 6.7600000000 
H 1.2100000000 7.6200000000 8.1300000000 
O 6.4000000000 2.0600000000 1.7900000000 
H 6.1800000000 1.0700000000 1.8100000000 
H 7.0500000000 2.1700000000 2.5700000000 
O 1.5300000000 2.1200000000 2.3900000000 
H 1.1800000000 2.4800000000 3.2400000000 
H 1.8100000000 1.1300000000 2.6800000000 
O 2.5400000000 5.6300000000 4.6000000000 
H 2.8000000000 4.6900000000 4.4900000000 
H 3.1800000000 5.8700000000 5.3000000000 
O 4.3100000000 3.4600000000 4.7100000000 
H 4.5400000000 2.6100000000 5.1800000000 
H 5.1800000000 3.9300000000 4.5300000000 
O 9.4300000000 5.7900000000 5.1700000000 
H 9.1800000000 6.6800000000 5.1700000000 
H 0.5500000000 5.8500000000 5.2600000000 
O 9.1300000000 8.1000000000 2.2700000000 
H 8.4900000000 7.7000000000 1.6000000000 
H 9.0500000000 9.0300000000 1.9600000000 
O 7.3000000000 7.5300000000 4.4600000000 
H 6.5300000000 8.1500000000 4.1800000000 
H 8.1500000000 7.9600000000 4.3300000000 
O 4.2200000000 7.2400000000 8.1000000000 
H 4.1400000000 6.9100000000 9.0100000000 
H 3.3000000000 7.4600000000 7.8400000000 
O 9.4200000000 0.6700000000 1.1500000000 
H 9.3500000000 1.0400000000 0.2400000000 
H 0.3800000000 1.1400000000 1.4900000000 
O 0.1700000000 3.1900000000 4.5400000000 
H 0.6100000000 3.1200000000 5.4000000000 
H 9.6400000000 4.0600000000 4.6800000000 
O 8.7300000000 2.8900000000 8.3500000000 
H 9.4400000000 3.0400000000 7.7100000000 
H 9.2300000000 3.2700000000 9.1900000000 
O 6.8600000000 4.5900000000 3.6500000000 
H 6.4500000000 5.1200000000 2.9200000000 
H 7.4000000000 5.3000000000 4.1800000000 
O 4.1400000000 3.7800000000 1.4500000000 
H 3.4000000000 3.2600000000 1.8700000000 
H 4.8200000000 3.1400000000 1.7400000000 
O 6.5100000000 4.3300000000 8.6400000000 
H 7.2200000000 3.6600000000 8.5400000000 
H 6.8200000000 5.0500000000 8.0200000000 
O 8.2200000000 0.2700000000 6.9000000000 
H 7.5300000000 9.6500000000 7.3900000000 
H 8.3000000000 1.1000000000 7.4700000000 
O 0.5000000000 6.9800000000 9.5200000000 
H 1.0700000000 6.7000000000 0.4400000000 
H 9.5000000000 6.6700000000 9.8600000000 
O 1.7500000000 6.7400000000 2.2300000000 
H 0.8900000000 7.2200000000 2.3600000000 
H 1.9100000000 6.3100000000 3.1000000000 
O 6.0600000000 9.2600000000 8.2500000000 
H 5.6100000000 0.0500000000 8.8300000000 
H 5.4600000000 8.4900000000 8.1800000000 
O 7.3900000000 6.5900000000 7.5600000000 
H 7.3800000000 6.5900000000 6.6000000000 
H 7.2100000000 7.5800000000 7.7100000000 
O 3.8200000000 4.0300000000 8.5000000000 
H 3.6300000000 4.0800000000 9.4700000000 
H 4.8100000000 4.2500000000 8.5700000000 
O 7.7700000000 6.5400000000 0.4800000000 
H 7.5200000000 6.7600000000 9.4400000000 
H 7.4500000000 5.6200000000 0.5200000000 
O 6.8700000000 1.6300000000 4.9300000000 
H 7.2600000000 2.4700000000 4.8100000000 
H 7.4400000000 1.2200000000 5.7100000000 
O 1.7700000000 3.2700000000 7.2100000000 
H 2.4300000000 2.7200000000 6.9100000000 
H 2.4400000000 3.6900000000 7.8900000000 

