&CONTROL
/
&SYSTEM
   ntyp             = 2
   nat              = 96
   ibrav            = 0
/
&ELECTRONS
/
&IONS
/
&CELL
/

ATOMIC_SPECIES
O 15.999 None
H 1.008 None

K_POINTS gamma

CELL_PARAMETERS angstrom
9.86520000000000 0.00000000000000 0.00000000000000
0.00000000000000 9.86520000000000 0.00000000000000
0.00000000000000 0.00000000000000 9.86520000000000

ATOMIC_POSITIONS angstrom
O 9.3600000000 3.2100000000 3.9400000000 
H 9.4300000000 3.7400000000 3.1300000000 
H 0.2500000000 3.5900000000 4.4600000000 
O 9.4500000000 6.1800000000 3.9200000000 
H 8.6500000000 5.9700000000 3.3200000000 
H 0.2200000000 6.3700000000 3.2200000000 
O 2.0700000000 4.1500000000 8.1000000000 
H 1.6600000000 4.8000000000 7.5300000000 
H 2.0600000000 3.3800000000 7.6000000000 
O 7.2400000000 6.1300000000 2.2800000000 
H 7.3000000000 5.4600000000 1.6200000000 
H 7.1700000000 6.9300000000 1.7600000000 
O 4.5100000000 6.6200000000 3.0500000000 
H 4.2500000000 7.4200000000 3.6600000000 
H 5.4400000000 6.8700000000 2.9200000000 
O 6.7700000000 8.1200000000 0.3800000000 
H 6.9000000000 8.8300000000 1.0300000000 
H 7.5700000000 8.3200000000 9.7200000000 
O 7.3100000000 9.2700000000 5.9600000000 
H 7.5200000000 0.1000000000 5.2700000000 
H 8.1400000000 8.9300000000 6.3000000000 
O 9.3700000000 1.4000000000 7.6000000000 
H 9.3900000000 0.5200000000 8.0800000000 
H 0.4700000000 1.5000000000 7.4100000000 
O 1.8300000000 7.4100000000 9.7600000000 
H 2.1200000000 6.8500000000 0.7000000000 
H 2.5700000000 7.9700000000 9.6300000000 
O 6.0000000000 1.6400000000 9.3000000000 
H 5.5600000000 2.4500000000 9.5000000000 
H 6.3100000000 1.7700000000 8.3500000000 
O 8.5500000000 3.5600000000 8.8800000000 
H 8.7500000000 4.1900000000 8.0500000000 
H 8.9100000000 2.7300000000 8.4500000000 
O 7.5300000000 0.5900000000 1.4100000000 
H 8.4300000000 0.7600000000 1.0200000000 
H 6.9700000000 1.0300000000 0.7200000000 
O 9.2000000000 8.5900000000 8.8300000000 
H 0.2900000000 8.5100000000 9.0600000000 
H 9.1400000000 7.8800000000 8.1200000000 
O 1.2500000000 0.2400000000 4.5300000000 
H 0.5800000000 9.3900000000 4.3900000000 
H 0.9400000000 1.0800000000 4.1400000000 
O 4.9400000000 1.5600000000 5.3200000000 
H 4.5700000000 2.1800000000 4.6300000000 
H 5.8200000000 1.4600000000 5.1000000000 
O 4.8600000000 8.4700000000 6.6700000000 
H 5.7700000000 8.7700000000 6.5300000000 
H 4.5600000000 8.6500000000 5.7500000000 
O 7.3300000000 1.2900000000 4.0000000000 
H 8.0800000000 1.9500000000 4.0800000000 
H 7.2300000000 1.1300000000 3.0300000000 
O 4.3000000000 8.7500000000 9.3600000000 
H 5.1200000000 8.4300000000 9.8200000000 
H 4.5900000000 8.8900000000 8.4600000000 
O 2.4000000000 5.3500000000 1.7600000000 
H 2.6600000000 4.6300000000 1.2300000000 
H 3.2500000000 5.4900000000 2.3700000000 
O 9.8600000000 7.7900000000 6.1600000000 
H 9.5800000000 7.3700000000 5.3100000000 
H 0.9900000000 7.4800000000 6.1000000000 
O 0.3200000000 1.6100000000 1.3800000000 
H 0.6300000000 2.5600000000 1.6600000000 
H 0.9400000000 1.2000000000 0.8400000000 
O 2.4000000000 1.4900000000 6.8300000000 
H 3.2700000000 1.4800000000 6.3900000000 
H 1.8100000000 1.0000000000 6.1400000000 
O 2.5900000000 6.5800000000 6.2100000000 
H 3.1200000000 6.8100000000 5.4300000000 
H 3.1100000000 7.0000000000 6.9000000000 
O 3.6200000000 8.9600000000 4.2400000000 
H 2.8300000000 9.5000000000 4.3500000000 
H 4.1200000000 9.5900000000 3.7100000000 
O 3.9400000000 3.5900000000 0.3500000000 
H 4.5800000000 4.3400000000 0.2000000000 
H 3.3200000000 3.6600000000 9.3400000000 
O 9.4200000000 4.6600000000 1.6200000000 
H 9.2500000000 4.2900000000 0.7700000000 
H 0.4900000000 4.9400000000 1.5300000000 
O 2.2100000000 0.8200000000 9.5000000000 
H 2.9700000000 0.2500000000 9.3300000000 
H 2.0900000000 1.1900000000 8.6100000000 
O 8.4500000000 4.4000000000 6.2800000000 
H 8.8900000000 5.2200000000 6.0700000000 
H 8.6500000000 3.8700000000 5.4800000000 
O 6.0800000000 5.0200000000 9.2600000000 
H 6.8300000000 4.4100000000 9.3200000000 
H 6.0200000000 5.4500000000 8.3600000000 
O 4.2100000000 0.8900000000 2.2700000000 
H 3.4400000000 1.0600000000 1.6800000000 
H 4.8700000000 1.0400000000 1.5200000000 
O 4.1500000000 3.4100000000 3.4300000000 
H 3.9400000000 2.7200000000 2.7300000000 
H 4.9100000000 3.8400000000 3.1100000000 
O 1.7700000000 4.3500000000 4.9400000000 
H 2.5000000000 4.1800000000 4.3200000000 
H 2.0700000000 5.1500000000 5.4000000000 

