&CONTROL
/
&SYSTEM
   ntyp             = 2
   nat              = 96
   ibrav            = 0
/
&ELECTRONS
/
&IONS
/
&CELL
/

ATOMIC_SPECIES
O 15.999 None
H 1.008 None

K_POINTS gamma

CELL_PARAMETERS angstrom
9.86520000000000 0.00000000000000 0.00000000000000
0.00000000000000 9.86520000000000 0.00000000000000
0.00000000000000 0.00000000000000 9.86520000000000

ATOMIC_POSITIONS angstrom
O 3.5500000000 1.8800000000 2.9700000000 
H 4.3900000000 2.4000000000 2.9800000000 
H 3.9400000000 1.0000000000 3.0500000000 
O 7.4000000000 0.1600000000 0.7100000000 
H 8.1400000000 0.8500000000 0.5200000000 
H 6.7100000000 0.4800000000 0.1100000000 
O 2.1100000000 5.6800000000 7.0000000000 
H 2.3300000000 6.5900000000 6.9700000000 
H 1.5000000000 5.5500000000 6.2000000000 
O 2.1200000000 1.9700000000 5.7700000000 
H 2.7500000000 1.7400000000 6.5500000000 
H 2.5500000000 2.0900000000 4.9100000000 
O 6.7000000000 2.8800000000 9.2900000000 
H 6.6400000000 3.8600000000 9.2400000000 
H 7.5900000000 2.6900000000 8.8400000000 
O 3.7100000000 4.4600000000 9.0400000000 
H 4.6300000000 4.7600000000 9.1600000000 
H 3.2500000000 4.8800000000 8.3100000000 
O 8.3200000000 4.5000000000 1.9100000000 
H 9.1200000000 4.1500000000 1.5600000000 
H 8.2300000000 5.3100000000 1.4600000000 
O 0.2100000000 8.2400000000 0.4200000000 
H 9.7600000000 7.8500000000 1.3400000000 
H 9.3900000000 8.8500000000 0.1900000000 
O 4.0500000000 8.2100000000 0.8500000000 
H 4.0400000000 7.3000000000 1.1000000000 
H 4.4200000000 8.5800000000 1.6900000000 
O 0.6100000000 5.3400000000 4.7700000000 
H 0.2700000000 5.4000000000 3.9100000000 
H 9.6000000000 5.4600000000 5.2800000000 
O 4.9800000000 7.5000000000 5.1700000000 
H 4.1200000000 7.6000000000 5.6500000000 
H 4.7400000000 6.6400000000 4.7400000000 
O 6.2500000000 5.6200000000 9.2700000000 
H 6.5000000000 6.1700000000 0.2000000000 
H 6.6000000000 6.1300000000 8.4500000000 
O 7.5400000000 0.8800000000 4.4700000000 
H 7.5700000000 1.4000000000 3.6400000000 
H 7.7500000000 1.5400000000 5.1700000000 
O 4.4500000000 1.5700000000 7.4200000000 
H 4.6300000000 0.5900000000 7.6200000000 
H 4.9300000000 2.0300000000 8.0900000000 
O 5.3500000000 9.5300000000 3.3500000000 
H 5.2400000000 8.6800000000 3.8600000000 
H 6.1400000000 0.1800000000 3.7400000000 
O 0.4800000000 9.6900000000 5.2600000000 
H 1.1000000000 0.5800000000 5.4100000000 
H 9.5000000000 0.2800000000 5.2700000000 
O 9.2800000000 2.6800000000 6.1000000000 
H 9.0600000000 3.6300000000 6.0900000000 
H 0.3900000000 2.8200000000 6.1400000000 
O 3.3300000000 5.5700000000 1.5900000000 
H 2.3800000000 5.1900000000 1.7600000000 
H 3.5100000000 5.0300000000 0.8100000000 
O 1.4800000000 3.6500000000 2.1300000000 
H 2.1900000000 3.0500000000 2.4300000000 
H 1.0700000000 3.0400000000 1.5000000000 
O 1.7500000000 2.4100000000 9.5200000000 
H 2.5600000000 3.0000000000 9.4200000000 
H 2.0800000000 1.4700000000 9.5900000000 
O 5.1400000000 8.9800000000 8.3900000000 
H 4.8400000000 8.3800000000 7.6800000000 
H 4.7900000000 8.6500000000 9.2100000000 
O 8.1500000000 5.3800000000 6.4200000000 
H 8.0000000000 6.3700000000 6.2500000000 
H 7.2100000000 4.9800000000 6.3400000000 
O 5.5600000000 4.3700000000 6.5000000000 
H 5.0900000000 4.8700000000 5.8300000000 
H 4.9100000000 3.6900000000 6.7600000000 
O 9.2400000000 7.6500000000 3.2800000000 
H 8.8500000000 8.5100000000 3.4900000000 
H 0.0500000000 7.6800000000 3.9800000000 
O 9.2000000000 1.6100000000 8.4900000000 
H 9.1500000000 1.7200000000 7.4700000000 
H 0.2100000000 1.8200000000 8.8000000000 
O 2.5600000000 8.3300000000 6.5200000000 
H 2.3800000000 8.7800000000 7.4200000000 
H 1.7200000000 8.5100000000 6.0200000000 
O 4.6300000000 5.2900000000 3.8600000000 
H 5.4300000000 4.8500000000 3.5400000000 
H 4.1000000000 5.4700000000 3.0600000000 
O 7.3700000000 7.7600000000 6.3800000000 
H 7.4100000000 8.6200000000 6.8400000000 
H 6.5400000000 7.7600000000 5.9300000000 
O 6.1700000000 2.6600000000 2.3600000000 
H 5.7900000000 2.4400000000 1.4500000000 
H 6.8500000000 3.3600000000 2.2200000000 
O 9.5600000000 5.3800000000 9.1200000000 
H 0.0000000000 6.2100000000 8.7500000000 
H 9.2700000000 4.9600000000 8.2400000000 
O 2.2600000000 9.3900000000 9.1400000000 
H 1.4300000000 9.0000000000 9.4300000000 
H 2.8600000000 9.1500000000 9.8600000000 
O 7.1400000000 7.4400000000 1.4100000000 
H 7.3900000000 7.3700000000 2.2900000000 
H 7.2300000000 8.4100000000 1.2100000000 

