&CONTROL
/
&SYSTEM
   ntyp             = 2
   nat              = 96
   ibrav            = 0
/
&ELECTRONS
/
&IONS
/
&CELL
/

ATOMIC_SPECIES
O 15.999 None
H 1.008 None

K_POINTS gamma

CELL_PARAMETERS angstrom
9.86520000000000 0.00000000000000 0.00000000000000
0.00000000000000 9.86520000000000 0.00000000000000
0.00000000000000 0.00000000000000 9.86520000000000

ATOMIC_POSITIONS angstrom
O 8.9600000000 1.1100000000 7.4700000000 
H 8.9300000000 1.8100000000 6.7300000000 
H 8.0300000000 0.9600000000 7.8100000000 
O 4.9400000000 8.1200000000 3.5700000000 
H 4.6700000000 8.7400000000 4.3400000000 
H 4.4100000000 8.3900000000 2.8200000000 
O 7.8100000000 9.4200000000 5.3800000000 
H 8.1800000000 9.5100000000 6.3100000000 
H 7.6400000000 8.5100000000 5.2200000000 
O 6.3500000000 1.1700000000 8.5400000000 
H 6.7500000000 1.2600000000 9.5100000000 
H 5.4100000000 1.5000000000 8.6800000000 
O 1.7100000000 3.2800000000 6.3700000000 
H 2.1900000000 3.5700000000 7.2300000000 
H 2.0000000000 4.1100000000 5.8400000000 
O 5.5600000000 6.0000000000 7.0100000000 
H 6.4800000000 5.9200000000 6.7000000000 
H 5.5700000000 6.9000000000 7.3300000000 
O 1.7400000000 0.4000000000 6.3000000000 
H 1.6000000000 0.2000000000 7.2000000000 
H 1.3700000000 1.2800000000 6.2800000000 
O 6.5800000000 1.8300000000 3.7600000000 
H 7.2900000000 2.2000000000 4.3000000000 
H 6.2600000000 1.1300000000 4.3500000000 
O 3.9600000000 1.6900000000 9.4700000000 
H 3.0100000000 1.3500000000 9.5200000000 
H 3.7300000000 2.6400000000 9.5800000000 
O 0.7600000000 6.8600000000 2.2600000000 
H 0.6600000000 5.8900000000 2.2300000000 
H 0.7700000000 7.0800000000 3.2000000000 
O 7.3000000000 7.2600000000 0.2300000000 
H 7.8100000000 7.2200000000 9.2600000000 
H 7.2600000000 6.3300000000 0.4600000000 
O 0.8700000000 5.3500000000 8.5800000000 
H 1.8800000000 5.3700000000 8.7000000000 
H 0.6400000000 5.0900000000 9.4900000000 
O 0.6100000000 4.2000000000 1.5400000000 
H 0.4400000000 3.3800000000 2.0800000000 
H 1.5300000000 4.2300000000 1.8000000000 
O 8.6800000000 6.4800000000 7.1300000000 
H 9.3700000000 6.9900000000 6.6400000000 
H 9.3300000000 5.8200000000 7.5000000000 
O 3.7500000000 9.3700000000 1.4900000000 
H 3.9700000000 0.2300000000 0.8400000000 
H 3.1800000000 0.0500000000 2.2100000000 
O 3.0800000000 1.5000000000 3.5100000000 
H 3.3300000000 1.2200000000 4.4000000000 
H 3.5500000000 2.3400000000 3.5200000000 
O 5.8800000000 4.1300000000 2.5500000000 
H 6.3800000000 4.0000000000 1.7300000000 
H 6.1400000000 3.2500000000 2.9200000000 
O 1.3200000000 0.6700000000 9.0200000000 
H 0.5700000000 1.0400000000 8.5300000000 
H 0.8900000000 0.2100000000 9.8300000000 
O 4.2100000000 9.6500000000 5.6900000000 
H 3.3300000000 9.8300000000 6.0700000000 
H 4.7400000000 9.3400000000 6.5300000000 
O 0.7300000000 7.8400000000 4.7800000000 
H 0.1700000000 8.5800000000 4.3900000000 
H 1.3000000000 8.3600000000 5.3000000000 
O 7.7300000000 4.3800000000 0.2000000000 
H 7.6700000000 3.5900000000 9.4100000000 
H 8.7300000000 4.6000000000 0.1600000000 
O 0.3700000000 1.6600000000 2.5900000000 
H 1.3400000000 1.7700000000 2.7500000000 
H 9.7800000000 1.6400000000 3.4300000000 
O 2.6500000000 5.5600000000 5.3200000000 
H 1.9000000000 6.1200000000 4.8100000000 
H 3.2900000000 6.2900000000 5.5200000000 
O 5.3900000000 8.5300000000 8.3700000000 
H 5.9100000000 9.3600000000 8.3500000000 
H 5.6100000000 8.1300000000 9.1900000000 
O 3.2900000000 3.8200000000 1.6300000000 
H 3.3500000000 4.6900000000 1.0900000000 
H 4.1000000000 3.8300000000 2.2100000000 
O 7.6400000000 7.6700000000 3.0700000000 
H 7.6500000000 7.4500000000 2.1000000000 
H 6.7100000000 7.7900000000 3.3300000000 
O 3.4800000000 4.6600000000 8.2800000000 
H 4.1400000000 4.9400000000 7.5800000000 
H 4.0000000000 4.9800000000 9.0100000000 
O 8.4500000000 5.2400000000 4.1200000000 
H 8.3200000000 6.1700000000 3.7700000000 
H 7.6400000000 4.8700000000 3.7000000000 
O 7.3100000000 1.4400000000 1.1000000000 
H 7.1300000000 1.4700000000 2.0200000000 
H 8.2200000000 1.0300000000 1.1000000000 
O 9.5100000000 9.2200000000 0.8300000000 
H 0.1300000000 8.5300000000 1.3300000000 
H 8.6300000000 8.8000000000 0.8100000000 
O 9.2200000000 2.9200000000 5.3200000000 
H 0.2600000000 3.0800000000 5.7000000000 
H 9.1500000000 3.8100000000 5.0100000000 
O 3.5600000000 6.4900000000 0.6100000000 
H 3.9900000000 7.0700000000 1.2200000000 
H 2.6900000000 6.9700000000 0.5100000000 

