&CONTROL
/
&SYSTEM
   ntyp             = 2
   nat              = 96
   ibrav            = 0
/
&ELECTRONS
/
&IONS
/
&CELL
/

ATOMIC_SPECIES
O 15.999 None
H 1.008 None

K_POINTS gamma

CELL_PARAMETERS angstrom
9.86520000000000 0.00000000000000 0.00000000000000
0.00000000000000 9.86520000000000 0.00000000000000
0.00000000000000 0.00000000000000 9.86520000000000

ATOMIC_POSITIONS angstrom
O 6.0400000000 5.6100000000 3.4500000000 
H 5.1700000000 5.8000000000 3.0800000000 
H 6.4800000000 6.4800000000 3.5500000000 
O 2.4100000000 9.5900000000 8.4300000000 
H 2.2900000000 0.6900000000 8.4700000000 
H 2.0700000000 9.2600000000 7.6000000000 
O 8.1200000000 1.1700000000 7.2700000000 
H 7.6000000000 1.6900000000 7.9600000000 
H 8.3400000000 1.9400000000 6.6900000000 
O 3.7500000000 2.4000000000 6.2400000000 
H 3.2800000000 3.2300000000 6.0300000000 
H 3.5300000000 2.2000000000 7.2200000000 
O 3.6700000000 1.9700000000 1.4500000000 
H 4.6100000000 1.7100000000 1.5800000000 
H 3.6500000000 2.6600000000 2.1600000000 
O 1.9900000000 4.4400000000 5.8100000000 
H 1.5400000000 5.3000000000 6.0200000000 
H 1.2200000000 3.9000000000 5.5000000000 
O 2.7700000000 3.9700000000 3.2300000000 
H 2.8600000000 4.9600000000 3.1400000000 
H 2.8400000000 3.8100000000 4.2000000000 
O 8.2700000000 7.3300000000 9.4000000000 
H 7.8000000000 8.1000000000 0.0500000000 
H 8.0200000000 6.5600000000 0.1200000000 
O 5.4100000000 0.5200000000 5.3700000000 
H 4.7200000000 1.1200000000 5.7900000000 
H 5.8200000000 0.2400000000 6.1900000000 
O 8.1600000000 5.3100000000 1.4700000000 
H 8.8500000000 4.5600000000 1.4400000000 
H 7.5200000000 5.0400000000 2.1200000000 
O 3.2000000000 8.5000000000 5.1000000000 
H 2.6200000000 9.2100000000 4.7600000000 
H 4.0500000000 8.9300000000 5.2700000000 
O 5.3900000000 4.2100000000 7.6800000000 
H 5.3800000000 5.2200000000 7.8600000000 
H 4.5900000000 3.8300000000 8.0800000000 
O 0.7200000000 0.0200000000 6.1700000000 
H 9.7400000000 0.4000000000 6.3400000000 
H 0.9600000000 0.4000000000 5.3200000000 
O 6.8400000000 2.4500000000 9.3200000000 
H 6.5900000000 2.7500000000 0.3700000000 
H 6.4100000000 3.1500000000 8.7900000000 
O 1.3900000000 4.6000000000 9.4100000000 
H 2.0400000000 5.4200000000 9.4600000000 
H 0.6100000000 4.9100000000 8.8400000000 
O 0.4100000000 6.7800000000 5.6300000000 
H 0.8900000000 7.6000000000 5.6000000000 
H 9.8200000000 6.7800000000 4.7700000000 
O 0.3300000000 3.4500000000 1.7000000000 
H 0.6200000000 3.9500000000 0.8700000000 
H 1.1700000000 3.4300000000 2.3800000000 
O 6.4600000000 3.4800000000 4.9300000000 
H 6.1100000000 3.4500000000 5.8400000000 
H 6.1100000000 4.2500000000 4.4700000000 
O 6.8500000000 8.4700000000 3.3800000000 
H 6.7600000000 9.2300000000 4.0200000000 
H 6.5400000000 8.7600000000 2.5000000000 
O 2.9100000000 2.4600000000 8.7900000000 
H 3.3700000000 2.2900000000 9.6200000000 
H 2.2300000000 3.1200000000 9.0700000000 
O 6.4700000000 9.4500000000 0.3000000000 
H 5.8300000000 0.1600000000 9.6700000000 
H 7.1400000000 0.2900000000 0.4900000000 
O 1.3100000000 9.5500000000 3.4400000000 
H 2.0100000000 9.4600000000 2.7500000000 
H 0.7500000000 8.7900000000 3.2000000000 
O 8.7900000000 0.9700000000 2.5200000000 
H 9.2600000000 1.8300000000 2.3900000000 
H 9.4100000000 0.4500000000 3.0400000000 
O 9.2000000000 3.5500000000 5.5800000000 
H 9.2000000000 4.1700000000 6.3200000000 
H 8.3400000000 3.6300000000 5.1500000000 
O 3.4500000000 6.8800000000 2.8900000000 
H 3.3100000000 7.2000000000 3.7600000000 
H 3.3000000000 7.6800000000 2.3100000000 
O 3.3000000000 6.3000000000 9.7000000000 
H 3.1600000000 7.2000000000 0.2800000000 
H 3.4900000000 6.4800000000 8.7400000000 
O 4.5000000000 7.1400000000 7.3800000000 
H 5.4400000000 7.3700000000 7.2300000000 
H 4.1200000000 7.3200000000 6.5200000000 
O 7.2800000000 8.3300000000 7.0500000000 
H 7.7700000000 8.0400000000 7.8600000000 
H 7.6300000000 9.2000000000 6.7700000000 
O 6.4800000000 2.1000000000 2.3900000000 
H 6.3300000000 2.4400000000 3.3400000000 
H 7.3500000000 1.6600000000 2.4900000000 
O 9.2000000000 5.4300000000 7.5800000000 
H 9.4200000000 6.0300000000 6.7600000000 
H 8.9100000000 6.0700000000 8.2300000000 
O 2.9100000000 9.1600000000 1.2800000000 
H 3.2100000000 0.2500000000 1.2600000000 
H 2.5500000000 9.2300000000 0.3900000000 
O 9.4500000000 7.3600000000 3.0400000000 
H 9.3300000000 6.8000000000 2.1900000000 
H 8.4500000000 7.5900000000 3.2700000000 

