&CONTROL
/
&SYSTEM
   ntyp             = 2
   nat              = 96
   ibrav            = 0
/
&ELECTRONS
/
&IONS
/
&CELL
/

ATOMIC_SPECIES
O 15.999 None
H 1.008 None

K_POINTS gamma

CELL_PARAMETERS angstrom
9.86520000000000 0.00000000000000 0.00000000000000
0.00000000000000 9.86520000000000 0.00000000000000
0.00000000000000 0.00000000000000 9.86520000000000

ATOMIC_POSITIONS angstrom
O 2.3200000000 8.6200000000 3.3000000000 
H 3.0800000000 8.4600000000 3.9100000000 
H 1.8100000000 9.4300000000 3.6100000000 
O 7.4000000000 3.8000000000 8.1200000000 
H 7.8500000000 3.8700000000 9.0400000000 
H 6.6300000000 3.1900000000 8.2600000000 
O 8.0400000000 6.0300000000 4.0200000000 
H 9.0400000000 6.0700000000 3.9100000000 
H 8.0000000000 5.2100000000 4.5100000000 
O 5.5300000000 7.0700000000 3.7400000000 
H 6.3900000000 6.5700000000 3.6800000000 
H 5.5700000000 7.4700000000 4.6600000000 
O 2.5900000000 2.7300000000 1.3000000000 
H 2.5600000000 3.0100000000 0.3500000000 
H 3.1300000000 1.9300000000 1.2300000000 
O 3.4800000000 2.4500000000 6.2400000000 
H 3.9900000000 2.8500000000 5.4700000000 
H 4.1000000000 1.6200000000 6.4700000000 
O 2.3200000000 3.3500000000 8.4800000000 
H 2.8500000000 2.8900000000 7.6900000000 
H 1.4200000000 3.0100000000 8.2100000000 
O 6.1000000000 0.4400000000 4.5700000000 
H 6.8900000000 9.6900000000 4.4300000000 
H 5.5400000000 9.7400000000 5.1300000000 
O 4.9100000000 8.0500000000 6.1800000000 
H 4.1200000000 7.7200000000 6.6300000000 
H 5.6200000000 7.9100000000 6.8500000000 
O 4.2200000000 0.6300000000 1.3500000000 
H 4.3000000000 9.7700000000 2.0800000000 
H 4.2900000000 0.0800000000 0.5800000000 
O 1.2500000000 1.4100000000 3.4400000000 
H 2.0800000000 1.6400000000 2.9700000000 
H 0.5800000000 1.7900000000 2.8100000000 
O 5.3000000000 2.7200000000 9.3700000000 
H 5.1800000000 2.3000000000 0.4200000000 
H 4.7900000000 2.1400000000 8.7300000000 
O 7.6500000000 0.9600000000 0.4600000000 
H 7.5600000000 1.6700000000 1.0900000000 
H 7.8100000000 0.2800000000 1.1200000000 
O 1.1500000000 9.1000000000 7.8900000000 
H 0.2900000000 9.5000000000 7.5900000000 
H 0.8800000000 8.6900000000 8.7300000000 
O 7.6300000000 6.6500000000 0.5300000000 
H 7.8400000000 5.6500000000 0.7900000000 
H 8.0000000000 7.2100000000 1.2500000000 
O 4.1400000000 4.4600000000 3.8100000000 
H 4.1200000000 4.0700000000 2.8800000000 
H 4.6200000000 5.3900000000 3.7200000000 
O 8.3800000000 3.9900000000 0.9000000000 
H 7.8600000000 3.7600000000 1.6300000000 
H 9.2500000000 4.1300000000 1.3000000000 
O 2.4200000000 6.9000000000 7.1000000000 
H 1.6500000000 6.5200000000 7.6300000000 
H 2.1300000000 7.8500000000 7.1700000000 
O 8.5000000000 8.7600000000 2.4700000000 
H 9.3000000000 8.2300000000 2.1800000000 
H 8.3300000000 8.6900000000 3.5000000000 
O 4.2200000000 0.4400000000 8.1800000000 
H 4.6800000000 9.4900000000 8.5300000000 
H 3.3500000000 9.8200000000 7.9200000000 
O 8.4100000000 0.1400000000 7.9500000000 
H 8.4200000000 1.0400000000 7.4900000000 
H 8.1200000000 0.3500000000 8.8700000000 
O 0.3600000000 6.1800000000 8.5600000000 
H 0.6100000000 5.8200000000 9.4700000000 
H 9.2400000000 6.0300000000 8.5900000000 
O 4.2500000000 5.5000000000 9.2500000000 
H 4.8700000000 4.9100000000 9.7800000000 
H 3.7000000000 4.8600000000 8.7300000000 
O 0.6700000000 2.4500000000 6.1700000000 
H 1.1100000000 1.7100000000 5.7500000000 
H 1.1600000000 3.2600000000 5.8400000000 
O 7.2400000000 2.5700000000 3.0400000000 
H 7.5600000000 2.9600000000 3.8600000000 
H 6.5600000000 1.8300000000 3.2600000000 
O 8.3900000000 8.5000000000 5.1600000000 
H 8.4400000000 9.1900000000 5.8400000000 
H 8.2000000000 7.6900000000 5.7100000000 
O 0.7200000000 4.4200000000 2.6000000000 
H 0.8800000000 4.5500000000 3.6000000000 
H 1.3300000000 3.7300000000 2.2500000000 
O 0.7900000000 7.1700000000 1.6400000000 
H 1.4300000000 7.7600000000 2.1100000000 
H 0.9200000000 6.3800000000 2.2600000000 
O 7.3500000000 7.3600000000 7.6000000000 
H 7.2000000000 6.6600000000 8.2900000000 
H 7.7900000000 8.0900000000 8.0500000000 
O 8.3000000000 3.7800000000 5.4800000000 
H 9.0700000000 3.1800000000 5.6300000000 
H 7.8800000000 3.7700000000 6.3800000000 
O 1.7400000000 4.8900000000 5.1000000000 
H 2.6300000000 4.6800000000 4.8200000000 
H 1.9800000000 5.4600000000 5.8900000000 
O 4.9700000000 8.1500000000 9.6800000000 
H 4.4300000000 7.3500000000 9.4900000000 
H 5.8700000000 7.7600000000 9.8400000000 

