&CONTROL
/
&SYSTEM
   ntyp             = 2
   nat              = 96
   ibrav            = 0
/
&ELECTRONS
/
&IONS
/
&CELL
/

ATOMIC_SPECIES
O 15.999 None
H 1.008 None

K_POINTS gamma

CELL_PARAMETERS angstrom
9.86520000000000 0.00000000000000 0.00000000000000
0.00000000000000 9.86520000000000 0.00000000000000
0.00000000000000 0.00000000000000 9.86520000000000

ATOMIC_POSITIONS angstrom
O 3.3700000000 7.3300000000 0.6900000000 
H 3.4300000000 8.0700000000 0.0200000000 
H 3.0100000000 6.5500000000 0.2200000000 
O 3.2700000000 4.8100000000 9.4500000000 
H 2.8000000000 4.4700000000 8.6800000000 
H 4.1400000000 4.4000000000 9.3100000000 
O 8.8200000000 8.6900000000 6.6400000000 
H 8.8400000000 8.4200000000 7.5600000000 
H 8.2600000000 9.4700000000 6.7800000000 
O 1.3200000000 6.7500000000 7.2100000000 
H 1.0400000000 6.9400000000 6.3100000000 
H 0.5500000000 7.2000000000 7.6400000000 
O 7.1600000000 0.8500000000 0.4800000000 
H 7.4800000000 1.0800000000 1.3800000000 
H 6.2700000000 0.5300000000 0.6500000000 
O 8.9900000000 7.4900000000 9.1400000000 
H 8.0400000000 7.3800000000 9.3900000000 
H 9.3600000000 6.5800000000 9.4200000000 
O 3.9200000000 3.4400000000 5.4100000000 
H 3.8400000000 2.8800000000 4.5800000000 
H 4.6600000000 4.0200000000 5.2300000000 
O 7.9500000000 1.2100000000 7.8800000000 
H 7.9300000000 2.1300000000 7.6300000000 
H 7.5900000000 1.1400000000 8.7800000000 
O 5.9600000000 3.8300000000 9.1500000000 
H 5.8300000000 3.6100000000 8.2100000000 
H 6.9500000000 3.9400000000 9.1600000000 
O 0.4400000000 2.2700000000 5.3100000000 
H 0.5300000000 1.3200000000 5.2000000000 
H 0.0100000000 2.5100000000 4.5000000000 
O 2.4300000000 1.4600000000 0.0900000000 
H 2.3900000000 1.8500000000 9.0500000000 
H 1.5600000000 1.0000000000 0.2300000000 
O 1.2700000000 9.4600000000 5.7700000000 
H 1.4000000000 8.8400000000 5.0300000000 
H 0.3800000000 9.3000000000 6.1300000000 
O 4.1700000000 6.7700000000 7.2000000000 
H 4.6500000000 6.0200000000 6.6500000000 
H 3.2600000000 6.4300000000 7.4600000000 
O 1.0300000000 7.4500000000 4.1000000000 
H 1.0500000000 6.4800000000 3.8900000000 
H 1.0900000000 7.7500000000 3.1800000000 
O 6.3200000000 7.3800000000 9.3000000000 
H 5.9000000000 8.2400000000 9.4900000000 
H 5.6400000000 6.9300000000 8.6800000000 
O 0.0900000000 0.2300000000 9.5800000000 
H 9.4700000000 0.9500000000 9.0400000000 
H 9.6200000000 9.1600000000 9.3900000000 
O 3.9700000000 3.4000000000 2.2100000000 
H 3.6300000000 3.8400000000 1.4100000000 
H 4.0700000000 2.4700000000 1.8900000000 
O 4.0400000000 9.4400000000 6.5400000000 
H 4.1500000000 8.4300000000 6.4400000000 
H 3.0700000000 9.4600000000 6.2300000000 
O 5.1200000000 0.3700000000 3.2000000000 
H 5.3600000000 0.3200000000 4.1500000000 
H 4.9300000000 9.3300000000 2.8700000000 
O 9.4900000000 2.3400000000 2.5800000000 
H 9.2500000000 1.4900000000 3.0300000000 
H 0.2000000000 2.1900000000 1.8000000000 
O 8.5400000000 0.1800000000 3.7600000000 
H 8.2700000000 9.2600000000 3.1900000000 
H 7.8500000000 0.3300000000 4.4300000000 
O 5.2200000000 6.4000000000 2.4400000000 
H 4.5100000000 6.8600000000 1.9200000000 
H 5.3000000000 5.5600000000 1.9000000000 
O 2.2600000000 2.7600000000 7.4800000000 
H 1.4500000000 2.7900000000 6.9100000000 
H 2.9100000000 2.5500000000 6.8100000000 
O 6.5900000000 3.2800000000 3.5000000000 
H 6.8100000000 2.3300000000 3.5300000000 
H 5.6500000000 3.3000000000 3.0900000000 
O 6.4400000000 0.6000000000 5.7400000000 
H 5.6000000000 0.1800000000 6.0200000000 
H 6.7000000000 1.1100000000 6.5300000000 
O 8.3600000000 4.0600000000 7.6600000000 
H 9.2200000000 4.2600000000 8.1000000000 
H 8.2500000000 4.5600000000 6.8800000000 
O 1.5000000000 4.6700000000 3.7600000000 
H 2.1400000000 4.3800000000 2.9800000000 
H 1.8600000000 4.1000000000 4.4900000000 
O 8.5700000000 5.3200000000 2.9700000000 
H 9.3800000000 4.7700000000 2.9900000000 
H 7.8400000000 4.6800000000 2.9700000000 
O 8.3200000000 6.1500000000 5.7300000000 
H 8.9400000000 6.0500000000 4.9800000000 
H 8.5700000000 7.0700000000 6.0200000000 
O 5.7500000000 5.5700000000 5.2100000000 
H 5.6900000000 5.8200000000 4.2400000000 
H 6.7000000000 5.8400000000 5.4500000000 
O 7.8900000000 7.7800000000 2.3500000000 
H 7.1200000000 7.5600000000 1.7700000000 
H 8.2200000000 6.9500000000 2.7700000000 
O 4.5400000000 9.5500000000 9.2800000000 
H 3.8000000000 0.3200000000 9.5000000000 
H 4.4400000000 9.5100000000 8.2900000000 

