&CONTROL
/
&SYSTEM
   ntyp             = 2
   nat              = 96
   ibrav            = 0
/
&ELECTRONS
/
&IONS
/
&CELL
/

ATOMIC_SPECIES
O 15.999 None
H 1.008 None

K_POINTS gamma

CELL_PARAMETERS angstrom
9.86520000000000 0.00000000000000 0.00000000000000
0.00000000000000 9.86520000000000 0.00000000000000
0.00000000000000 0.00000000000000 9.86520000000000

ATOMIC_POSITIONS angstrom
O 3.4300000000 1.0800000000 3.3500000000 
H 3.2800000000 1.9300000000 2.8700000000 
H 2.9900000000 1.1700000000 4.2500000000 
O 0.7600000000 5.2100000000 3.0800000000 
H 0.6800000000 5.7300000000 2.2400000000 
H 0.0700000000 4.4800000000 3.0500000000 
O 2.5200000000 8.7500000000 1.9300000000 
H 2.9700000000 9.5100000000 2.4000000000 
H 1.5400000000 8.8500000000 1.9300000000 
O 2.5900000000 9.1800000000 6.2300000000 
H 1.7700000000 8.6800000000 6.0200000000 
H 2.2900000000 0.2500000000 6.1800000000 
O 6.2000000000 5.5000000000 0.3500000000 
H 7.0700000000 5.1000000000 0.4700000000 
H 6.1400000000 5.9400000000 1.2300000000 
O 3.9600000000 1.9400000000 9.5900000000 
H 3.4300000000 1.9100000000 0.4800000000 
H 3.7900000000 2.8900000000 9.3300000000 
O 8.4700000000 5.2000000000 6.2900000000 
H 7.8100000000 5.7500000000 5.9000000000 
H 9.2400000000 5.7200000000 6.0600000000 
O 9.6700000000 2.6500000000 5.5500000000 
H 8.9200000000 2.1800000000 5.1400000000 
H 9.2200000000 3.5300000000 5.7900000000 
O 0.1700000000 6.8100000000 0.9000000000 
H 9.7400000000 7.7800000000 1.1400000000 
H 0.3700000000 6.9800000000 9.8400000000 
O 8.5300000000 1.7600000000 0.3700000000 
H 8.9500000000 2.3800000000 9.5400000000 
H 7.8000000000 1.3000000000 9.7500000000 
O 8.2600000000 3.4500000000 2.7600000000 
H 8.4600000000 2.7800000000 2.0300000000 
H 7.3400000000 3.1900000000 2.9200000000 
O 3.4300000000 5.9900000000 3.6500000000 
H 2.5300000000 5.7200000000 3.4700000000 
H 3.4300000000 6.9500000000 3.4700000000 
O 7.1200000000 5.9000000000 2.9900000000 
H 7.4500000000 4.9800000000 2.9000000000 
H 6.4800000000 5.8100000000 3.7300000000 
O 5.4500000000 3.3600000000 3.6400000000 
H 4.7400000000 3.3000000000 2.9600000000 
H 5.1800000000 4.1000000000 4.2700000000 
O 0.6400000000 7.0300000000 5.3500000000 
H 0.6700000000 7.9300000000 4.9100000000 
H 0.6500000000 6.3400000000 4.6700000000 
O 0.0700000000 9.5500000000 4.6500000000 
H 0.2600000000 0.5200000000 5.1200000000 
H 9.1100000000 9.8000000000 4.1700000000 
O 5.9000000000 6.2500000000 5.4300000000 
H 5.5200000000 6.9400000000 4.8700000000 
H 5.8000000000 6.6500000000 6.3400000000 
O 6.1500000000 3.7800000000 7.5800000000 
H 6.2400000000 4.3300000000 8.3900000000 
H 6.8900000000 4.1500000000 7.0600000000 
O 2.3900000000 1.9900000000 5.7100000000 
H 1.4200000000 2.3500000000 5.7800000000 
H 2.9800000000 2.7800000000 6.0700000000 
O 4.5000000000 8.6000000000 4.4400000000 
H 4.4500000000 9.3500000000 3.8000000000 
H 3.8200000000 8.7700000000 5.0900000000 
O 2.8700000000 3.3800000000 2.0800000000 
H 2.1200000000 3.7900000000 2.5300000000 
H 2.9400000000 3.8800000000 1.2200000000 
O 3.0900000000 7.7900000000 9.3100000000 
H 2.7300000000 8.1600000000 0.3000000000 
H 2.2100000000 7.7900000000 8.8800000000 
O 3.7900000000 4.3400000000 6.0800000000 
H 3.8700000000 5.1800000000 5.5800000000 
H 4.6300000000 4.3400000000 6.5500000000 
O 5.1800000000 7.7800000000 7.6900000000 
H 4.8100000000 7.6800000000 8.5900000000 
H 4.3900000000 8.2300000000 7.3400000000 
O 9.5100000000 9.4000000000 1.4100000000 
H 9.3700000000 0.5100000000 1.2400000000 
H 8.6200000000 9.1400000000 1.7300000000 
O 3.5000000000 4.6100000000 9.4600000000 
H 4.4800000000 4.9700000000 9.7400000000 
H 3.1000000000 5.5100000000 9.1600000000 
O 6.2900000000 1.2900000000 8.3100000000 
H 6.2200000000 2.2300000000 8.0300000000 
H 5.3300000000 1.2900000000 8.7400000000 
O 7.2200000000 8.6200000000 2.8700000000 
H 7.2800000000 7.6400000000 2.9500000000 
H 6.2600000000 8.7400000000 3.0800000000 
O 8.5400000000 4.6500000000 9.2400000000 
H 8.6500000000 4.9300000000 8.2900000000 
H 9.1600000000 5.3400000000 9.6200000000 
O 7.4000000000 1.4400000000 4.7300000000 
H 6.5700000000 1.8900000000 4.4700000000 
H 6.9900000000 0.7500000000 5.2300000000 
O 0.3600000000 7.6000000000 8.1200000000 
H 9.4300000000 8.1000000000 7.9100000000 
H 0.5700000000 7.3800000000 7.2000000000 
O 7.6300000000 8.8000000000 7.5500000000 
H 7.3900000000 9.7400000000 7.8400000000 
H 6.7300000000 8.4000000000 7.6100000000 

