&CONTROL
/
&SYSTEM
   ntyp             = 2
   nat              = 96
   ibrav            = 0
/
&ELECTRONS
/
&IONS
/
&CELL
/

ATOMIC_SPECIES
O 15.999 None
H 1.008 None

K_POINTS gamma

CELL_PARAMETERS angstrom
9.86520000000000 0.00000000000000 0.00000000000000
0.00000000000000 9.86520000000000 0.00000000000000
0.00000000000000 0.00000000000000 9.86520000000000

ATOMIC_POSITIONS angstrom
O 2.2100000000 4.3500000000 9.7900000000 
H 2.5600000000 3.8500000000 9.0300000000 
H 2.4800000000 5.2800000000 9.6200000000 
O 3.3000000000 2.3500000000 2.6300000000 
H 3.3900000000 1.9000000000 1.7300000000 
H 3.0100000000 3.2000000000 2.2400000000 
O 6.3900000000 0.9900000000 5.4700000000 
H 6.2100000000 0.1000000000 5.0400000000 
H 6.6600000000 0.7200000000 6.3100000000 
O 9.1200000000 0.4500000000 1.5200000000 
H 9.1400000000 9.2900000000 1.5500000000 
H 9.1900000000 0.4700000000 0.5800000000 
O 4.3000000000 5.7800000000 2.5200000000 
H 3.9800000000 5.9600000000 1.6200000000 
H 3.5800000000 5.7500000000 3.1800000000 
O 9.0200000000 2.3600000000 3.5100000000 
H 9.5800000000 1.8900000000 2.8300000000 
H 8.1700000000 2.2400000000 3.0700000000 
O 1.6200000000 7.6200000000 2.5500000000 
H 0.6900000000 7.6200000000 2.4700000000 
H 1.8500000000 6.9300000000 3.1900000000 
O 1.9200000000 9.5300000000 8.3300000000 
H 1.7300000000 9.4300000000 7.4000000000 
H 1.0600000000 0.1400000000 8.5300000000 
O 6.0200000000 2.5200000000 0.1800000000 
H 6.8700000000 2.5800000000 9.6400000000 
H 6.2300000000 2.1100000000 1.0600000000 
O 7.2300000000 6.2200000000 4.4500000000 
H 8.1700000000 6.2800000000 4.9200000000 
H 7.0500000000 7.2100000000 4.4000000000 
O 2.5400000000 5.8500000000 4.6100000000 
H 2.0400000000 5.1500000000 5.0700000000 
H 3.4400000000 5.7300000000 5.0600000000 
O 5.2500000000 6.7400000000 8.3400000000 
H 4.4600000000 6.8300000000 8.9000000000 
H 5.6900000000 6.2000000000 9.0300000000 
O 8.6400000000 7.6400000000 8.1800000000 
H 8.7400000000 7.1900000000 7.2900000000 
H 9.2000000000 7.2400000000 8.8600000000 
O 8.9600000000 5.0300000000 2.6600000000 
H 8.4200000000 5.3000000000 3.4300000000 
H 9.1700000000 4.1200000000 2.9200000000 
O 6.2300000000 2.1200000000 2.9300000000 
H 5.3100000000 2.2800000000 2.9500000000 
H 6.4100000000 1.7700000000 3.8400000000 
O 8.8300000000 7.5700000000 1.9500000000 
H 7.9100000000 7.4800000000 2.3100000000 
H 9.0600000000 6.7200000000 1.7400000000 
O 3.0200000000 3.2000000000 7.3900000000 
H 3.9100000000 3.6200000000 7.3700000000 
H 3.0700000000 2.5700000000 6.6700000000 
O 3.4600000000 1.3700000000 0.0900000000 
H 4.2300000000 1.5500000000 9.3700000000 
H 2.8700000000 0.7900000000 9.4500000000 
O 4.8700000000 5.3900000000 6.0000000000 
H 5.6300000000 5.5000000000 5.4400000000 
H 5.1400000000 5.9100000000 6.7800000000 
O 9.0500000000 1.9400000000 6.3000000000 
H 8.1600000000 1.7200000000 6.3500000000 
H 9.1500000000 2.3500000000 5.3500000000 
O 0.8200000000 4.2800000000 6.1800000000 
H 0.1300000000 3.6300000000 6.3100000000 
H 1.6100000000 3.7600000000 6.5800000000 
O 5.7200000000 8.5200000000 4.0500000000 
H 5.9200000000 8.6100000000 3.1100000000 
H 5.0300000000 7.8400000000 4.0600000000 
O 6.4000000000 9.4100000000 7.7200000000 
H 5.5100000000 8.9100000000 7.7500000000 
H 7.0600000000 8.6100000000 7.8500000000 
O 9.5300000000 5.4100000000 0.0300000000 
H 9.1200000000 5.1200000000 0.9000000000 
H 0.5500000000 5.0500000000 0.0100000000 
O 6.1100000000 8.8300000000 1.3300000000 
H 6.0300000000 9.6400000000 0.7100000000 
H 5.9400000000 8.0700000000 0.7700000000 
O 3.0000000000 7.3700000000 9.8200000000 
H 2.6200000000 7.6800000000 0.8400000000 
H 2.5900000000 7.9300000000 9.1300000000 
O 9.5500000000 6.9200000000 5.5500000000 
H 0.5600000000 6.4500000000 5.6100000000 
H 9.8300000000 7.8400000000 5.4800000000 
O 3.4300000000 1.3600000000 5.1900000000 
H 4.4000000000 1.0300000000 5.2000000000 
H 3.1700000000 1.6000000000 4.2400000000 
O 0.5600000000 9.6500000000 5.5000000000 
H 0.0800000000 0.6100000000 5.6300000000 
H 1.3500000000 0.0300000000 5.0200000000 
O 6.2100000000 5.2700000000 0.5200000000 
H 5.7400000000 5.2700000000 1.4000000000 
H 6.2600000000 4.3300000000 0.3000000000 
O 9.1900000000 0.5200000000 8.7400000000 
H 8.9200000000 1.2900000000 8.2400000000 
H 8.5100000000 9.6600000000 8.6800000000 
O 8.3900000000 3.2400000000 8.8100000000 
H 9.3100000000 3.0000000000 9.0600000000 
H 8.2800000000 4.2400000000 9.0400000000 

