&CONTROL
/
&SYSTEM
   ntyp             = 2
   nat              = 96
   ibrav            = 0
/
&ELECTRONS
/
&IONS
/
&CELL
/

ATOMIC_SPECIES
O 15.999 None
H 1.008 None

K_POINTS gamma

CELL_PARAMETERS angstrom
9.86520000000000 0.00000000000000 0.00000000000000
0.00000000000000 9.86520000000000 0.00000000000000
0.00000000000000 0.00000000000000 9.86520000000000

ATOMIC_POSITIONS angstrom
O 9.5500000000 3.3800000000 6.4900000000 
H 0.6100000000 3.5500000000 6.7700000000 
H 9.2500000000 3.9100000000 7.2300000000 
O 9.1300000000 7.0700000000 5.0700000000 
H 8.4300000000 6.7500000000 4.4900000000 
H 9.8600000000 7.2200000000 4.3900000000 
O 0.6100000000 2.7800000000 9.4300000000 
H 1.3000000000 2.6400000000 8.6600000000 
H 1.2700000000 2.6400000000 0.3300000000 
O 7.1500000000 6.2600000000 3.2400000000 
H 6.3300000000 5.7100000000 3.2600000000 
H 6.9700000000 7.0200000000 2.6400000000 
O 6.4100000000 3.2800000000 4.2400000000 
H 7.0100000000 2.6700000000 4.7800000000 
H 6.9300000000 3.5000000000 3.4200000000 
O 6.4900000000 8.6000000000 1.7800000000 
H 6.9500000000 9.0400000000 2.6200000000 
H 6.9200000000 9.1200000000 1.1200000000 
O 9.4700000000 2.7700000000 3.5300000000 
H 0.4400000000 3.2400000000 3.3600000000 
H 9.4200000000 2.8500000000 4.4900000000 
O 0.3100000000 0.5000000000 7.1900000000 
H 9.7200000000 9.5800000000 6.8500000000 
H 1.0200000000 0.7600000000 6.5600000000 
O 4.1800000000 7.5400000000 0.4100000000 
H 4.9500000000 7.8500000000 9.7500000000 
H 4.4600000000 7.9300000000 1.2200000000 
O 6.2000000000 1.2500000000 8.6400000000 
H 6.1100000000 0.2500000000 8.4400000000 
H 6.6400000000 1.2900000000 9.4800000000 
O 5.5200000000 3.6300000000 9.3800000000 
H 6.2100000000 3.4800000000 0.2200000000 
H 5.5700000000 2.7800000000 8.8100000000 
O 7.6700000000 3.5800000000 1.5000000000 
H 8.0700000000 4.1800000000 0.8000000000 
H 8.3400000000 3.6100000000 2.1700000000 
O 8.4100000000 0.5200000000 0.2800000000 
H 9.0400000000 0.3300000000 1.0000000000 
H 9.0700000000 0.7200000000 9.4700000000 
O 0.2900000000 0.2200000000 2.2800000000 
H 1.2300000000 0.3700000000 1.9300000000 
H 9.8400000000 1.0500000000 2.7700000000 
O 6.6100000000 9.4900000000 4.4200000000 
H 6.7500000000 0.4200000000 4.8900000000 
H 7.1200000000 8.8600000000 4.9300000000 
O 4.6900000000 5.5600000000 5.2400000000 
H 5.1000000000 4.7000000000 5.0200000000 
H 5.0800000000 5.6900000000 6.1200000000 
O 7.4100000000 1.6500000000 6.1400000000 
H 6.9500000000 1.4400000000 7.0200000000 
H 8.2600000000 2.0400000000 6.4600000000 
O 2.2800000000 6.8200000000 8.1000000000 
H 2.8300000000 7.0800000000 8.8000000000 
H 2.4000000000 7.5200000000 7.4400000000 
O 4.1600000000 8.1100000000 3.8800000000 
H 4.6000000000 7.2500000000 4.1300000000 
H 4.9900000000 8.7300000000 3.8000000000 
O 9.3200000000 7.7300000000 7.6400000000 
H 0.3800000000 7.6700000000 7.8800000000 
H 9.3500000000 7.4600000000 6.7100000000 
O 2.1100000000 4.4600000000 3.7000000000 
H 1.8000000000 5.2500000000 4.2600000000 
H 2.5000000000 4.9200000000 2.9200000000 
O 2.8400000000 8.6900000000 6.3200000000 
H 2.5300000000 9.6000000000 6.0400000000 
H 3.4300000000 8.4500000000 5.5400000000 
O 1.3100000000 7.6200000000 3.4400000000 
H 1.0600000000 8.4700000000 2.9900000000 
H 2.1800000000 7.6700000000 3.8100000000 
O 0.4900000000 6.2000000000 0.4800000000 
H 1.0300000000 6.4500000000 9.5400000000 
H 0.6100000000 6.9700000000 1.1300000000 
O 3.8500000000 5.0400000000 1.2000000000 
H 4.2000000000 4.5200000000 0.5200000000 
H 4.0200000000 5.9600000000 0.9600000000 
O 8.7400000000 4.6500000000 8.8400000000 
H 9.2500000000 3.7600000000 9.0300000000 
H 9.3000000000 5.3200000000 9.3700000000 
O 2.3900000000 1.3900000000 5.7200000000 
H 2.7500000000 1.7000000000 4.8200000000 
H 2.8100000000 2.0500000000 6.3100000000 
O 6.2900000000 5.5300000000 7.6200000000 
H 6.0000000000 4.8700000000 8.2400000000 
H 7.2600000000 5.5000000000 7.6800000000 
O 6.3500000000 8.5100000000 8.3000000000 
H 7.3300000000 8.5700000000 8.3100000000 
H 6.3400000000 7.5600000000 8.0100000000 
O 2.5000000000 1.7400000000 1.4600000000 
H 3.3300000000 1.8600000000 0.9300000000 
H 2.8900000000 1.6300000000 2.3700000000 
O 3.8400000000 2.4500000000 3.6000000000 
H 4.7600000000 2.8000000000 3.7600000000 
H 3.3800000000 3.3300000000 3.4600000000 
O 2.3100000000 4.2600000000 7.3000000000 
H 2.3800000000 5.0700000000 7.7500000000 
H 2.7900000000 4.5500000000 6.5000000000 

