&CONTROL
/
&SYSTEM
   ntyp             = 2
   nat              = 96
   ibrav            = 0
/
&ELECTRONS
/
&IONS
/
&CELL
/

ATOMIC_SPECIES
O 15.999 None
H 1.008 None

K_POINTS gamma

CELL_PARAMETERS angstrom
9.86520000000000 0.00000000000000 0.00000000000000
0.00000000000000 9.86520000000000 0.00000000000000
0.00000000000000 0.00000000000000 9.86520000000000

ATOMIC_POSITIONS angstrom
O 1.5200000000 4.6000000000 0.5800000000 
H 1.9700000000 4.2700000000 1.3700000000 
H 1.6900000000 5.5600000000 0.5700000000 
O 2.5900000000 1.7300000000 3.7100000000 
H 3.3100000000 1.4200000000 3.0700000000 
H 2.5800000000 2.6700000000 3.3400000000 
O 5.8000000000 0.5800000000 5.3700000000 
H 6.1100000000 0.8200000000 4.4600000000 
H 5.9100000000 9.4800000000 5.3000000000 
O 9.3000000000 0.5700000000 1.8800000000 
H 8.5600000000 0.0500000000 1.5300000000 
H 9.7900000000 0.7700000000 1.0200000000 
O 2.4100000000 4.4500000000 3.1400000000 
H 1.4600000000 4.5800000000 3.5100000000 
H 2.9100000000 4.9700000000 3.8000000000 
O 8.4000000000 3.1100000000 2.3500000000 
H 8.8800000000 2.3000000000 2.1100000000 
H 7.4900000000 2.7500000000 2.7300000000 
O 2.5000000000 9.0400000000 2.2600000000 
H 1.8100000000 8.3200000000 2.0500000000 
H 2.1000000000 9.8600000000 2.0200000000 
O 2.6500000000 0.5100000000 9.1300000000 
H 2.8600000000 0.3800000000 8.1800000000 
H 1.6800000000 0.8800000000 9.0800000000 
O 4.8600000000 3.2400000000 8.9000000000 
H 5.4500000000 3.0200000000 8.1700000000 
H 5.4100000000 3.5900000000 9.6600000000 
O 6.2600000000 6.5900000000 2.6100000000 
H 6.9000000000 6.3700000000 3.3800000000 
H 5.5500000000 7.1400000000 3.0800000000 
O 3.5500000000 5.8300000000 5.2500000000 
H 2.9600000000 5.9800000000 6.0100000000 
H 4.4300000000 5.8400000000 5.6600000000 
O 5.4100000000 6.8900000000 9.5200000000 
H 4.4100000000 6.9400000000 9.7000000000 
H 5.7400000000 6.0500000000 0.1700000000 
O 8.5000000000 7.4800000000 9.0700000000 
H 7.6000000000 7.2300000000 8.8000000000 
H 8.9900000000 7.7700000000 8.3000000000 
O 9.5300000000 5.3700000000 3.4200000000 
H 8.8500000000 5.6700000000 4.0600000000 
H 9.1300000000 4.6500000000 2.8700000000 
O 6.4000000000 1.4100000000 2.6800000000 
H 5.5100000000 1.6500000000 2.3600000000 
H 6.4600000000 0.6100000000 2.2000000000 
O 0.5600000000 7.1300000000 1.5400000000 
H 9.5800000000 7.2000000000 1.0000000000 
H 0.2000000000 6.5400000000 2.2800000000 
O 2.6600000000 3.6400000000 7.3700000000 
H 3.2200000000 3.5000000000 8.2100000000 
H 2.9000000000 2.8600000000 6.8600000000 
O 4.0500000000 1.6600000000 1.1900000000 
H 4.3800000000 2.4200000000 0.5400000000 
H 3.5400000000 1.1300000000 0.4500000000 
O 5.7000000000 5.6400000000 6.7900000000 
H 6.1500000000 4.8000000000 6.9800000000 
H 5.1300000000 5.9200000000 7.5500000000 
O 8.6800000000 1.0800000000 6.6300000000 
H 7.8300000000 0.6400000000 6.2800000000 
H 9.3300000000 0.8700000000 5.9100000000 
O 1.7900000000 6.4300000000 7.0400000000 
H 2.1100000000 6.8700000000 7.9000000000 
H 1.8000000000 5.5100000000 7.2900000000 
O 4.4600000000 8.3000000000 3.8400000000 
H 3.8300000000 8.7300000000 3.2500000000 
H 3.7900000000 7.6700000000 4.2500000000 
O 7.6300000000 6.2800000000 4.9800000000 
H 6.9100000000 6.0700000000 5.6400000000 
H 8.2700000000 6.7600000000 5.5900000000 
O 9.1000000000 3.6500000000 9.3500000000 
H 9.6700000000 3.8100000000 0.2800000000 
H 9.4500000000 4.3600000000 8.7700000000 
O 7.1000000000 9.0200000000 1.0100000000 
H 7.7700000000 8.7800000000 0.3600000000 
H 6.5600000000 8.2200000000 1.0000000000 
O 2.6600000000 7.3300000000 9.5700000000 
H 1.9300000000 7.3100000000 0.4200000000 
H 3.0600000000 8.2200000000 9.7300000000 
O 9.4900000000 7.7900000000 6.2600000000 
H 0.5100000000 7.2800000000 6.3900000000 
H 9.7500000000 8.5000000000 5.7100000000 
O 3.2200000000 1.0500000000 6.3500000000 
H 4.2100000000 1.0500000000 6.1300000000 
H 2.7500000000 1.1000000000 5.4500000000 
O 0.3100000000 0.4100000000 4.4500000000 
H 9.7200000000 0.4600000000 3.5700000000 
H 1.1300000000 0.9700000000 4.2700000000 
O 6.4400000000 4.4400000000 0.8600000000 
H 7.2600000000 3.8900000000 1.1500000000 
H 6.3500000000 5.0500000000 1.5700000000 
O 9.6600000000 1.0200000000 9.0900000000 
H 9.4500000000 1.9600000000 9.2300000000 
H 9.2600000000 0.8500000000 8.1800000000 
O 7.2400000000 3.3400000000 7.3700000000 
H 7.6800000000 2.6000000000 6.9200000000 
H 7.7800000000 3.4500000000 8.1900000000 

