&CONTROL
/
&SYSTEM
   ntyp             = 2
   nat              = 96
   ibrav            = 0
/
&ELECTRONS
/
&IONS
/
&CELL
/

ATOMIC_SPECIES
O 15.999 None
H 1.008 None

K_POINTS gamma

CELL_PARAMETERS angstrom
9.86520000000000 0.00000000000000 0.00000000000000
0.00000000000000 9.86520000000000 0.00000000000000
0.00000000000000 0.00000000000000 9.86520000000000

ATOMIC_POSITIONS angstrom
O 3.4500000000 3.4600000000 5.5400000000 
H 2.8600000000 2.6800000000 5.6700000000 
H 4.3400000000 3.0600000000 5.4500000000 
O 9.5800000000 4.1200000000 9.8000000000 
H 0.1900000000 3.9900000000 0.7500000000 
H 0.3700000000 3.9600000000 9.0700000000 
O 7.9700000000 1.6800000000 5.2500000000 
H 7.7400000000 2.3000000000 4.5100000000 
H 8.6700000000 2.2100000000 5.7700000000 
O 0.3300000000 9.5700000000 0.4300000000 
H 9.5000000000 9.7000000000 9.6600000000 
H 1.1200000000 9.1700000000 9.7600000000 
O 0.4400000000 3.4400000000 2.6400000000 
H 0.7000000000 2.6600000000 3.1000000000 
H 9.5200000000 3.6800000000 3.2500000000 
O 6.0300000000 1.2800000000 2.3800000000 
H 6.5700000000 2.0400000000 2.7500000000 
H 5.7000000000 1.6600000000 1.5200000000 
O 6.7600000000 5.7700000000 6.1500000000 
H 6.0000000000 6.2500000000 5.6700000000 
H 7.5700000000 6.1700000000 5.7600000000 
O 9.4600000000 6.5100000000 5.6500000000 
H 0.5600000000 6.3600000000 5.7000000000 
H 9.2700000000 7.4700000000 5.8800000000 
O 1.6900000000 1.4500000000 6.3800000000 
H 2.1600000000 0.6500000000 6.6200000000 
H 1.1400000000 1.1800000000 5.6100000000 
O 1.4800000000 3.6600000000 7.9200000000 
H 2.3800000000 4.0100000000 7.6200000000 
H 1.6100000000 2.6800000000 7.5700000000 
O 3.9700000000 1.1900000000 9.2700000000 
H 3.9800000000 1.8500000000 0.1500000000 
H 4.5800000000 1.5200000000 8.6000000000 
O 6.2600000000 3.6000000000 7.6500000000 
H 6.6600000000 4.2300000000 7.0200000000 
H 5.8800000000 4.1500000000 8.3600000000 
O 8.0100000000 8.9800000000 5.6000000000 
H 7.9100000000 8.7900000000 4.6400000000 
H 8.0200000000 0.1000000000 5.5200000000 
O 2.6800000000 8.4500000000 9.2000000000 
H 3.2000000000 9.2900000000 9.2600000000 
H 2.4600000000 8.3500000000 8.2900000000 
O 8.0400000000 9.4300000000 2.7900000000 
H 8.8300000000 0.1000000000 2.7000000000 
H 7.3300000000 0.2300000000 2.7000000000 
O 2.6400000000 6.0200000000 5.3800000000 
H 2.7300000000 5.9300000000 4.3800000000 
H 3.0900000000 5.2100000000 5.6800000000 
O 7.7200000000 8.6300000000 8.5100000000 
H 7.9600000000 9.5700000000 8.7600000000 
H 7.7700000000 8.6400000000 7.4900000000 
O 8.2200000000 1.6700000000 8.7200000000 
H 8.6900000000 2.1100000000 9.4500000000 
H 7.6300000000 2.3900000000 8.3800000000 
O 0.5900000000 7.3400000000 2.1600000000 
H 0.3600000000 8.1800000000 1.7400000000 
H 9.7100000000 6.7800000000 1.9300000000 
O 5.2600000000 7.2800000000 4.4200000000 
H 4.6400000000 6.7900000000 3.9000000000 
H 4.9900000000 8.1800000000 4.1800000000 
O 2.7500000000 8.5700000000 6.4200000000 
H 3.5300000000 8.9900000000 5.9300000000 
H 2.8100000000 7.7100000000 6.1000000000 
O 3.0800000000 6.4800000000 2.8000000000 
H 3.4000000000 6.4000000000 1.8300000000 
H 2.1400000000 6.9200000000 2.6600000000 
O 5.4200000000 1.4000000000 6.3300000000 
H 6.3100000000 1.2000000000 5.9800000000 
H 5.5300000000 2.2500000000 6.8000000000 
O 3.5500000000 6.0200000000 0.1200000000 
H 4.3900000000 6.3100000000 9.6000000000 
H 3.0400000000 6.8000000000 9.6100000000 
O 6.8900000000 4.5500000000 0.4200000000 
H 7.7900000000 4.4900000000 0.1200000000 
H 6.6000000000 5.4800000000 0.1700000000 
O 4.5100000000 3.3300000000 1.1000000000 
H 5.2100000000 3.9700000000 0.8600000000 
H 3.8300000000 3.9600000000 1.4200000000 
O 4.2700000000 0.2000000000 4.1500000000 
H 4.7300000000 0.6100000000 3.4000000000 
H 4.5800000000 0.6300000000 4.9300000000 
O 1.5900000000 0.4600000000 3.2900000000 
H 2.4200000000 0.0600000000 3.6200000000 
H 1.5200000000 0.3100000000 2.3700000000 
O 6.0800000000 6.4100000000 8.7500000000 
H 6.1500000000 6.1100000000 7.7700000000 
H 6.4800000000 7.2500000000 8.6000000000 
O 7.4300000000 6.3700000000 3.3100000000 
H 6.5200000000 6.6300000000 3.7600000000 
H 7.7900000000 7.2900000000 3.1600000000 
O 9.3600000000 3.7400000000 5.9500000000 
H 0.2700000000 3.6300000000 6.6300000000 
H 9.1100000000 4.7300000000 5.9300000000 
O 7.3100000000 3.5800000000 3.4100000000 
H 7.2400000000 3.8200000000 2.4600000000 
H 7.4300000000 4.4900000000 3.8900000000 

