&CONTROL
/
&SYSTEM
   ntyp             = 2
   nat              = 96
   ibrav            = 0
/
&ELECTRONS
/
&IONS
/
&CELL
/

ATOMIC_SPECIES
O 15.999 None
H 1.008 None

K_POINTS gamma

CELL_PARAMETERS angstrom
9.86520000000000 0.00000000000000 0.00000000000000
0.00000000000000 9.86520000000000 0.00000000000000
0.00000000000000 0.00000000000000 9.86520000000000

ATOMIC_POSITIONS angstrom
O 5.5000000000 9.5400000000 9.5400000000 
H 5.4900000000 0.3300000000 8.7900000000 
H 6.2800000000 8.9900000000 9.4100000000 
O 0.6100000000 9.6200000000 8.2600000000 
H 1.1300000000 9.8600000000 7.4300000000 
H 0.5400000000 0.6300000000 8.6900000000 
O 5.2400000000 5.4700000000 3.5900000000 
H 4.7200000000 5.6100000000 4.4300000000 
H 4.8100000000 6.2300000000 3.1300000000 
O 2.1500000000 0.2500000000 5.8200000000 
H 2.4800000000 0.0900000000 4.9800000000 
H 1.8300000000 1.1500000000 5.8800000000 
O 6.7600000000 3.5700000000 0.8600000000 
H 6.5500000000 4.1500000000 1.5800000000 
H 6.9000000000 2.7200000000 1.3200000000 
O 4.7400000000 4.1900000000 9.1900000000 
H 5.4800000000 3.6900000000 9.5100000000 
H 4.2100000000 3.6300000000 8.6100000000 
O 6.8600000000 3.3400000000 4.9800000000 
H 6.4200000000 4.1900000000 4.5700000000 
H 7.7600000000 3.5000000000 4.6400000000 
O 0.8800000000 0.7300000000 1.4900000000 
H 1.4000000000 0.9900000000 0.7200000000 
H 1.4500000000 1.0700000000 2.2200000000 
O 3.6400000000 8.1700000000 3.2100000000 
H 3.6600000000 7.5900000000 2.4200000000 
H 4.1000000000 8.9700000000 3.0200000000 
O 8.2300000000 6.2700000000 2.7500000000 
H 8.9400000000 6.9100000000 2.8800000000 
H 7.8000000000 6.6800000000 1.9600000000 
O 4.7000000000 8.2600000000 6.0900000000 
H 5.6900000000 8.2300000000 5.9500000000 
H 4.5700000000 9.0800000000 5.5900000000 
O 7.1200000000 5.0800000000 7.2900000000 
H 6.6100000000 4.4900000000 6.7100000000 
H 7.1800000000 5.9000000000 6.7700000000 
O 9.6400000000 8.5300000000 5.3700000000 
H 0.5900000000 9.0000000000 5.7700000000 
H 9.7700000000 8.6600000000 4.3700000000 
O 1.6600000000 2.7200000000 9.3400000000 
H 2.1900000000 2.5800000000 8.5200000000 
H 0.8900000000 3.3200000000 9.0200000000 
O 8.1700000000 1.4800000000 2.2900000000 
H 8.3600000000 2.2500000000 2.9400000000 
H 9.1000000000 1.2600000000 1.9100000000 
O 0.6300000000 2.5300000000 6.2000000000 
H 0.2500000000 3.1300000000 6.8200000000 
H 0.2500000000 2.7900000000 5.3200000000 
O 2.8700000000 1.5200000000 3.1500000000 
H 2.9800000000 2.3800000000 3.6200000000 
H 3.8300000000 1.3600000000 2.9400000000 
O 2.6600000000 8.0600000000 9.2200000000 
H 1.9800000000 8.6400000000 8.6900000000 
H 3.4200000000 8.2800000000 8.6600000000 
O 3.0400000000 3.6200000000 4.6100000000 
H 3.2800000000 4.4300000000 5.1400000000 
H 2.5400000000 4.0200000000 3.8700000000 
O 1.7300000000 4.2300000000 2.2100000000 
H 2.3900000000 4.9500000000 1.9700000000 
H 1.6400000000 3.6800000000 1.3800000000 
O 7.3200000000 7.4000000000 5.4200000000 
H 8.2100000000 7.7500000000 5.4100000000 
H 7.2600000000 6.9200000000 4.5900000000 
O 3.1500000000 6.0100000000 5.7200000000 
H 2.4200000000 6.0800000000 6.3100000000 
H 3.7200000000 6.7800000000 5.8800000000 
O 5.6400000000 0.3700000000 2.3200000000 
H 6.5700000000 0.7400000000 2.2900000000 
H 5.5900000000 0.0500000000 1.3800000000 
O 7.8400000000 8.3800000000 8.3600000000 
H 7.7900000000 8.2500000000 7.3700000000 
H 8.6900000000 8.7200000000 8.5000000000 
O 9.3500000000 3.8300000000 3.6500000000 
H 8.8700000000 4.6200000000 3.2200000000 
H 0.3900000000 3.8900000000 3.2900000000 
O 1.2800000000 6.5100000000 7.5400000000 
H 0.6800000000 7.2200000000 7.4100000000 
H 1.7700000000 6.8400000000 8.3600000000 
O 5.6400000000 0.8800000000 5.1200000000 
H 5.5600000000 0.7800000000 4.1100000000 
H 6.1400000000 1.6900000000 5.2300000000 
O 0.3500000000 8.4000000000 2.8100000000 
H 1.2100000000 7.9400000000 2.7700000000 
H 0.4500000000 9.2900000000 2.3300000000 
O 3.8000000000 2.3700000000 7.2800000000 
H 4.4400000000 1.9000000000 6.6800000000 
H 3.1900000000 2.7700000000 6.6500000000 
O 6.9200000000 6.7200000000 0.2900000000 
H 6.4000000000 5.9300000000 9.7400000000 
H 7.2500000000 7.2200000000 9.3800000000 
O 9.6300000000 4.2400000000 8.2500000000 
H 8.6700000000 4.4400000000 8.3400000000 
H 0.1500000000 5.1400000000 8.0900000000 
O 3.4900000000 6.1800000000 1.3000000000 
H 4.0100000000 5.5900000000 0.7100000000 
H 3.0400000000 6.7800000000 0.6500000000 

