&CONTROL
/
&SYSTEM
   ntyp             = 2
   nat              = 96
   ibrav            = 0
/
&ELECTRONS
/
&IONS
/
&CELL
/

ATOMIC_SPECIES
O 15.999 None
H 1.008 None

K_POINTS gamma

CELL_PARAMETERS angstrom
9.86520000000000 0.00000000000000 0.00000000000000
0.00000000000000 9.86520000000000 0.00000000000000
0.00000000000000 0.00000000000000 9.86520000000000

ATOMIC_POSITIONS angstrom
O 9.4600000000 3.5100000000 6.7700000000 
H 9.6200000000 2.7000000000 7.3500000000 
H 0.4600000000 3.7900000000 6.3400000000 
O 9.4800000000 7.6400000000 5.1100000000 
H 9.2600000000 6.7300000000 5.0000000000 
H 0.3300000000 7.7300000000 4.4900000000 
O 0.4500000000 3.2000000000 0.3200000000 
H 0.3800000000 2.4900000000 9.4700000000 
H 1.3600000000 3.4900000000 0.0600000000 
O 8.2000000000 5.4300000000 3.6000000000 
H 7.3500000000 5.0000000000 3.9800000000 
H 7.9200000000 6.0600000000 2.8900000000 
O 6.1300000000 3.3000000000 4.3200000000 
H 5.8500000000 2.5100000000 4.9000000000 
H 6.4300000000 2.8600000000 3.4500000000 
O 6.2800000000 8.1100000000 2.0900000000 
H 6.6100000000 8.5700000000 2.9100000000 
H 6.8400000000 8.5100000000 1.3900000000 
O 9.3400000000 2.6200000000 3.4600000000 
H 0.0400000000 3.4800000000 3.4800000000 
H 8.9000000000 2.6500000000 4.3000000000 
O 0.5900000000 1.3600000000 8.2000000000 
H 0.1000000000 0.5200000000 8.0500000000 
H 1.4500000000 1.2400000000 7.7300000000 
O 4.7000000000 7.6000000000 9.5700000000 
H 5.4100000000 7.8100000000 8.8800000000 
H 5.2300000000 7.3500000000 0.5100000000 
O 6.8500000000 1.1300000000 8.4100000000 
H 6.8200000000 0.1400000000 8.3400000000 
H 7.4400000000 1.1700000000 9.1500000000 
O 4.7000000000 2.5600000000 9.5000000000 
H 5.3000000000 2.6600000000 0.3800000000 
H 5.4200000000 2.3300000000 8.8800000000 
O 7.3800000000 3.3000000000 1.4400000000 
H 8.0200000000 3.8400000000 0.8800000000 
H 8.0600000000 2.9500000000 2.0900000000 
O 8.3600000000 9.3200000000 0.7300000000 
H 9.0300000000 9.5000000000 1.4500000000 
H 8.8100000000 8.6900000000 0.1100000000 
O 0.3000000000 0.3700000000 2.2600000000 
H 1.0600000000 0.8100000000 1.7500000000 
H 9.7900000000 1.1600000000 2.6900000000 
O 7.2600000000 9.3500000000 4.4100000000 
H 6.7800000000 0.2500000000 4.7200000000 
H 8.0800000000 9.4300000000 5.0000000000 
O 4.7900000000 5.4300000000 5.4500000000 
H 5.1800000000 4.6000000000 4.9800000000 
H 5.4500000000 5.7100000000 6.1100000000 
O 5.7300000000 1.0700000000 5.8700000000 
H 6.1300000000 1.2300000000 6.7700000000 
H 4.8900000000 0.5600000000 6.0500000000 
O 2.6600000000 6.5200000000 8.2600000000 
H 3.3900000000 6.8600000000 8.7800000000 
H 2.6200000000 7.2000000000 7.5600000000 
O 3.9900000000 7.8100000000 3.7400000000 
H 4.4500000000 7.0700000000 4.1700000000 
H 4.6700000000 8.0700000000 3.0900000000 
O 9.4300000000 8.7200000000 7.6500000000 
H 9.5000000000 8.3400000000 6.7600000000 
H 9.6900000000 7.9700000000 8.2800000000 
O 1.8900000000 4.8200000000 3.2100000000 
H 1.2600000000 5.5400000000 3.3300000000 
H 2.0200000000 4.5900000000 2.2900000000 
O 2.6200000000 8.4900000000 6.4500000000 
H 2.1100000000 9.3100000000 6.3300000000 
H 3.2100000000 8.5200000000 5.7600000000 
O 1.4200000000 7.7500000000 2.9900000000 
H 1.1500000000 8.6400000000 2.6000000000 
H 2.4100000000 7.8900000000 3.4300000000 
O 0.5800000000 7.3900000000 0.2000000000 
H 1.4700000000 7.3500000000 9.6600000000 
H 0.7700000000 7.5300000000 1.1400000000 
O 2.9400000000 4.3600000000 0.3800000000 
H 3.5100000000 3.5900000000 0.0700000000 
H 3.2500000000 5.1500000000 9.7000000000 
O 8.7100000000 5.3700000000 0.0900000000 
H 9.3900000000 4.6400000000 0.1200000000 
H 9.1300000000 6.2200000000 0.3300000000 
O 2.6000000000 1.6900000000 6.3700000000 
H 2.8500000000 1.8800000000 5.4600000000 
H 2.2800000000 2.5600000000 6.6600000000 
O 7.3700000000 5.4700000000 7.2000000000 
H 7.6700000000 5.2700000000 8.1200000000 
H 8.1200000000 5.0200000000 6.7400000000 
O 6.8000000000 8.2500000000 7.7500000000 
H 7.7700000000 8.4700000000 7.7800000000 
H 6.9100000000 7.3200000000 7.3900000000 
O 2.6600000000 1.0500000000 1.2400000000 
H 3.3700000000 0.9000000000 0.5600000000 
H 3.2200000000 1.5000000000 1.9800000000 
O 3.4900000000 2.6100000000 3.5900000000 
H 4.2800000000 3.1100000000 3.7800000000 
H 2.8400000000 3.3100000000 3.1900000000 
O 2.2100000000 4.4100000000 6.3200000000 
H 2.3500000000 5.1700000000 6.9600000000 
H 2.9900000000 4.4400000000 5.7600000000 

