&CONTROL
/
&SYSTEM
   ntyp             = 2
   nat              = 96
   ibrav            = 0
/
&ELECTRONS
/
&IONS
/
&CELL
/

ATOMIC_SPECIES
O 15.999 None
H 1.008 None

K_POINTS gamma

CELL_PARAMETERS angstrom
9.86520000000000 0.00000000000000 0.00000000000000
0.00000000000000 9.86520000000000 0.00000000000000
0.00000000000000 0.00000000000000 9.86520000000000

ATOMIC_POSITIONS angstrom
O 3.1900000000 0.4500000000 0.3600000000 
H 3.2500000000 1.4100000000 0.3500000000 
H 2.9000000000 0.2100000000 9.3300000000 
O 0.5700000000 4.7800000000 1.6400000000 
H 0.4300000000 4.7000000000 0.6600000000 
H 9.7200000000 4.2900000000 2.0100000000 
O 1.4600000000 7.3300000000 2.0700000000 
H 0.8400000000 8.0300000000 2.4800000000 
H 0.9600000000 6.4600000000 1.9700000000 
O 5.3100000000 0.4900000000 7.3400000000 
H 4.7100000000 1.3100000000 7.5800000000 
H 5.7600000000 0.8100000000 6.4300000000 
O 6.8900000000 5.7800000000 2.4200000000 
H 6.9500000000 6.0800000000 3.3700000000 
H 7.5700000000 5.0900000000 2.3100000000 
O 3.4700000000 2.5800000000 7.7100000000 
H 3.7400000000 3.4500000000 7.3300000000 
H 3.1700000000 3.0400000000 8.5500000000 
O 7.7200000000 3.3600000000 6.8500000000 
H 7.0600000000 4.0700000000 6.6200000000 
H 7.3900000000 2.5500000000 6.3700000000 
O 2.3000000000 1.2100000000 3.7400000000 
H 2.5800000000 1.0000000000 2.8500000000 
H 2.7300000000 2.0600000000 3.8400000000 
O 9.7100000000 6.6300000000 8.4500000000 
H 9.6400000000 6.6000000000 7.5100000000 
H 9.5600000000 7.6000000000 8.5700000000 
O 9.8600000000 1.2300000000 0.4700000000 
H 0.0200000000 2.1200000000 0.0500000000 
H 0.0600000000 0.6300000000 9.5700000000 
O 8.3900000000 3.4000000000 2.6300000000 
H 8.1100000000 2.6400000000 2.0000000000 
H 8.5800000000 3.0000000000 3.5400000000 
O 3.2700000000 3.7100000000 3.4700000000 
H 3.5000000000 4.4100000000 2.8200000000 
H 2.4500000000 4.0500000000 3.9400000000 
O 6.4800000000 6.7300000000 5.2800000000 
H 6.1300000000 7.1800000000 6.0100000000 
H 5.9500000000 5.8600000000 5.4300000000 
O 5.6400000000 4.0100000000 5.3300000000 
H 6.1500000000 3.2200000000 5.0600000000 
H 4.6900000000 3.8800000000 4.9400000000 
O 9.2000000000 6.2100000000 5.6000000000 
H 9.6000000000 7.1500000000 5.6500000000 
H 8.3200000000 6.3800000000 5.6100000000 
O 0.2100000000 8.6200000000 5.2600000000 
H 0.6800000000 9.2900000000 5.6600000000 
H 0.1000000000 9.0300000000 4.3800000000 
O 5.3200000000 7.4600000000 7.6700000000 
H 5.9400000000 7.3000000000 8.4100000000 
H 4.8700000000 8.2500000000 8.0200000000 
O 3.4500000000 5.6000000000 7.5700000000 
H 2.8600000000 6.0600000000 8.1800000000 
H 4.2600000000 6.1800000000 7.6600000000 
O 1.9600000000 0.6900000000 6.3500000000 
H 2.1800000000 1.0900000000 5.4900000000 
H 2.4800000000 1.3400000000 6.8800000000 
O 4.1800000000 8.4300000000 2.0700000000 
H 3.9200000000 9.2600000000 1.5800000000 
H 3.2100000000 8.2300000000 2.4100000000 
O 2.8200000000 3.6300000000 0.1300000000 
H 3.5000000000 4.3200000000 0.3700000000 
H 2.0500000000 3.8400000000 0.7700000000 
O 2.5000000000 7.5100000000 9.2700000000 
H 1.6600000000 7.5500000000 8.7400000000 
H 2.2600000000 7.6100000000 0.3200000000 
O 1.5800000000 4.4400000000 5.3800000000 
H 0.6600000000 4.8900000000 5.4700000000 
H 2.1600000000 4.9500000000 5.9800000000 
O 6.4600000000 7.8700000000 0.6800000000 
H 6.8700000000 7.1500000000 1.1600000000 
H 5.7300000000 8.1400000000 1.2800000000 
O 9.5000000000 9.2400000000 2.5900000000 
H 9.5100000000 9.8300000000 1.7900000000 
H 8.5000000000 9.1400000000 2.7300000000 
O 4.3300000000 5.5200000000 1.5700000000 
H 5.2800000000 5.6400000000 1.7800000000 
H 4.0300000000 6.4100000000 1.5100000000 
O 9.5800000000 1.7300000000 4.7800000000 
H 0.2100000000 2.2600000000 5.4100000000 
H 0.4000000000 1.3000000000 4.2800000000 
O 6.6200000000 9.1600000000 3.5100000000 
H 6.5700000000 8.3500000000 4.0800000000 
H 5.7300000000 9.2700000000 3.1200000000 
O 9.4900000000 3.5400000000 8.9500000000 
H 8.9200000000 3.2200000000 8.2000000000 
H 9.7400000000 4.4200000000 8.6100000000 
O 6.9300000000 1.3200000000 5.2800000000 
H 7.9400000000 1.1700000000 5.3100000000 
H 6.7600000000 0.7300000000 4.5000000000 
O 0.2500000000 9.3900000000 8.3600000000 
H 9.1900000000 9.3200000000 7.9900000000 
H 0.7100000000 0.2300000000 7.8000000000 
O 7.5400000000 8.8900000000 8.1400000000 
H 6.6900000000 9.2300000000 7.7800000000 
H 7.4200000000 8.8200000000 9.1100000000 

