&CONTROL
/
&SYSTEM
   ntyp             = 2
   nat              = 96
   ibrav            = 0
/
&ELECTRONS
/
&IONS
/
&CELL
/

ATOMIC_SPECIES
O 15.999 None
H 1.008 None

K_POINTS gamma

CELL_PARAMETERS angstrom
9.86520000000000 0.00000000000000 0.00000000000000
0.00000000000000 9.86520000000000 0.00000000000000
0.00000000000000 0.00000000000000 9.86520000000000

ATOMIC_POSITIONS angstrom
O 4.4000000000 8.8500000000 8.9200000000 
H 5.1900000000 9.4900000000 8.9000000000 
H 4.2200000000 8.6800000000 7.9200000000 
O 1.3600000000 8.6700000000 7.7900000000 
H 2.1600000000 8.7000000000 7.2700000000 
H 1.5200000000 9.5200000000 8.2800000000 
O 5.4700000000 6.5400000000 5.3100000000 
H 5.0300000000 5.8600000000 4.7900000000 
H 6.3300000000 6.6800000000 4.9000000000 
O 0.1500000000 2.2500000000 3.8300000000 
H 0.1400000000 2.8500000000 3.0200000000 
H 1.1100000000 1.9800000000 3.8900000000 
O 5.2000000000 5.4900000000 2.7800000000 
H 5.5100000000 5.9300000000 1.9900000000 
H 5.6700000000 4.6000000000 2.7400000000 
O 6.0300000000 3.2700000000 9.0200000000 
H 5.1200000000 3.5100000000 8.7000000000 
H 6.6000000000 4.0200000000 8.6400000000 
O 8.0900000000 3.2000000000 5.9500000000 
H 7.3500000000 2.7400000000 5.6700000000 
H 8.7300000000 2.9000000000 5.2900000000 
O 0.5200000000 9.8600000000 0.7100000000 
H 1.4300000000 9.5600000000 0.9000000000 
H 0.1200000000 9.0700000000 0.4200000000 
O 0.9700000000 6.2900000000 9.2900000000 
H 1.0800000000 5.3500000000 8.8900000000 
H 1.1000000000 6.9100000000 8.5500000000 
O 8.8100000000 6.6000000000 1.3400000000 
H 9.4400000000 6.5200000000 0.5500000000 
H 7.9700000000 6.7300000000 0.8100000000 
O 3.7100000000 8.3300000000 6.3700000000 
H 3.7700000000 8.7800000000 5.5200000000 
H 4.4500000000 7.7200000000 6.2300000000 
O 6.9400000000 5.7800000000 7.8900000000 
H 7.6900000000 6.2900000000 8.1800000000 
H 6.7300000000 6.2300000000 7.1000000000 
O 8.6600000000 9.6100000000 3.2600000000 
H 9.1700000000 0.5500000000 3.5500000000 
H 9.3300000000 9.4000000000 2.5500000000 
O 3.5800000000 2.5400000000 0.8300000000 
H 4.4900000000 2.7900000000 0.5900000000 
H 3.0800000000 2.5800000000 9.7700000000 
O 6.6000000000 3.2500000000 2.2500000000 
H 7.4300000000 3.5800000000 2.6300000000 
H 7.0000000000 2.9900000000 1.4100000000 
O 2.4400000000 2.4300000000 7.9900000000 
H 1.5500000000 2.8200000000 7.9900000000 
H 2.8300000000 2.7900000000 7.1500000000 
O 3.6200000000 9.0400000000 3.5600000000 
H 3.1200000000 8.7800000000 2.7800000000 
H 4.5700000000 8.8900000000 3.2200000000 
O 2.7000000000 8.2700000000 1.0900000000 
H 3.4100000000 8.3600000000 0.3400000000 
H 2.3800000000 7.3400000000 0.9500000000 
O 3.4800000000 3.4800000000 5.4200000000 
H 2.9000000000 4.2500000000 5.1400000000 
H 3.3000000000 2.8500000000 4.6400000000 
O 2.7300000000 1.6900000000 3.4100000000 
H 2.9600000000 1.9500000000 2.5000000000 
H 3.1000000000 0.7800000000 3.4900000000 
O 7.9600000000 7.0800000000 4.3300000000 
H 8.1800000000 7.9900000000 4.2500000000 
H 8.1500000000 6.8100000000 3.4000000000 
O 2.3100000000 5.8300000000 5.4700000000 
H 1.3500000000 5.9600000000 5.7200000000 
H 2.6800000000 6.7300000000 5.6600000000 
O 6.0900000000 0.4300000000 2.9700000000 
H 7.0400000000 0.1800000000 3.0500000000 
H 6.1000000000 1.2400000000 2.4300000000 
O 8.3300000000 8.0900000000 8.3300000000 
H 9.1300000000 8.0800000000 7.7800000000 
H 7.9300000000 9.0000000000 8.3200000000 
O 0.3100000000 4.2700000000 1.8300000000 
H 9.5500000000 5.0900000000 1.7700000000 
H 1.2000000000 4.6400000000 1.9800000000 
O 9.5300000000 6.0700000000 6.2700000000 
H 8.8100000000 6.4100000000 5.7100000000 
H 9.1000000000 5.1900000000 6.4600000000 
O 5.9600000000 1.3600000000 5.5300000000 
H 5.3200000000 2.1000000000 5.4600000000 
H 5.7900000000 0.8100000000 4.7200000000 
O 8.5900000000 2.3000000000 0.5400000000 
H 9.2200000000 2.7800000000 1.1900000000 
H 8.8600000000 1.3900000000 0.5800000000 
O 6.3800000000 0.6400000000 8.2300000000 
H 6.5500000000 1.4800000000 8.6300000000 
H 6.3200000000 0.9500000000 7.2800000000 
O 6.1100000000 7.0400000000 0.5300000000 
H 6.4500000000 6.6500000000 9.5900000000 
H 5.4500000000 7.6800000000 0.2600000000 
O 0.1400000000 3.6800000000 8.2000000000 
H 9.3400000000 3.5000000000 8.9800000000 
H 9.3500000000 3.3500000000 7.5000000000 
O 2.5300000000 5.5500000000 2.7000000000 
H 2.3600000000 5.5800000000 3.6500000000 
H 3.5300000000 5.4600000000 2.6600000000 

