&CONTROL
/
&SYSTEM
   ntyp             = 2
   nat              = 96
   ibrav            = 0
/
&ELECTRONS
/
&IONS
/
&CELL
/

ATOMIC_SPECIES
O 15.999 None
H 1.008 None

K_POINTS gamma

CELL_PARAMETERS angstrom
9.86520000000000 0.00000000000000 0.00000000000000
0.00000000000000 9.86520000000000 0.00000000000000
0.00000000000000 0.00000000000000 9.86520000000000

ATOMIC_POSITIONS angstrom
O 2.7500000000 5.7300000000 1.9700000000 
H 1.9500000000 5.2800000000 1.8700000000 
H 2.7900000000 6.2000000000 1.1000000000 
O 4.2700000000 9.2100000000 7.4000000000 
H 4.3600000000 8.6100000000 8.1400000000 
H 3.8000000000 8.5900000000 6.8100000000 
O 9.5300000000 5.1600000000 3.1100000000 
H 9.2800000000 5.2100000000 2.1700000000 
H 0.2400000000 4.3600000000 3.1500000000 
O 6.1100000000 6.3200000000 4.5800000000 
H 5.8000000000 6.5100000000 3.7000000000 
H 6.0800000000 7.2000000000 5.0200000000 
O 7.2000000000 3.4300000000 9.6900000000 
H 6.6400000000 3.3600000000 8.9000000000 
H 6.4600000000 3.5500000000 0.4900000000 
O 9.2400000000 9.4400000000 6.3000000000 
H 9.4600000000 8.4700000000 6.0100000000 
H 9.6500000000 0.1600000000 5.5600000000 
O 7.9100000000 4.2300000000 5.8500000000 
H 7.6600000000 5.0700000000 5.3800000000 
H 7.8400000000 3.6000000000 5.1000000000 
O 3.0100000000 6.9200000000 9.4200000000 
H 2.3200000000 7.5700000000 9.1200000000 
H 3.3200000000 6.4900000000 8.5900000000 
O 1.1600000000 8.3800000000 8.2300000000 
H 0.6300000000 8.8500000000 7.5700000000 
H 0.5100000000 7.6700000000 8.4500000000 
O 2.7100000000 8.1900000000 3.5600000000 
H 3.5600000000 8.6600000000 3.6600000000 
H 3.0200000000 7.3800000000 3.0700000000 
O 9.3000000000 1.5100000000 8.7100000000 
H 8.6800000000 2.2700000000 8.9100000000 
H 8.7400000000 1.1600000000 8.0200000000 
O 1.0900000000 2.9400000000 2.4700000000 
H 1.2800000000 2.8800000000 1.5300000000 
H 0.6800000000 2.0800000000 2.7000000000 
O 6.5200000000 8.7900000000 5.5600000000 
H 6.1000000000 9.6600000000 5.7200000000 
H 7.4900000000 8.9800000000 5.3900000000 
O 5.4200000000 4.3900000000 7.2100000000 
H 4.9200000000 3.5800000000 7.5000000000 
H 6.3200000000 4.0200000000 7.0200000000 
O 5.1700000000 9.7800000000 2.6700000000 
H 4.4200000000 0.0800000000 2.0500000000 
H 5.4100000000 8.8600000000 2.4300000000 
O 0.4100000000 7.0700000000 5.3400000000 
H 1.1200000000 7.4100000000 4.8200000000 
H 0.0900000000 6.5100000000 4.6700000000 
O 2.3000000000 1.2800000000 7.1700000000 
H 2.8300000000 0.5000000000 6.9200000000 
H 1.4600000000 0.9900000000 7.5500000000 
O 1.6000000000 3.6200000000 9.3700000000 
H 1.2100000000 4.3500000000 8.8500000000 
H 1.6700000000 2.9700000000 8.6900000000 
O 9.1700000000 0.6500000000 1.5600000000 
H 9.1200000000 0.8600000000 0.6200000000 
H 8.6700000000 9.6200000000 1.6000000000 
O 8.9800000000 5.4400000000 0.5700000000 
H 8.4500000000 4.6100000000 0.6600000000 
H 9.2500000000 5.6800000000 9.5100000000 
O 5.9700000000 1.4700000000 4.7200000000 
H 5.8500000000 0.7700000000 4.0300000000 
H 5.6800000000 2.3200000000 4.3600000000 
O 4.9300000000 4.0000000000 3.9700000000 
H 4.1700000000 3.8200000000 4.5700000000 
H 5.4500000000 4.6500000000 4.4800000000 
O 6.5300000000 7.5000000000 8.3800000000 
H 6.3000000000 6.6500000000 8.0600000000 
H 6.4400000000 8.1100000000 7.6000000000 
O 5.6200000000 7.3800000000 1.4300000000 
H 5.3100000000 6.4800000000 1.2600000000 
H 6.0600000000 7.5800000000 0.5800000000 
O 5.6900000000 1.7300000000 7.4300000000 
H 5.1100000000 0.9900000000 7.6500000000 
H 5.7400000000 1.7400000000 6.4400000000 
O 0.6400000000 0.3000000000 4.0900000000 
H 0.0200000000 0.2500000000 3.2800000000 
H 1.3400000000 9.5200000000 3.9300000000 
O 2.6800000000 3.3800000000 5.4700000000 
H 2.6100000000 2.4600000000 5.7900000000 
H 2.1800000000 3.4000000000 4.6700000000 
O 8.4800000000 7.9000000000 1.7900000000 
H 7.6500000000 7.4100000000 1.9600000000 
H 8.9600000000 7.1700000000 1.3100000000 
O 9.7100000000 5.4400000000 7.4200000000 
H 0.0600000000 6.2000000000 6.7200000000 
H 9.2400000000 4.7600000000 6.8700000000 
O 3.4200000000 6.1300000000 6.8400000000 
H 4.3300000000 5.7000000000 6.9200000000 
H 2.7700000000 5.3600000000 6.8600000000 
O 5.1300000000 4.2700000000 1.3400000000 
H 4.3200000000 4.8700000000 1.4400000000 
H 5.2600000000 4.0600000000 2.3000000000 
O 3.4300000000 1.1000000000 0.7400000000 
H 3.7900000000 1.8400000000 1.2500000000 
H 2.9800000000 1.4900000000 9.8000000000 

