&CONTROL
/
&SYSTEM
   ntyp             = 2
   nat              = 96
   ibrav            = 0
/
&ELECTRONS
/
&IONS
/
&CELL
/

ATOMIC_SPECIES
O 15.999 None
H 1.008 None

K_POINTS gamma

CELL_PARAMETERS angstrom
9.86520000000000 0.00000000000000 0.00000000000000
0.00000000000000 9.86520000000000 0.00000000000000
0.00000000000000 0.00000000000000 9.86520000000000

ATOMIC_POSITIONS angstrom
O 3.3600000000 6.0400000000 4.4200000000 
H 2.6100000000 5.9200000000 3.7700000000 
H 3.9600000000 5.3700000000 4.0900000000 
O 5.3000000000 9.8200000000 2.8800000000 
H 4.5400000000 0.2000000000 2.3300000000 
H 5.9400000000 9.4000000000 2.2300000000 
O 1.7600000000 2.4500000000 4.4000000000 
H 2.3500000000 2.4900000000 5.1500000000 
H 1.7900000000 1.5100000000 4.2500000000 
O 2.6400000000 6.1100000000 7.2000000000 
H 3.4200000000 5.9000000000 7.8000000000 
H 2.8700000000 5.8800000000 6.3100000000 
O 5.1700000000 2.4300000000 1.1100000000 
H 5.9500000000 2.5000000000 0.5900000000 
H 4.7100000000 1.7800000000 0.5800000000 
O 4.0100000000 7.4500000000 0.8100000000 
H 3.3300000000 7.1400000000 1.4000000000 
H 4.0600000000 6.7100000000 0.1400000000 
O 3.5100000000 1.5400000000 6.3800000000 
H 4.1700000000 0.8300000000 6.2800000000 
H 4.1100000000 2.2900000000 6.4500000000 
O 1.2500000000 0.2600000000 7.3000000000 
H 1.1800000000 9.4600000000 8.0400000000 
H 2.1700000000 0.2200000000 6.9800000000 
O 1.8300000000 9.4000000000 4.0900000000 
H 1.5400000000 8.6400000000 3.5400000000 
H 2.6600000000 8.9800000000 4.4500000000 
O 0.3500000000 2.5800000000 0.1400000000 
H 0.1500000000 1.8700000000 0.8800000000 
H 1.3400000000 2.6200000000 0.2600000000 
O 4.7100000000 5.1400000000 9.0600000000 
H 4.5400000000 4.4100000000 9.6800000000 
H 5.2100000000 4.7700000000 8.3800000000 
O 1.7500000000 5.7900000000 1.5700000000 
H 2.0400000000 4.9100000000 1.8100000000 
H 1.3500000000 5.6000000000 0.6800000000 
O 1.2200000000 8.4500000000 9.5000000000 
H 1.0100000000 7.5600000000 9.0600000000 
H 0.7000000000 8.3900000000 0.5000000000 
O 2.5300000000 3.0700000000 1.6800000000 
H 3.4700000000 2.8400000000 1.7600000000 
H 2.1800000000 2.7200000000 2.5500000000 
O 6.0000000000 6.4900000000 6.0900000000 
H 6.6900000000 6.4300000000 5.3700000000 
H 5.8000000000 7.3800000000 6.0600000000 
O 8.7500000000 4.0200000000 3.5300000000 
H 9.1100000000 3.5500000000 2.7200000000 
H 7.9200000000 3.4500000000 3.7900000000 
O 9.3400000000 1.4100000000 2.5900000000 
H 8.7900000000 0.8600000000 3.2300000000 
H 0.2500000000 1.6400000000 3.1500000000 
O 6.7900000000 2.3200000000 4.5200000000 
H 6.5400000000 1.5800000000 3.9100000000 
H 7.2000000000 1.7700000000 5.2200000000 
O 5.2100000000 4.1000000000 3.5000000000 
H 5.3100000000 3.5000000000 2.6900000000 
H 5.8500000000 3.7600000000 4.1800000000 
O 9.1800000000 1.5600000000 5.9700000000 
H 9.6200000000 2.3700000000 5.5400000000 
H 0.1200000000 0.9800000000 6.3200000000 
O 7.4400000000 3.4300000000 9.4600000000 
H 7.1700000000 2.8400000000 8.6700000000 
H 8.3800000000 3.1900000000 9.5800000000 
O 8.2500000000 9.3300000000 4.3500000000 
H 7.9900000000 8.4200000000 4.2200000000 
H 8.7000000000 9.3700000000 5.2100000000 
O 0.4600000000 5.1900000000 8.9700000000 
H 1.1900000000 5.4100000000 8.3400000000 
H 0.5200000000 4.2000000000 9.1500000000 
O 6.6600000000 8.5200000000 8.1900000000 
H 7.2300000000 7.7300000000 8.5000000000 
H 5.9400000000 7.9100000000 7.8700000000 
O 6.5500000000 7.3500000000 1.7200000000 
H 6.9000000000 6.9500000000 0.9200000000 
H 5.6400000000 7.5300000000 1.3300000000 
O 7.6300000000 6.5200000000 4.0200000000 
H 7.2900000000 6.6500000000 3.1100000000 
H 8.1800000000 5.7200000000 3.8500000000 
O 3.7000000000 0.4100000000 0.1500000000 
H 4.0200000000 9.2700000000 0.3100000000 
H 2.9400000000 0.3500000000 9.4200000000 
O 4.3900000000 8.6500000000 5.3500000000 
H 4.1700000000 7.6800000000 5.0900000000 
H 4.7500000000 9.0500000000 4.4500000000 
O 7.8000000000 6.3300000000 9.3000000000 
H 7.4000000000 5.4100000000 9.4100000000 
H 8.7700000000 6.0500000000 9.2500000000 
O 5.5600000000 3.9500000000 6.8100000000 
H 6.3700000000 3.6000000000 6.4700000000 
H 5.7800000000 4.9100000000 6.6400000000 
O 7.2300000000 1.2500000000 7.6700000000 
H 7.0100000000 0.3500000000 7.9700000000 
H 8.0900000000 1.1900000000 7.1700000000 
O 9.4700000000 8.4100000000 2.1000000000 
H 8.9200000000 8.0400000000 2.7700000000 
H 9.3900000000 9.3600000000 2.2700000000 

