&CONTROL
/
&SYSTEM
   ntyp             = 2
   nat              = 96
   ibrav            = 0
/
&ELECTRONS
/
&IONS
/
&CELL
/

ATOMIC_SPECIES
O 15.999 None
H 1.008 None

K_POINTS gamma

CELL_PARAMETERS angstrom
9.86520000000000 0.00000000000000 0.00000000000000
0.00000000000000 9.86520000000000 0.00000000000000
0.00000000000000 0.00000000000000 9.86520000000000

ATOMIC_POSITIONS angstrom
O 4.5500000000 5.1800000000 6.8700000000 
H 4.4600000000 6.0500000000 6.4200000000 
H 5.5100000000 5.0900000000 7.1900000000 
O 1.2100000000 2.5000000000 4.7700000000 
H 0.8000000000 3.3500000000 4.5900000000 
H 1.6800000000 2.3000000000 3.8800000000 
O 5.4800000000 7.7900000000 5.4700000000 
H 4.7100000000 8.3800000000 5.2600000000 
H 5.9900000000 8.2700000000 6.2200000000 
O 0.1100000000 8.5300000000 1.1100000000 
H 9.5300000000 9.1600000000 0.5800000000 
H 0.4200000000 7.8400000000 0.4600000000 
O 8.2300000000 2.2800000000 2.6800000000 
H 8.3900000000 1.4100000000 2.2400000000 
H 8.8700000000 2.9600000000 2.3600000000 
O 6.6300000000 5.5900000000 4.2000000000 
H 7.1000000000 5.7800000000 3.3000000000 
H 6.1200000000 6.4300000000 4.4800000000 
O 9.2300000000 9.5900000000 7.3300000000 
H 0.1600000000 0.0900000000 7.6900000000 
H 8.9400000000 0.4200000000 6.6500000000 
O 9.4800000000 7.2900000000 5.4600000000 
H 9.0500000000 7.7400000000 4.6600000000 
H 9.1000000000 7.7600000000 6.1600000000 
O 8.5800000000 1.6300000000 5.4600000000 
H 8.0800000000 1.7000000000 4.5800000000 
H 9.5500000000 1.9200000000 5.2200000000 
O 1.1000000000 1.6200000000 8.5500000000 
H 1.2000000000 2.5300000000 8.1800000000 
H 2.0600000000 1.1800000000 8.4800000000 
O 3.5300000000 0.1300000000 8.3800000000 
H 4.2300000000 0.3300000000 9.0200000000 
H 4.1200000000 9.6500000000 7.6600000000 
O 0.4900000000 5.7200000000 8.9200000000 
H 1.3200000000 6.2900000000 8.9800000000 
H 0.8000000000 5.2000000000 8.1600000000 
O 8.3300000000 8.3500000000 3.3000000000 
H 7.4300000000 8.6200000000 3.0700000000 
H 8.7600000000 8.1600000000 2.3600000000 
O 2.5800000000 7.2900000000 9.0800000000 
H 2.7900000000 8.2600000000 9.0800000000 
H 2.6500000000 7.0800000000 8.1100000000 
O 6.2800000000 9.1200000000 7.8300000000 
H 7.1500000000 9.5000000000 7.6500000000 
H 6.5000000000 8.3500000000 8.3600000000 
O 1.8900000000 4.3100000000 7.2700000000 
H 1.7400000000 4.0300000000 6.4100000000 
H 2.8100000000 4.6700000000 7.1300000000 
O 5.5200000000 2.9800000000 3.3700000000 
H 5.9300000000 3.7800000000 3.7800000000 
H 6.4000000000 2.5100000000 3.0700000000 
O 6.5800000000 2.2900000000 8.4100000000 
H 5.9100000000 1.9800000000 7.8600000000 
H 6.8900000000 3.1500000000 7.9200000000 
O 0.2600000000 4.8600000000 4.2800000000 
H 0.2100000000 5.8200000000 4.6100000000 
H 0.0200000000 5.0300000000 3.3800000000 
O 4.1600000000 6.2300000000 1.1600000000 
H 4.2500000000 5.2700000000 1.0300000000 
H 3.4600000000 6.4400000000 0.5700000000 
O 2.3600000000 7.2000000000 6.2500000000 
H 1.4900000000 7.2500000000 5.7900000000 
H 2.9200000000 7.8300000000 5.7800000000 
O 4.6700000000 3.2200000000 0.6500000000 
H 4.9700000000 2.8200000000 1.5000000000 
H 5.2400000000 2.9000000000 9.7700000000 
O 4.5300000000 2.2800000000 6.2900000000 
H 4.7000000000 2.1500000000 5.3000000000 
H 4.4400000000 3.2300000000 6.3800000000 
O 7.5700000000 6.4400000000 8.5000000000 
H 7.4200000000 5.8800000000 7.6900000000 
H 8.5100000000 6.1600000000 8.7700000000 
O 9.4800000000 4.3800000000 1.5800000000 
H 8.6400000000 4.7800000000 1.4400000000 
H 0.1000000000 4.9600000000 0.9000000000 
O 8.5000000000 0.8400000000 0.4100000000 
H 9.1000000000 1.3800000000 9.7300000000 
H 7.6500000000 0.9000000000 9.7500000000 
O 3.4400000000 9.4300000000 5.0100000000 
H 3.1100000000 0.4100000000 5.3200000000 
H 3.2500000000 9.4900000000 4.0400000000 
O 2.4300000000 9.7700000000 2.5500000000 
H 1.6500000000 9.2000000000 2.3000000000 
H 2.2800000000 0.8100000000 2.1700000000 
O 7.3900000000 4.4500000000 6.8600000000 
H 7.3400000000 4.6400000000 5.8700000000 
H 8.2300000000 3.9900000000 6.8700000000 
O 7.1000000000 5.9500000000 1.2000000000 
H 7.1300000000 6.2200000000 0.2600000000 
H 6.1100000000 5.8900000000 1.3200000000 
O 2.2600000000 2.6800000000 2.1000000000 
H 3.1300000000 3.1900000000 1.9900000000 
H 1.6900000000 3.1400000000 1.4500000000 
O 4.8800000000 9.1800000000 1.5300000000 
H 4.0100000000 9.3900000000 1.9000000000 
H 4.9200000000 8.2100000000 1.4900000000 

