&CONTROL
/
&SYSTEM
   ntyp             = 2
   nat              = 96
   ibrav            = 0
/
&ELECTRONS
/
&IONS
/
&CELL
/

ATOMIC_SPECIES
O 15.999 None
H 1.008 None

K_POINTS gamma

CELL_PARAMETERS angstrom
9.86520000000000 0.00000000000000 0.00000000000000
0.00000000000000 9.86520000000000 0.00000000000000
0.00000000000000 0.00000000000000 9.86520000000000

ATOMIC_POSITIONS angstrom
O 0.4000000000 0.4100000000 8.2700000000 
H 0.4000000000 9.7000000000 7.4200000000 
H 9.6400000000 9.8400000000 8.8600000000 
O 0.3700000000 3.1900000000 4.3000000000 
H 0.6600000000 2.3600000000 3.9800000000 
H 9.7600000000 2.8800000000 5.1300000000 
O 6.5000000000 2.3600000000 4.7600000000 
H 5.7300000000 1.7500000000 4.8400000000 
H 7.0000000000 2.3100000000 5.6500000000 
O 0.2900000000 4.5600000000 0.3600000000 
H 0.2000000000 5.5200000000 0.1700000000 
H 0.5200000000 4.2500000000 9.3600000000 
O 2.8300000000 9.0300000000 1.5500000000 
H 3.0100000000 8.2500000000 2.0200000000 
H 3.6600000000 9.2700000000 1.0700000000 
O 4.4200000000 2.3300000000 8.8700000000 
H 5.1700000000 2.9000000000 9.2100000000 
H 3.8700000000 3.0100000000 8.4200000000 
O 6.5900000000 6.1500000000 6.0100000000 
H 6.7300000000 7.1100000000 5.8200000000 
H 7.2000000000 5.7000000000 5.3200000000 
O 8.3100000000 5.3800000000 4.0900000000 
H 8.9600000000 4.6100000000 4.0500000000 
H 8.8200000000 6.2400000000 4.0200000000 
O 1.3000000000 0.8200000000 3.5600000000 
H 0.6900000000 0.1000000000 3.4500000000 
H 2.0400000000 0.6400000000 2.9000000000 
O 0.5500000000 3.1200000000 7.8300000000 
H 1.3400000000 3.2000000000 7.2500000000 
H 0.4500000000 2.1600000000 8.0200000000 
O 2.5300000000 7.8000000000 5.0000000000 
H 2.7800000000 7.1100000000 4.3400000000 
H 3.3900000000 8.2300000000 4.9700000000 
O 6.6300000000 6.1500000000 8.5300000000 
H 6.0200000000 6.7900000000 8.8800000000 
H 6.6400000000 6.4300000000 7.6000000000 
O 8.5700000000 8.2000000000 3.6400000000 
H 8.5500000000 8.2200000000 2.6500000000 
H 7.9900000000 8.9300000000 3.7600000000 
O 2.2400000000 7.3400000000 8.3400000000 
H 1.3300000000 7.3900000000 8.5900000000 
H 2.2100000000 7.6200000000 7.4000000000 
O 7.1600000000 0.7500000000 2.9100000000 
H 7.6600000000 1.2000000000 2.1800000000 
H 7.1000000000 1.4700000000 3.6200000000 
O 3.1800000000 4.2800000000 7.4900000000 
H 2.9700000000 5.2300000000 7.6300000000 
H 3.5000000000 4.4100000000 6.5900000000 
O 9.5400000000 7.0100000000 9.5000000000 
H 8.6500000000 6.8200000000 9.7500000000 
H 9.6700000000 7.7900000000 0.2900000000 
O 0.0500000000 9.2900000000 1.1700000000 
H 1.0100000000 9.2900000000 1.0800000000 
H 9.6200000000 0.3900000000 1.0800000000 
O 2.0900000000 4.3000000000 2.5600000000 
H 1.5200000000 3.9200000000 3.2600000000 
H 1.4600000000 4.3000000000 1.8200000000 
O 6.1700000000 8.7300000000 5.5700000000 
H 6.3600000000 9.2900000000 6.3200000000 
H 5.6400000000 9.3400000000 5.0500000000 
O 0.1000000000 8.3600000000 6.2700000000 
H 0.8700000000 8.1900000000 5.6900000000 
H 9.3100000000 7.8400000000 5.7500000000 
O 3.5900000000 6.6700000000 2.7600000000 
H 4.4600000000 6.3700000000 2.9600000000 
H 3.0600000000 5.8300000000 2.5400000000 
O 6.1800000000 0.5400000000 7.7900000000 
H 5.3800000000 1.0800000000 8.0800000000 
H 6.9700000000 1.0000000000 8.1700000000 
O 4.7900000000 8.1100000000 9.2500000000 
H 3.9000000000 7.8100000000 8.9900000000 
H 4.7800000000 8.9500000000 8.7700000000 
O 6.4600000000 3.7700000000 0.1500000000 
H 6.3200000000 4.5000000000 9.4500000000 
H 6.4200000000 4.1200000000 1.0700000000 
O 4.4500000000 4.5000000000 5.0600000000 
H 5.2800000000 5.0100000000 5.2600000000 
H 4.8100000000 3.6000000000 4.9200000000 
O 4.2800000000 0.5900000000 4.3900000000 
H 3.2800000000 0.4600000000 4.4700000000 
H 4.4300000000 1.0700000000 3.5400000000 
O 3.9000000000 2.2000000000 1.9200000000 
H 4.3000000000 2.4200000000 1.0800000000 
H 3.3600000000 3.0200000000 2.1900000000 
O 7.8200000000 3.2900000000 7.3600000000 
H 7.6100000000 4.2300000000 7.7000000000 
H 8.8000000000 3.1400000000 7.5800000000 
O 6.5700000000 8.0500000000 1.5200000000 
H 6.0000000000 8.0000000000 0.6900000000 
H 6.3300000000 8.9400000000 1.9500000000 
O 8.6500000000 2.2300000000 1.1300000000 
H 8.0000000000 2.7100000000 0.5900000000 
H 9.4600000000 2.6800000000 0.8900000000 
O 6.2200000000 5.4200000000 2.7100000000 
H 6.9500000000 5.3600000000 3.3400000000 
H 6.3300000000 6.3400000000 2.3500000000 

