&CONTROL
/
&SYSTEM
   ntyp             = 2
   nat              = 96
   ibrav            = 0
/
&ELECTRONS
/
&IONS
/
&CELL
/

ATOMIC_SPECIES
O 15.999 None
H 1.008 None

K_POINTS gamma

CELL_PARAMETERS angstrom
9.86520000000000 0.00000000000000 0.00000000000000
0.00000000000000 9.86520000000000 0.00000000000000
0.00000000000000 0.00000000000000 9.86520000000000

ATOMIC_POSITIONS angstrom
O 4.2500000000 7.4400000000 7.5900000000 
H 3.2700000000 7.5300000000 7.6200000000 
H 4.5100000000 8.3800000000 7.8500000000 
O 0.5200000000 5.4600000000 1.3900000000 
H 1.1400000000 5.5600000000 0.6200000000 
H 9.7600000000 6.2100000000 1.1000000000 
O 3.4600000000 3.0600000000 4.8800000000 
H 4.3400000000 2.6200000000 4.9100000000 
H 3.5600000000 3.9700000000 4.5500000000 
O 4.6200000000 4.6400000000 7.5800000000 
H 4.1900000000 5.5100000000 7.2100000000 
H 5.3700000000 5.0600000000 8.0500000000 
O 7.2600000000 2.5400000000 9.1500000000 
H 7.3400000000 2.6600000000 8.1400000000 
H 6.6300000000 3.2300000000 9.3600000000 
O 4.3100000000 0.2300000000 7.9900000000 
H 3.8300000000 0.4900000000 8.8200000000 
H 3.5900000000 0.3200000000 7.3300000000 
O 9.3300000000 7.6700000000 0.3100000000 
H 9.3800000000 8.0700000000 9.2800000000 
H 9.5100000000 8.4900000000 0.8900000000 
O 9.3800000000 9.8200000000 8.2800000000 
H 9.2500000000 0.6200000000 8.9900000000 
H 8.5300000000 9.8500000000 7.7300000000 
O 2.6000000000 8.5700000000 2.8000000000 
H 2.8300000000 8.0800000000 2.0100000000 
H 1.8300000000 9.1100000000 2.5000000000 
O 2.3700000000 0.2000000000 5.6500000000 
H 1.5400000000 0.1200000000 5.1100000000 
H 3.0700000000 0.4300000000 4.9700000000 
O 1.0300000000 3.5600000000 3.4200000000 
H 1.0500000000 4.0300000000 2.5200000000 
H 0.9900000000 4.3900000000 4.0200000000 
O 9.2900000000 9.1900000000 4.8900000000 
H 8.3700000000 9.3000000000 5.2400000000 
H 9.3900000000 0.1700000000 4.3700000000 
O 6.7500000000 2.9600000000 3.4700000000 
H 6.9100000000 3.9700000000 3.5600000000 
H 6.1400000000 2.9300000000 2.7000000000 
O 7.2900000000 5.6100000000 4.1100000000 
H 8.2700000000 5.8300000000 4.1100000000 
H 6.8000000000 6.4000000000 4.3500000000 
O 0.5600000000 6.5400000000 4.4000000000 
H 1.3400000000 6.8900000000 4.0200000000 
H 0.2500000000 7.3400000000 4.8900000000 
O 2.3100000000 2.0600000000 9.6400000000 
H 1.3900000000 2.2900000000 0.0200000000 
H 2.2600000000 2.4600000000 8.7400000000 
O 1.6700000000 5.8500000000 8.7400000000 
H 1.4100000000 6.5800000000 8.1000000000 
H 1.3700000000 5.0600000000 8.2600000000 
O 4.1100000000 5.6200000000 3.5700000000 
H 4.4200000000 6.3600000000 4.1500000000 
H 3.7400000000 6.1000000000 2.7800000000 
O 5.6600000000 0.4000000000 0.5700000000 
H 5.1800000000 1.1700000000 0.8400000000 
H 6.0600000000 0.5200000000 9.5200000000 
O 9.3900000000 2.7300000000 0.9000000000 
H 8.4700000000 2.5500000000 0.5000000000 
H 9.5200000000 3.6400000000 1.2900000000 
O 7.1800000000 0.4300000000 6.8300000000 
H 6.3300000000 0.0800000000 7.0200000000 
H 6.9600000000 1.4000000000 6.7000000000 
O 9.1900000000 1.4900000000 3.4800000000 
H 8.3100000000 1.8100000000 3.1500000000 
H 9.7700000000 2.2900000000 3.3300000000 
O 0.7000000000 9.8300000000 1.4000000000 
H 1.1500000000 0.6000000000 0.8200000000 
H 0.2600000000 0.5700000000 1.9800000000 
O 5.2400000000 7.4700000000 5.1100000000 
H 5.0400000000 8.4200000000 4.8500000000 
H 5.0300000000 7.4200000000 6.0600000000 
O 4.2800000000 2.6800000000 1.6000000000 
H 3.4000000000 2.6500000000 1.0900000000 
H 4.0200000000 2.6900000000 2.5000000000 
O 6.3900000000 7.4700000000 0.1000000000 
H 6.0700000000 8.4000000000 0.3200000000 
H 7.4000000000 7.5600000000 0.1500000000 
O 1.3600000000 3.1200000000 7.2400000000 
H 2.0100000000 3.2200000000 6.4900000000 
H 0.5200000000 2.9800000000 6.7600000000 
O 6.4100000000 2.8700000000 6.4500000000 
H 6.5600000000 3.0500000000 5.4700000000 
H 5.6300000000 3.4200000000 6.7000000000 
O 1.3700000000 8.0900000000 7.2400000000 
H 1.5900000000 8.8400000000 6.6100000000 
H 0.5800000000 8.5600000000 7.6300000000 
O 4.6400000000 0.1700000000 3.6600000000 
H 5.2500000000 0.3800000000 2.9000000000 
H 3.9200000000 9.4400000000 3.1900000000 
O 6.1800000000 4.8100000000 0.4000000000 
H 6.1400000000 5.7700000000 0.1400000000 
H 5.3400000000 4.7500000000 0.9300000000 
O 3.5700000000 6.9300000000 0.7500000000 
H 4.3700000000 6.7600000000 0.2200000000 
H 2.8600000000 6.3900000000 0.3000000000 

