&CONTROL
/
&SYSTEM
   ntyp             = 2
   nat              = 96
   ibrav            = 0
/
&ELECTRONS
/
&IONS
/
&CELL
/

ATOMIC_SPECIES
O 15.999 None
H 1.008 None

K_POINTS gamma

CELL_PARAMETERS angstrom
9.86520000000000 0.00000000000000 0.00000000000000
0.00000000000000 9.86520000000000 0.00000000000000
0.00000000000000 0.00000000000000 9.86520000000000

ATOMIC_POSITIONS angstrom
O 9.4500000000 4.6000000000 1.0800000000 
H 0.0100000000 3.7100000000 0.9700000000 
H 8.5200000000 4.3300000000 0.7100000000 
O 5.4400000000 8.7900000000 3.1000000000 
H 4.6900000000 8.1300000000 3.0100000000 
H 4.9500000000 9.6500000000 3.3100000000 
O 1.7000000000 2.4600000000 8.1900000000 
H 1.4800000000 3.2700000000 7.7000000000 
H 2.5900000000 2.7000000000 8.5200000000 
O 4.4300000000 2.9600000000 8.0600000000 
H 5.1400000000 3.6600000000 7.9800000000 
H 4.7000000000 2.4600000000 7.2900000000 
O 6.4100000000 4.8100000000 0.4100000000 
H 6.4700000000 4.6900000000 9.2800000000 
H 5.7700000000 5.5600000000 0.4200000000 
O 4.2800000000 6.4100000000 0.2600000000 
H 3.7000000000 5.7800000000 0.7700000000 
H 3.7000000000 7.1600000000 0.2400000000 
O 1.4600000000 2.3900000000 1.3500000000 
H 1.2700000000 1.5100000000 0.9500000000 
H 1.2300000000 2.2500000000 2.3200000000 
O 1.0700000000 8.0900000000 4.6400000000 
H 0.1500000000 8.0200000000 4.3900000000 
H 0.9900000000 8.7800000000 5.3600000000 
O 3.2800000000 7.2600000000 3.3800000000 
H 2.9000000000 6.6800000000 2.6900000000 
H 2.4900000000 7.7700000000 3.7600000000 
O 8.1400000000 1.3800000000 3.1100000000 
H 8.0200000000 0.3900000000 3.0400000000 
H 9.0600000000 1.4700000000 3.3300000000 
O 0.8300000000 1.9300000000 4.1600000000 
H 1.4900000000 2.6000000000 4.3400000000 
H 0.9800000000 1.3100000000 4.9100000000 
O 9.3300000000 7.3100000000 1.4900000000 
H 9.4100000000 6.3700000000 1.7000000000 
H 9.1600000000 7.6900000000 2.3900000000 
O 4.3600000000 1.5200000000 3.3800000000 
H 3.6900000000 2.2600000000 3.3800000000 
H 4.9800000000 1.8200000000 2.6600000000 
O 7.5100000000 5.5200000000 4.2500000000 
H 8.0200000000 4.6500000000 4.5000000000 
H 6.6500000000 5.0500000000 4.0300000000 
O 8.2500000000 8.1200000000 3.7700000000 
H 8.0800000000 7.2700000000 4.2300000000 
H 7.3400000000 8.2300000000 3.4300000000 
O 5.1400000000 4.7700000000 3.3000000000 
H 4.9500000000 5.7100000000 3.4400000000 
H 5.3800000000 4.7800000000 2.3400000000 
O 6.2600000000 9.4900000000 0.5500000000 
H 5.9600000000 8.9500000000 1.3300000000 
H 6.2100000000 0.5800000000 0.9300000000 
O 5.2100000000 1.3200000000 6.1000000000 
H 5.2300000000 0.4200000000 6.3800000000 
H 4.7600000000 1.2800000000 5.2200000000 
O 2.9000000000 3.7500000000 4.4200000000 
H 2.6700000000 4.4800000000 4.9200000000 
H 3.7100000000 4.0700000000 4.1500000000 
O 8.8300000000 2.6300000000 8.8700000000 
H 8.6300000000 3.4200000000 8.4100000000 
H 9.8000000000 2.8200000000 8.7000000000 
O 6.1500000000 2.2300000000 1.5500000000 
H 6.3400000000 3.0000000000 0.9600000000 
H 7.0400000000 2.1000000000 2.0200000000 
O 2.2800000000 5.4200000000 1.8700000000 
H 1.4300000000 5.8300000000 1.5800000000 
H 2.0000000000 4.4800000000 1.9300000000 
O 0.5500000000 4.9800000000 7.6600000000 
H 0.0000000000 5.7400000000 7.9900000000 
H 1.3600000000 5.3600000000 7.2900000000 
O 0.6500000000 0.3800000000 6.7400000000 
H 1.2000000000 1.0500000000 7.2500000000 
H 0.1900000000 9.7800000000 7.4400000000 
O 8.4100000000 6.9000000000 8.4500000000 
H 8.3000000000 7.8400000000 8.1200000000 
H 8.3200000000 6.8400000000 9.3900000000 
O 0.6700000000 9.6200000000 0.3600000000 
H 9.7500000000 0.2800000000 0.0800000000 
H 0.2500000000 8.8000000000 0.7100000000 
O 8.1100000000 9.6200000000 8.5500000000 
H 8.1000000000 0.7800000000 8.4100000000 
H 7.4500000000 9.5600000000 9.2700000000 
O 4.4100000000 8.2200000000 7.2600000000 
H 5.3100000000 8.0700000000 7.6600000000 
H 3.8600000000 8.3800000000 8.0900000000 
O 2.4600000000 6.2100000000 6.2800000000 
H 2.4400000000 6.8300000000 5.5600000000 
H 3.3600000000 6.3600000000 6.7200000000 
O 6.8400000000 4.7100000000 7.6300000000 
H 7.0600000000 4.1600000000 6.8900000000 
H 7.3700000000 5.5300000000 7.5900000000 
O 7.3700000000 2.8100000000 5.6900000000 
H 7.8500000000 2.2600000000 5.0400000000 
H 6.5700000000 2.3000000000 5.9800000000 
O 3.1400000000 8.8100000000 9.6600000000 
H 3.3700000000 9.7700000000 0.0800000000 
H 2.1500000000 8.9700000000 9.7800000000 

