&CONTROL
/
&SYSTEM
   ntyp             = 2
   nat              = 96
   ibrav            = 0
/
&ELECTRONS
/
&IONS
/
&CELL
/

ATOMIC_SPECIES
O 15.999 None
H 1.008 None

K_POINTS gamma

CELL_PARAMETERS angstrom
9.86520000000000 0.00000000000000 0.00000000000000
0.00000000000000 9.86520000000000 0.00000000000000
0.00000000000000 0.00000000000000 9.86520000000000

ATOMIC_POSITIONS angstrom
O 6.9800000000 2.7300000000 2.5600000000 
H 7.2200000000 3.6800000000 2.6500000000 
H 6.0100000000 2.6900000000 2.4800000000 
O 7.2100000000 9.7500000000 9.0200000000 
H 7.5200000000 9.8300000000 8.0500000000 
H 7.6500000000 0.7100000000 9.3500000000 
O 0.4300000000 3.7500000000 7.3800000000 
H 9.3200000000 3.5100000000 7.1200000000 
H 0.8700000000 3.6100000000 6.5200000000 
O 1.6000000000 3.0500000000 4.9200000000 
H 2.5100000000 3.3400000000 4.8200000000 
H 1.6200000000 2.1800000000 4.4600000000 
O 8.2900000000 0.5300000000 3.4000000000 
H 7.3700000000 0.1100000000 3.3100000000 
H 8.1100000000 1.3800000000 2.9800000000 
O 4.3700000000 5.4100000000 0.4000000000 
H 5.1900000000 5.7900000000 0.0200000000 
H 4.1100000000 4.7700000000 9.5200000000 
O 6.6300000000 5.2500000000 5.3300000000 
H 6.5000000000 5.7700000000 4.5900000000 
H 7.4300000000 5.6800000000 5.7300000000 
O 0.3900000000 6.5300000000 0.6100000000 
H 0.6800000000 7.4400000000 0.5500000000 
H 9.2800000000 6.8200000000 0.5600000000 
O 1.4700000000 9.3200000000 0.1100000000 
H 0.9900000000 9.6600000000 9.1800000000 
H 2.4100000000 9.4000000000 9.7300000000 
O 8.0300000000 5.3400000000 2.7300000000 
H 8.8400000000 5.6300000000 3.2700000000 
H 7.9500000000 6.1700000000 2.1800000000 
O 3.8500000000 0.0500000000 5.9400000000 
H 3.6200000000 0.8600000000 5.5400000000 
H 4.1900000000 9.4700000000 5.1500000000 
O 6.2800000000 5.8500000000 8.2700000000 
H 5.5600000000 6.3300000000 7.8000000000 
H 7.0700000000 6.1800000000 7.8600000000 
O 0.5100000000 9.4400000000 7.4100000000 
H 0.8800000000 9.1200000000 6.5800000000 
H 9.6700000000 0.1000000000 7.1100000000 
O 7.4200000000 3.1400000000 7.3700000000 
H 7.6100000000 3.2800000000 8.3200000000 
H 6.7300000000 3.7600000000 7.1300000000 
O 4.3700000000 3.1800000000 2.5100000000 
H 4.1100000000 4.0000000000 2.0200000000 
H 4.2800000000 3.3900000000 3.4300000000 
O 0.2800000000 9.0000000000 4.7500000000 
H 1.0000000000 9.5300000000 4.4200000000 
H 9.4000000000 9.4200000000 4.1600000000 
O 1.8700000000 0.9600000000 3.1000000000 
H 2.5800000000 0.9800000000 2.3700000000 
H 1.2000000000 1.4500000000 2.6400000000 
O 4.1100000000 4.3300000000 5.4600000000 
H 5.0600000000 4.6100000000 5.4800000000 
H 3.7800000000 4.4800000000 6.3600000000 
O 4.0800000000 0.7400000000 1.4700000000 
H 4.0800000000 1.7900000000 1.5600000000 
H 4.0600000000 0.6700000000 0.5100000000 
O 3.1700000000 3.4300000000 8.4900000000 
H 3.5600000000 2.5400000000 8.5900000000 
H 2.4000000000 3.4000000000 9.1300000000 
O 4.5600000000 0.4600000000 8.6000000000 
H 4.1800000000 0.1100000000 7.7700000000 
H 5.4500000000 0.1300000000 8.5700000000 
O 4.0000000000 7.0400000000 4.4100000000 
H 3.5600000000 6.8200000000 3.5500000000 
H 3.9700000000 6.2700000000 5.0300000000 
O 8.1100000000 0.5800000000 6.4400000000 
H 7.7100000000 1.4900000000 6.6500000000 
H 8.1600000000 0.6800000000 5.4700000000 
O 0.3900000000 6.3400000000 3.9300000000 
H 0.8700000000 7.1200000000 4.2300000000 
H 1.1300000000 5.7500000000 3.6100000000 
O 0.6500000000 3.8100000000 0.2700000000 
H 0.3500000000 4.6600000000 0.5600000000 
H 0.4000000000 3.9700000000 9.2100000000 
O 1.3900000000 6.2300000000 7.4200000000 
H 0.7700000000 6.9100000000 7.7000000000 
H 0.8800000000 5.3900000000 7.5200000000 
O 3.8800000000 7.2600000000 7.4600000000 
H 3.7600000000 7.9600000000 6.8400000000 
H 2.9800000000 6.8500000000 7.4700000000 
O 5.7100000000 9.1200000000 3.4100000000 
H 5.2500000000 8.2800000000 3.7500000000 
H 5.0500000000 9.5000000000 2.7700000000 
O 8.3000000000 2.4400000000 0.0500000000 
H 9.2500000000 2.7700000000 0.1900000000 
H 7.9000000000 2.7700000000 0.8800000000 
O 8.4900000000 7.2800000000 6.2100000000 
H 9.1200000000 7.2800000000 5.4600000000 
H 8.5500000000 8.2300000000 6.5200000000 
O 2.5000000000 5.7400000000 2.4100000000 
H 3.1400000000 5.9500000000 1.6700000000 
H 1.6900000000 5.8200000000 1.8200000000 
O 7.5900000000 7.1900000000 0.6900000000 
H 7.0600000000 6.6400000000 0.0400000000 
H 7.5500000000 8.1700000000 0.3300000000 

