&CONTROL
/
&SYSTEM
   ntyp             = 2
   nat              = 96
   ibrav            = 0
/
&ELECTRONS
/
&IONS
/
&CELL
/

ATOMIC_SPECIES
O 15.999 None
H 1.008 None

K_POINTS gamma

CELL_PARAMETERS angstrom
9.86520000000000 0.00000000000000 0.00000000000000
0.00000000000000 9.86520000000000 0.00000000000000
0.00000000000000 0.00000000000000 9.86520000000000

ATOMIC_POSITIONS angstrom
O 2.1800000000 4.3500000000 4.9400000000 
H 1.9000000000 4.5700000000 5.9000000000 
H 1.6400000000 3.5800000000 4.6400000000 
O 5.4800000000 8.6700000000 5.8400000000 
H 6.2400000000 8.7500000000 6.5000000000 
H 5.4300000000 9.6000000000 5.4900000000 
O 5.3400000000 6.9400000000 2.5400000000 
H 4.9500000000 6.0800000000 2.8000000000 
H 6.1700000000 6.8000000000 3.0600000000 
O 9.2400000000 9.5600000000 1.3300000000 
H 0.1000000000 0.1700000000 0.9000000000 
H 8.5700000000 9.4100000000 0.5500000000 
O 1.8200000000 5.5600000000 7.5200000000 
H 2.8000000000 5.9200000000 7.6600000000 
H 1.5200000000 5.8000000000 8.4400000000 
O 7.5000000000 9.6000000000 8.9400000000 
H 7.7700000000 9.3900000000 8.0300000000 
H 7.2800000000 0.6700000000 8.9800000000 
O 1.3300000000 9.2100000000 5.2000000000 
H 2.1700000000 8.7400000000 5.4500000000 
H 0.9000000000 8.6300000000 4.4800000000 
O 5.9300000000 7.4100000000 9.5500000000 
H 6.3300000000 8.3400000000 9.3600000000 
H 5.9800000000 7.3100000000 0.6300000000 
O 9.4900000000 1.7100000000 6.2500000000 
H 8.6400000000 1.8100000000 5.7300000000 
H 0.2900000000 1.4300000000 5.6200000000 
O 3.2000000000 7.1800000000 5.5500000000 
H 4.1600000000 7.0400000000 5.7700000000 
H 2.8600000000 6.2300000000 5.5100000000 
O 5.7600000000 2.5100000000 1.8100000000 
H 5.3900000000 3.3200000000 2.2300000000 
H 5.1000000000 1.7900000000 2.1000000000 
O 4.0000000000 2.3200000000 7.7900000000 
H 3.9100000000 3.0000000000 8.5300000000 
H 3.0800000000 1.9600000000 7.8400000000 
O 5.4900000000 5.3600000000 7.7000000000 
H 5.3100000000 6.0100000000 8.4200000000 
H 6.4400000000 5.1500000000 7.9300000000 
O 0.4100000000 7.3100000000 2.5900000000 
H 0.0400000000 8.2400000000 2.5900000000 
H 1.3000000000 7.5700000000 2.2900000000 
O 3.3900000000 7.6600000000 8.4600000000 
H 3.3200000000 7.7900000000 7.5100000000 
H 4.4000000000 7.7500000000 8.6100000000 
O 5.3000000000 3.6300000000 5.7400000000 
H 5.6300000000 4.3300000000 6.3800000000 
H 4.7600000000 2.9500000000 6.2100000000 
O 4.4400000000 4.3200000000 3.1800000000 
H 5.0500000000 4.2300000000 4.0200000000 
H 3.5900000000 4.5000000000 3.6500000000 
O 1.2300000000 2.5600000000 8.2700000000 
H 0.4400000000 2.3700000000 7.6800000000 
H 1.1900000000 3.5000000000 8.1700000000 
O 8.0200000000 4.2900000000 8.3400000000 
H 8.3200000000 4.2400000000 9.3300000000 
H 7.5900000000 3.4000000000 8.3700000000 
O 6.4900000000 2.2200000000 8.9700000000 
H 5.6500000000 1.9500000000 8.5000000000 
H 6.2900000000 2.2700000000 0.0700000000 
O 1.2900000000 4.9900000000 1.0900000000 
H 0.9400000000 5.7300000000 1.6500000000 
H 0.4400000000 4.4300000000 1.0700000000 
O 9.1500000000 6.1100000000 6.5300000000 
H 0.2500000000 5.9600000000 6.6300000000 
H 8.7800000000 5.4000000000 7.0300000000 
O 3.6600000000 4.1700000000 0.4100000000 
H 3.9700000000 4.1600000000 1.3700000000 
H 2.6600000000 4.2600000000 0.5900000000 
O 5.5300000000 1.1400000000 4.5700000000 
H 5.4500000000 2.0800000000 4.6400000000 
H 6.5100000000 0.9700000000 4.3800000000 
O 0.8200000000 1.5500000000 3.4600000000 
H 1.5300000000 1.0300000000 3.8400000000 
H 1.0800000000 1.5300000000 2.4900000000 
O 8.2200000000 4.2300000000 1.5700000000 
H 7.6700000000 3.5100000000 1.9800000000 
H 8.2500000000 5.0200000000 2.1800000000 
O 7.7400000000 6.1400000000 3.6000000000 
H 7.8700000000 5.7300000000 4.4600000000 
H 8.5500000000 6.7000000000 3.4800000000 
O 8.0900000000 1.2900000000 3.4600000000 
H 9.0700000000 1.6500000000 3.4500000000 
H 8.0700000000 0.7200000000 2.6500000000 
O 3.6800000000 0.6400000000 2.6600000000 
H 3.6100000000 9.5800000000 2.3200000000 
H 4.3700000000 0.4800000000 3.4000000000 
O 1.4700000000 1.3800000000 0.9400000000 
H 1.5300000000 1.6600000000 9.8000000000 
H 2.4300000000 1.2200000000 1.1700000000 
O 2.7600000000 7.9400000000 1.4100000000 
H 2.7000000000 7.9200000000 0.3700000000 
H 3.6900000000 7.5600000000 1.7000000000 
O 8.3800000000 8.6800000000 6.5500000000 
H 9.2700000000 9.0500000000 6.2700000000 
H 8.5400000000 7.7000000000 6.3900000000 

