&CONTROL
/
&SYSTEM
   ntyp             = 2
   nat              = 96
   ibrav            = 0
/
&ELECTRONS
/
&IONS
/
&CELL
/

ATOMIC_SPECIES
O 15.999 None
H 1.008 None

K_POINTS gamma

CELL_PARAMETERS angstrom
9.86520000000000 0.00000000000000 0.00000000000000
0.00000000000000 9.86520000000000 0.00000000000000
0.00000000000000 0.00000000000000 9.86520000000000

ATOMIC_POSITIONS angstrom
O 0.7400000000 4.9700000000 7.1500000000 
H 0.8000000000 4.3500000000 6.4600000000 
H 1.6700000000 5.1500000000 7.2400000000 
O 3.9700000000 9.3900000000 0.6300000000 
H 4.9400000000 9.6300000000 0.7600000000 
H 3.7200000000 8.9000000000 1.4400000000 
O 0.4900000000 2.9100000000 5.0100000000 
H 9.7900000000 3.6000000000 4.6600000000 
H 9.7700000000 2.1400000000 5.1700000000 
O 6.5800000000 9.4600000000 0.3500000000 
H 7.1500000000 0.4000000000 0.4700000000 
H 7.3300000000 8.8400000000 0.0600000000 
O 1.7800000000 0.2400000000 6.4300000000 
H 1.8700000000 0.4100000000 7.4400000000 
H 0.7800000000 0.3600000000 6.2700000000 
O 3.2700000000 3.8600000000 7.4100000000 
H 3.1000000000 3.6800000000 6.4500000000 
H 3.0400000000 3.0100000000 7.8100000000 
O 1.2100000000 8.6900000000 0.7200000000 
H 2.0400000000 9.1300000000 0.4200000000 
H 0.9000000000 9.3200000000 1.4800000000 
O 8.3700000000 1.9200000000 0.6300000000 
H 8.9600000000 2.4600000000 0.1500000000 
H 7.7000000000 2.6000000000 0.9400000000 
O 1.4200000000 2.7000000000 1.3200000000 
H 0.6200000000 3.1900000000 1.0800000000 
H 1.7800000000 3.2300000000 2.0800000000 
O 5.2300000000 8.1600000000 7.6100000000 
H 4.7800000000 8.4600000000 8.4300000000 
H 5.1600000000 7.2600000000 7.7000000000 
O 1.7700000000 6.2000000000 0.9700000000 
H 1.6300000000 7.2000000000 0.8100000000 
H 0.9600000000 5.7800000000 0.5100000000 
O 7.9100000000 1.4700000000 3.7400000000 
H 7.0100000000 1.2300000000 3.4100000000 
H 7.7000000000 2.3300000000 4.1800000000 
O 5.2300000000 5.5500000000 8.4200000000 
H 4.6500000000 4.8200000000 8.1200000000 
H 5.0600000000 5.4600000000 9.4000000000 
O 5.2000000000 1.9100000000 3.6000000000 
H 5.0500000000 1.0700000000 4.0900000000 
H 4.4500000000 2.3800000000 3.9200000000 
O 4.5100000000 5.6000000000 1.4100000000 
H 4.6500000000 6.3100000000 2.0800000000 
H 3.5400000000 5.7000000000 1.2800000000 
O 4.3700000000 9.7000000000 5.4700000000 
H 4.7700000000 9.3400000000 6.3300000000 
H 3.5800000000 0.3100000000 5.8100000000 
O 9.2300000000 4.4500000000 9.4300000000 
H 8.4700000000 5.0600000000 9.3000000000 
H 9.6400000000 4.6100000000 8.4600000000 
O 0.5200000000 0.5100000000 2.6700000000 
H 9.4200000000 0.5600000000 2.6200000000 
H 0.8300000000 1.4700000000 2.7900000000 
O 1.6500000000 8.3900000000 4.3300000000 
H 0.7600000000 8.8200000000 4.2800000000 
H 2.0400000000 9.1300000000 4.8800000000 
O 6.1100000000 3.2400000000 1.1100000000 
H 5.7800000000 3.0400000000 2.0800000000 
H 5.5000000000 4.0200000000 0.9100000000 
O 7.4300000000 6.4000000000 2.3300000000 
H 7.6500000000 7.0700000000 1.7300000000 
H 6.7900000000 5.7800000000 1.9500000000 
O 7.1400000000 8.2500000000 4.5000000000 
H 6.7100000000 7.6600000000 5.1700000000 
H 7.2000000000 7.6100000000 3.7800000000 
O 7.8500000000 4.2900000000 4.1800000000 
H 7.6300000000 4.7300000000 5.0700000000 
H 7.6200000000 5.0700000000 3.5600000000 
O 2.3500000000 1.2100000000 8.9700000000 
H 1.8100000000 1.5300000000 9.7200000000 
H 3.1100000000 0.7700000000 9.4000000000 
O 1.3500000000 5.5400000000 3.5700000000 
H 1.4000000000 5.8500000000 2.6200000000 
H 1.2200000000 6.4600000000 3.8900000000 
O 8.9600000000 7.4200000000 6.9600000000 
H 9.5000000000 6.7200000000 6.3900000000 
H 9.0700000000 8.2500000000 6.4500000000 
O 3.0900000000 3.4300000000 4.4800000000 
H 2.8600000000 4.3000000000 4.0500000000 
H 2.2200000000 3.0200000000 4.5200000000 
O 9.0200000000 0.3600000000 6.3000000000 
H 8.4500000000 0.4200000000 5.5500000000 
H 8.4700000000 0.8500000000 6.9800000000 
O 7.2500000000 2.4300000000 7.5300000000 
H 6.8100000000 2.3900000000 8.4000000000 
H 7.1200000000 3.4300000000 7.2600000000 
O 4.0900000000 7.7200000000 3.4000000000 
H 4.8600000000 8.0700000000 3.9400000000 
H 3.3500000000 8.0500000000 3.9300000000 
O 8.6300000000 7.6600000000 9.8600000000 
H 8.8900000000 7.3300000000 8.9300000000 
H 9.3400000000 8.3300000000 0.0800000000 
O 7.1800000000 5.3500000000 6.5700000000 
H 7.7700000000 6.0800000000 6.9900000000 
H 6.3400000000 5.4800000000 7.0900000000 

