&CONTROL
/
&SYSTEM
   ntyp             = 2
   nat              = 96
   ibrav            = 0
/
&ELECTRONS
/
&IONS
/
&CELL
/

ATOMIC_SPECIES
O 15.999 None
H 1.008 None

K_POINTS gamma

CELL_PARAMETERS angstrom
9.86520000000000 0.00000000000000 0.00000000000000
0.00000000000000 9.86520000000000 0.00000000000000
0.00000000000000 0.00000000000000 9.86520000000000

ATOMIC_POSITIONS angstrom
O 0.6400000000 5.2100000000 9.3000000000 
H 0.9100000000 5.2300000000 0.3600000000 
H 9.5400000000 5.4000000000 9.4600000000 
O 0.0000000000 0.6500000000 2.7200000000 
H 9.3600000000 0.9600000000 3.5500000000 
H 0.5000000000 1.4700000000 2.4800000000 
O 3.6500000000 9.5200000000 7.6100000000 
H 3.0500000000 9.8400000000 8.3300000000 
H 4.4100000000 0.2700000000 7.6000000000 
O 3.4800000000 8.3200000000 5.1200000000 
H 3.7600000000 8.6600000000 6.0200000000 
H 2.5200000000 8.7200000000 5.0300000000 
O 5.3700000000 2.2600000000 4.5200000000 
H 5.0900000000 1.4800000000 4.0000000000 
H 4.5900000000 2.4800000000 5.1300000000 
O 3.3100000000 8.3700000000 1.3600000000 
H 3.0200000000 9.1500000000 0.8200000000 
H 2.4400000000 8.0300000000 1.7700000000 
O 4.5600000000 2.0100000000 0.6300000000 
H 4.2200000000 2.3600000000 9.6700000000 
H 4.8900000000 2.7300000000 1.1500000000 
O 0.4400000000 8.4100000000 5.4800000000 
H 9.4100000000 7.9700000000 5.5000000000 
H 0.2400000000 9.1300000000 6.0800000000 
O 2.5600000000 6.4400000000 7.3900000000 
H 2.2700000000 7.3600000000 7.2300000000 
H 1.9000000000 5.9000000000 7.9400000000 
O 7.4000000000 9.5000000000 1.4000000000 
H 6.7500000000 9.3900000000 2.1400000000 
H 8.1900000000 0.0200000000 1.8500000000 
O 8.4700000000 3.8400000000 1.6700000000 
H 9.3400000000 4.0400000000 2.0800000000 
H 7.8500000000 3.8100000000 2.4300000000 
O 3.0500000000 5.3900000000 4.3600000000 
H 3.2100000000 5.0500000000 5.2200000000 
H 2.9100000000 6.3500000000 4.5300000000 
O 6.8200000000 4.3100000000 3.6600000000 
H 6.3600000000 3.5000000000 3.9200000000 
H 6.7700000000 4.7900000000 4.5100000000 
O 6.9900000000 4.4400000000 6.6100000000 
H 7.4500000000 3.9600000000 7.3600000000 
H 6.9200000000 5.3700000000 7.0300000000 
O 0.8400000000 8.0500000000 2.6800000000 
H 0.7300000000 7.9900000000 3.6500000000 
H 0.5500000000 8.9700000000 2.6000000000 
O 7.4200000000 7.6200000000 5.4800000000 
H 7.2900000000 7.4400000000 6.3900000000 
H 6.5600000000 7.5600000000 5.1100000000 
O 5.7400000000 6.6700000000 7.7200000000 
H 5.8300000000 6.6700000000 8.7100000000 
H 4.7700000000 6.5700000000 7.5200000000 
O 1.7700000000 0.5100000000 9.4600000000 
H 1.4000000000 1.0900000000 8.7900000000 
H 1.9400000000 1.0400000000 0.3900000000 
O 1.6400000000 2.5700000000 1.7300000000 
H 1.5100000000 3.5300000000 1.7500000000 
H 2.6200000000 2.4800000000 1.6200000000 
O 0.8500000000 2.5100000000 7.8400000000 
H 0.0800000000 2.1100000000 7.4300000000 
H 0.5500000000 3.4200000000 7.9100000000 
O 4.5600000000 4.2400000000 2.2300000000 
H 5.4300000000 4.2400000000 2.6800000000 
H 3.9800000000 4.4400000000 3.0100000000 
O 5.2100000000 6.3600000000 0.5400000000 
H 4.9300000000 5.6300000000 1.1000000000 
H 4.6300000000 7.1000000000 0.7500000000 
O 7.2200000000 3.2600000000 9.0600000000 
H 7.6200000000 3.6100000000 0.0400000000 
H 6.8900000000 2.3000000000 9.1800000000 
O 8.7000000000 0.3800000000 7.2600000000 
H 7.8300000000 0.3100000000 7.7700000000 
H 8.9300000000 9.3400000000 7.6600000000 
O 9.6100000000 8.2000000000 8.8200000000 
H 0.5900000000 8.1300000000 9.2200000000 
H 9.0900000000 7.5400000000 9.3700000000 
O 1.3400000000 5.2600000000 2.3200000000 
H 2.1400000000 5.3400000000 2.8800000000 
H 0.9400000000 6.1700000000 2.4300000000 
O 6.2300000000 0.6200000000 8.8500000000 
H 6.6600000000 0.0500000000 9.6000000000 
H 5.5400000000 1.0300000000 9.4000000000 
O 8.1100000000 6.3500000000 0.3300000000 
H 7.7900000000 5.7500000000 1.0400000000 
H 7.3900000000 7.0200000000 0.3300000000 
O 4.4100000000 3.3300000000 7.7600000000 
H 5.3300000000 3.2600000000 7.4100000000 
H 4.3700000000 4.2300000000 8.0100000000 
O 5.0600000000 9.2800000000 3.2800000000 
H 4.5400000000 8.8300000000 3.9700000000 
H 4.5900000000 9.0200000000 2.4300000000 
O 8.0300000000 1.2400000000 4.6900000000 
H 7.1900000000 1.7000000000 4.5300000000 
H 8.0600000000 0.9600000000 5.6600000000 
O 2.8300000000 2.7200000000 5.5800000000 
H 3.1400000000 2.6600000000 6.5000000000 
H 1.8900000000 2.5000000000 5.5600000000 

