&CONTROL
/
&SYSTEM
   ntyp             = 2
   nat              = 96
   ibrav            = 0
/
&ELECTRONS
/
&IONS
/
&CELL
/

ATOMIC_SPECIES
O 15.999 None
H 1.008 None

K_POINTS gamma

CELL_PARAMETERS angstrom
9.86520000000000 0.00000000000000 0.00000000000000
0.00000000000000 9.86520000000000 0.00000000000000
0.00000000000000 0.00000000000000 9.86520000000000

ATOMIC_POSITIONS angstrom
O 2.2900000000 0.6100000000 1.1700000000 
H 2.5100000000 1.5200000000 1.1200000000 
H 1.3100000000 0.6700000000 1.0600000000 
O 0.4300000000 4.5100000000 1.9200000000 
H 0.2500000000 5.2800000000 1.3500000000 
H 9.4100000000 4.0300000000 1.8200000000 
O 1.8000000000 7.2100000000 3.0300000000 
H 1.0500000000 7.6400000000 2.6300000000 
H 1.4600000000 6.3700000000 3.3300000000 
O 5.5700000000 0.3800000000 6.6300000000 
H 5.1900000000 1.2400000000 6.9600000000 
H 6.2700000000 0.7500000000 6.0600000000 
O 6.3400000000 5.9100000000 1.6900000000 
H 6.4500000000 5.7300000000 2.5800000000 
H 7.0200000000 5.2700000000 1.2500000000 
O 4.7400000000 2.7000000000 7.7700000000 
H 4.3100000000 3.5800000000 7.6100000000 
H 4.1400000000 2.3600000000 8.4200000000 
O 7.3100000000 3.5900000000 7.3400000000 
H 6.8700000000 3.7900000000 6.4600000000 
H 6.5300000000 3.3100000000 7.9100000000 
O 0.6600000000 2.1900000000 4.5000000000 
H 0.2400000000 2.3400000000 3.6000000000 
H 0.8800000000 3.1200000000 4.7500000000 
O 0.2400000000 6.3200000000 9.2600000000 
H 9.6700000000 6.4000000000 8.3700000000 
H 0.1800000000 7.2700000000 9.5600000000 
O 9.4300000000 1.1800000000 0.4400000000 
H 9.8400000000 1.8700000000 9.8200000000 
H 8.9100000000 0.7800000000 9.6100000000 
O 7.9100000000 3.2200000000 1.5400000000 
H 8.1200000000 2.6900000000 0.7200000000 
H 7.7800000000 2.6100000000 2.2700000000 
O 3.6500000000 4.6900000000 3.6700000000 
H 3.5200000000 5.2200000000 2.8400000000 
H 2.7300000000 4.4300000000 3.9400000000 
O 6.5300000000 6.3800000000 5.5700000000 
H 5.9600000000 6.6200000000 6.3600000000 
H 6.3300000000 5.3800000000 5.5400000000 
O 5.6800000000 3.4500000000 4.8800000000 
H 5.8600000000 2.5800000000 4.4800000000 
H 4.9400000000 3.8500000000 4.3400000000 
O 9.2000000000 6.5200000000 6.5600000000 
H 9.6200000000 7.3200000000 6.0800000000 
H 8.3000000000 6.5700000000 6.2400000000 
O 0.3300000000 8.7500000000 5.1300000000 
H 1.3000000000 8.9700000000 5.2900000000 
H 0.2400000000 8.7900000000 4.1500000000 
O 4.8900000000 7.6600000000 7.4200000000 
H 4.5900000000 8.0700000000 8.2100000000 
H 5.2700000000 8.4100000000 6.9500000000 
O 3.2400000000 5.3800000000 7.4400000000 
H 2.7700000000 5.5200000000 8.3200000000 
H 3.9900000000 6.0500000000 7.3800000000 
O 2.4800000000 0.6900000000 6.3900000000 
H 1.8800000000 1.2400000000 5.8400000000 
H 3.4100000000 0.7200000000 5.9800000000 
O 4.2800000000 8.5200000000 2.7200000000 
H 3.5800000000 9.1900000000 2.4500000000 
H 3.6500000000 7.7500000000 2.9400000000 
O 2.7300000000 3.2200000000 0.0400000000 
H 2.7300000000 4.0800000000 0.4600000000 
H 2.0200000000 3.3100000000 9.2700000000 
O 3.6100000000 8.6100000000 9.5900000000 
H 3.3400000000 9.4100000000 0.2800000000 
H 2.8400000000 8.4800000000 8.9800000000 
O 1.3100000000 4.7200000000 5.5300000000 
H 0.5600000000 5.0500000000 5.9800000000 
H 2.1100000000 5.0800000000 5.9900000000 
O 6.3600000000 8.4100000000 0.0600000000 
H 6.3700000000 7.5800000000 0.6200000000 
H 5.4500000000 8.6600000000 9.7500000000 
O 9.3800000000 8.6000000000 2.2000000000 
H 9.1500000000 9.3600000000 1.6200000000 
H 8.4400000000 8.2000000000 2.3500000000 
O 3.5100000000 5.7400000000 0.4500000000 
H 4.4000000000 5.4600000000 0.7900000000 
H 3.6200000000 6.6600000000 0.1400000000 
O 8.2400000000 1.3000000000 6.0500000000 
H 8.3100000000 2.2500000000 6.3500000000 
H 9.1500000000 1.3000000000 5.6500000000 
O 6.8900000000 8.2400000000 3.4700000000 
H 6.7900000000 7.5400000000 4.1700000000 
H 5.9600000000 8.1700000000 3.0400000000 
O 0.0700000000 3.5600000000 8.6500000000 
H 9.2000000000 3.7600000000 8.1200000000 
H 0.3600000000 4.4200000000 8.9300000000 
O 7.1100000000 1.4200000000 3.5900000000 
H 7.7600000000 1.3100000000 4.3600000000 
H 6.9100000000 0.5100000000 3.2600000000 
O 1.1900000000 9.0000000000 8.1900000000 
H 0.2500000000 9.1300000000 7.9700000000 
H 1.7200000000 9.6000000000 7.6300000000 
O 8.2600000000 9.3400000000 8.3000000000 
H 7.9000000000 0.0900000000 7.6200000000 
H 7.4300000000 9.0500000000 8.7700000000 

