&CONTROL
/
&SYSTEM
   ntyp             = 2
   nat              = 96
   ibrav            = 0
/
&ELECTRONS
/
&IONS
/
&CELL
/

ATOMIC_SPECIES
O 15.999 None
H 1.008 None

K_POINTS gamma

CELL_PARAMETERS angstrom
9.86520000000000 0.00000000000000 0.00000000000000
0.00000000000000 9.86520000000000 0.00000000000000
0.00000000000000 0.00000000000000 9.86520000000000

ATOMIC_POSITIONS angstrom
O 0.4900000000 9.3600000000 7.2800000000 
H 0.4600000000 8.4300000000 7.5900000000 
H 9.5000000000 9.4000000000 6.8000000000 
O 3.3300000000 7.8700000000 4.8600000000 
H 2.6800000000 8.5400000000 4.9500000000 
H 4.1200000000 8.2900000000 5.3100000000 
O 7.5400000000 0.2600000000 4.3300000000 
H 7.6100000000 9.4400000000 5.0300000000 
H 7.4500000000 9.5300000000 3.5600000000 
O 7.8500000000 8.4800000000 6.6500000000 
H 7.0000000000 8.8100000000 6.8900000000 
H 7.7500000000 7.6100000000 7.0200000000 
O 1.3400000000 4.3500000000 6.4500000000 
H 1.7600000000 3.5400000000 6.8200000000 
H 2.0400000000 4.9100000000 6.0700000000 
O 6.3800000000 2.1600000000 7.3400000000 
H 7.1500000000 2.5300000000 6.8600000000 
H 5.5600000000 2.5300000000 6.8700000000 
O 5.3600000000 3.1100000000 1.3100000000 
H 4.6300000000 3.4700000000 0.7400000000 
H 5.7700000000 3.9800000000 1.6600000000 
O 8.4100000000 3.2100000000 9.5700000000 
H 7.8300000000 3.9600000000 9.8400000000 
H 7.8300000000 2.8800000000 8.8900000000 
O 5.1400000000 9.3000000000 6.3600000000 
H 5.1400000000 9.2700000000 7.3200000000 
H 5.1400000000 0.3700000000 6.2300000000 
O 1.5000000000 7.2100000000 2.6000000000 
H 1.3500000000 6.3700000000 3.1900000000 
H 2.4200000000 7.1300000000 2.3400000000 
O 5.9900000000 5.6800000000 2.7000000000 
H 5.1400000000 6.2100000000 2.8000000000 
H 6.1500000000 5.4800000000 3.6700000000 
O 7.6000000000 5.5900000000 0.5500000000 
H 6.8700000000 5.8900000000 1.2000000000 
H 8.3700000000 6.2100000000 0.8500000000 
O 9.7100000000 2.0200000000 4.4400000000 
H 0.3400000000 1.2000000000 4.2700000000 
H 8.8400000000 1.7400000000 4.2600000000 
O 1.0700000000 6.5600000000 8.2700000000 
H 1.1600000000 5.8800000000 8.9600000000 
H 1.0300000000 5.8000000000 7.6400000000 
O 2.5600000000 0.9900000000 8.0300000000 
H 2.8300000000 0.9500000000 7.1200000000 
H 1.7200000000 0.4900000000 8.0200000000 
O 3.2300000000 3.4100000000 9.3000000000 
H 2.3300000000 3.7000000000 9.6100000000 
H 3.0500000000 2.5200000000 9.0500000000 
O 3.9200000000 6.3200000000 8.8900000000 
H 3.4400000000 5.4500000000 8.7500000000 
H 3.2700000000 7.0100000000 8.5200000000 
O 1.9100000000 0.3200000000 3.4300000000 
H 1.9900000000 9.3800000000 2.8300000000 
H 1.4000000000 0.8800000000 2.8000000000 
O 3.5000000000 1.7100000000 5.3300000000 
H 4.3000000000 2.0600000000 4.8900000000 
H 2.9600000000 1.3700000000 4.5900000000 
O 6.6900000000 6.4300000000 8.0600000000 
H 7.2700000000 6.0000000000 8.8200000000 
H 5.8100000000 6.3800000000 8.4600000000 
O 1.0100000000 4.6100000000 3.3700000000 
H 0.6300000000 3.8600000000 3.7800000000 
H 1.8900000000 4.5300000000 3.7500000000 
O 7.7300000000 9.4400000000 1.5800000000 
H 6.8800000000 9.4200000000 1.0600000000 
H 8.2100000000 8.6700000000 1.2500000000 
O 9.4300000000 7.6000000000 0.5500000000 
H 0.4200000000 7.3600000000 0.9900000000 
H 9.7900000000 7.5300000000 9.5300000000 
O 5.7700000000 2.6600000000 4.3100000000 
H 5.5800000000 2.6000000000 3.3500000000 
H 6.3800000000 1.8800000000 4.3500000000 
O 3.3400000000 5.2900000000 4.7300000000 
H 4.3400000000 5.2100000000 4.6300000000 
H 3.3800000000 6.3200000000 4.8100000000 
O 8.4500000000 3.5900000000 6.1400000000 
H 8.9900000000 2.9100000000 5.6300000000 
H 9.1300000000 4.4000000000 6.1500000000 
O 5.5400000000 0.7000000000 9.4900000000 
H 5.6100000000 1.4300000000 0.2700000000 
H 5.9000000000 1.1400000000 8.7200000000 
O 6.5000000000 5.3100000000 5.4500000000 
H 6.3600000000 5.6100000000 6.3600000000 
H 7.1400000000 4.5800000000 5.6600000000 
O 0.1000000000 1.1700000000 1.4200000000 
H 9.7000000000 1.9100000000 0.8800000000 
H 9.1500000000 0.6700000000 1.5100000000 
O 2.5400000000 9.5600000000 0.6100000000 
H 3.0700000000 0.0500000000 9.7300000000 
H 1.8100000000 0.3400000000 0.7700000000 
O 1.0000000000 4.7300000000 0.5500000000 
H 0.9100000000 4.8600000000 1.5600000000 
H 0.1700000000 4.2300000000 0.2900000000 
O 4.1100000000 7.3000000000 1.5300000000 
H 4.1500000000 7.1100000000 0.5900000000 
H 3.8500000000 8.2700000000 1.4800000000 

