&CONTROL
/
&SYSTEM
   ntyp             = 2
   nat              = 96
   ibrav            = 0
/
&ELECTRONS
/
&IONS
/
&CELL
/

ATOMIC_SPECIES
O 15.999 None
H 1.008 None

K_POINTS gamma

CELL_PARAMETERS angstrom
9.86520000000000 0.00000000000000 0.00000000000000
0.00000000000000 9.86520000000000 0.00000000000000
0.00000000000000 0.00000000000000 9.86520000000000

ATOMIC_POSITIONS angstrom
O 7.6600000000 3.1300000000 7.4400000000 
H 8.0900000000 2.2700000000 7.1700000000 
H 8.3700000000 3.7700000000 7.3400000000 
O 3.1100000000 4.1600000000 7.3700000000 
H 2.5600000000 3.9100000000 8.1300000000 
H 2.4700000000 4.0800000000 6.6500000000 
O 0.6000000000 4.3800000000 2.6000000000 
H 9.5300000000 4.5800000000 2.3500000000 
H 1.0300000000 4.0900000000 1.7800000000 
O 2.5800000000 6.5400000000 3.3700000000 
H 2.3800000000 6.3100000000 4.2900000000 
H 1.9800000000 5.8700000000 2.9800000000 
O 0.4200000000 9.0400000000 5.2300000000 
H 9.7400000000 9.0200000000 4.4200000000 
H 1.3100000000 8.9300000000 4.9200000000 
O 5.1400000000 8.2900000000 4.5000000000 
H 5.8900000000 7.8100000000 4.8900000000 
H 5.5000000000 8.1800000000 3.5400000000 
O 2.2800000000 3.1300000000 0.3300000000 
H 1.9800000000 2.3900000000 0.8900000000 
H 3.1600000000 3.2600000000 0.7500000000 
O 1.4300000000 0.5700000000 1.6600000000 
H 0.5200000000 0.5200000000 2.0000000000 
H 1.9600000000 0.2800000000 2.4900000000 
O 1.1300000000 7.4200000000 8.2100000000 
H 2.1100000000 7.5900000000 8.3000000000 
H 0.9500000000 8.1900000000 7.6700000000 
O 0.9000000000 0.5400000000 8.8900000000 
H 0.8700000000 1.0300000000 9.7500000000 
H 1.8500000000 0.2300000000 8.9700000000 
O 0.9800000000 4.1600000000 5.2300000000 
H 0.9700000000 4.1800000000 4.2900000000 
H 0.7100000000 3.2400000000 5.5900000000 
O 0.4200000000 1.6100000000 6.3100000000 
H 0.5800000000 1.2400000000 7.2100000000 
H 0.4400000000 0.7900000000 5.7900000000 
O 4.4500000000 6.6200000000 8.4300000000 
H 3.9700000000 5.8300000000 8.0100000000 
H 4.5300000000 6.3400000000 9.4100000000 
O 3.4000000000 9.5300000000 7.8600000000 
H 4.0200000000 8.7600000000 8.0200000000 
H 3.9300000000 0.2900000000 7.3500000000 
O 6.5700000000 8.5600000000 7.3600000000 
H 5.6500000000 8.3400000000 7.0700000000 
H 7.1400000000 8.0200000000 6.7200000000 
O 9.4900000000 7.0200000000 0.6800000000 
H 8.6100000000 6.8000000000 0.2800000000 
H 0.2100000000 7.1700000000 9.7400000000 
O 6.7100000000 2.4200000000 0.1800000000 
H 6.9600000000 2.7000000000 9.1300000000 
H 6.0200000000 1.7200000000 0.1700000000 
O 9.3300000000 5.5600000000 6.9800000000 
H 0.1600000000 5.2800000000 6.3000000000 
H 9.8000000000 6.1900000000 7.5400000000 
O 4.5500000000 0.9700000000 0.4100000000 
H 3.7900000000 0.4600000000 0.0100000000 
H 4.8200000000 0.3300000000 1.0700000000 
O 8.4200000000 1.1300000000 2.1800000000 
H 7.8700000000 1.0400000000 1.3400000000 
H 7.7400000000 1.4500000000 2.8600000000 
O 4.3200000000 6.4300000000 1.4000000000 
H 4.6800000000 5.5000000000 1.5300000000 
H 3.8800000000 6.5100000000 2.3100000000 
O 6.3900000000 4.5200000000 3.9600000000 
H 7.1800000000 4.6100000000 3.3400000000 
H 6.5300000000 5.2500000000 4.6100000000 
O 2.7700000000 9.1400000000 3.3500000000 
H 2.6400000000 8.1500000000 3.2000000000 
H 3.7000000000 9.0300000000 3.8400000000 
O 7.1900000000 6.4800000000 9.2900000000 
H 6.8700000000 7.1900000000 8.7800000000 
H 7.4500000000 5.8700000000 8.5400000000 
O 8.0900000000 4.5200000000 1.6200000000 
H 7.7000000000 5.2100000000 1.0200000000 
H 7.7400000000 3.7000000000 1.2100000000 
O 8.8200000000 8.4300000000 2.9400000000 
H 9.1800000000 7.8700000000 2.1400000000 
H 8.5500000000 9.2600000000 2.4300000000 
O 6.6600000000 1.6400000000 4.1900000000 
H 6.4100000000 2.5300000000 4.3400000000 
H 6.1000000000 1.1300000000 4.7800000000 
O 8.0300000000 9.4400000000 9.6900000000 
H 7.6100000000 9.4100000000 8.8200000000 
H 8.9800000000 9.6200000000 9.5300000000 
O 5.0400000000 2.0300000000 6.6000000000 
H 5.7000000000 2.6400000000 7.0800000000 
H 4.2000000000 2.5300000000 6.6700000000 
O 7.5400000000 7.1800000000 5.2600000000 
H 8.1900000000 6.5100000000 5.7000000000 
H 8.1200000000 7.6100000000 4.5600000000 
O 4.5600000000 3.4400000000 1.8000000000 
H 5.0400000000 2.6900000000 1.3900000000 
H 5.2400000000 3.6800000000 2.5100000000 
O 5.6400000000 8.5900000000 1.5700000000 
H 6.4300000000 8.6500000000 0.9200000000 
H 5.1500000000 7.7700000000 1.3600000000 

