&CONTROL
/
&SYSTEM
   ntyp             = 2
   nat              = 96
   ibrav            = 0
/
&ELECTRONS
/
&IONS
/
&CELL
/

ATOMIC_SPECIES
O 15.999 None
H 1.008 None

K_POINTS gamma

CELL_PARAMETERS angstrom
9.86520000000000 0.00000000000000 0.00000000000000
0.00000000000000 9.86520000000000 0.00000000000000
0.00000000000000 0.00000000000000 9.86520000000000

ATOMIC_POSITIONS angstrom
O 9.5300000000 8.2700000000 4.4100000000 
H 8.6500000000 8.7600000000 4.4900000000 
H 9.2600000000 7.2800000000 4.4200000000 
O 3.6000000000 1.4000000000 6.8400000000 
H 2.9200000000 1.3700000000 7.5000000000 
H 3.0700000000 0.8700000000 6.1500000000 
O 1.3000000000 0.5100000000 8.5400000000 
H 0.3800000000 0.9000000000 8.4000000000 
H 1.1600000000 9.4200000000 8.2000000000 
O 6.5000000000 7.9400000000 3.3100000000 
H 5.7500000000 8.1400000000 2.6500000000 
H 6.4500000000 6.9500000000 3.3900000000 
O 4.4600000000 3.4900000000 8.7400000000 
H 4.3000000000 2.5700000000 8.4100000000 
H 3.5700000000 3.8900000000 8.9400000000 
O 1.2000000000 2.1100000000 3.2200000000 
H 1.3100000000 2.8400000000 2.5900000000 
H 0.4300000000 1.6300000000 2.9000000000 
O 1.6200000000 4.1600000000 1.5400000000 
H 2.5500000000 4.5600000000 1.6200000000 
H 1.6000000000 4.0100000000 0.5800000000 
O 7.2700000000 0.6100000000 3.9100000000 
H 6.8000000000 9.5900000000 3.9800000000 
H 6.5000000000 1.2400000000 3.7100000000 
O 2.6700000000 5.6100000000 3.9200000000 
H 2.7700000000 6.3700000000 4.5800000000 
H 3.6200000000 5.2900000000 3.8700000000 
O 1.8100000000 3.5700000000 8.8600000000 
H 1.6700000000 4.1900000000 8.1000000000 
H 1.2600000000 2.8100000000 8.6800000000 
O 6.4600000000 5.3100000000 3.6000000000 
H 6.9600000000 5.4300000000 4.4100000000 
H 7.0400000000 4.5900000000 3.2200000000 
O 4.5200000000 4.4800000000 1.5200000000 
H 4.6400000000 3.8200000000 0.7800000000 
H 5.4000000000 4.3200000000 1.9700000000 
O 0.0100000000 5.6300000000 3.3900000000 
H 0.0500000000 4.6700000000 3.0700000000 
H 1.0400000000 5.7600000000 3.4600000000 
O 7.6700000000 4.3500000000 6.5800000000 
H 6.7300000000 4.0300000000 6.5500000000 
H 8.1600000000 3.7200000000 6.0500000000 
O 7.2900000000 4.4900000000 9.3600000000 
H 7.6200000000 4.7800000000 8.5100000000 
H 6.3300000000 4.7400000000 9.4500000000 
O 5.5300000000 8.8100000000 6.5700000000 
H 6.4600000000 8.8300000000 6.8300000000 
H 5.1300000000 9.6800000000 6.6100000000 
O 3.5800000000 6.1900000000 7.7800000000 
H 4.1200000000 5.4000000000 7.5600000000 
H 3.3900000000 6.5900000000 6.9200000000 
O 5.0500000000 3.4700000000 5.5900000000 
H 4.5200000000 2.9300000000 6.1900000000 
H 4.9600000000 3.1400000000 4.6300000000 
O 0.9500000000 5.2700000000 6.3400000000 
H 0.0200000000 5.1100000000 6.0400000000 
H 1.5300000000 5.1600000000 5.5200000000 
O 3.3100000000 0.6100000000 0.8500000000 
H 3.0900000000 9.5300000000 0.6200000000 
H 2.6600000000 1.0700000000 0.2600000000 
O 9.0300000000 2.0600000000 5.4700000000 
H 8.5300000000 1.4100000000 4.9500000000 
H 9.7700000000 2.2600000000 4.8400000000 
O 3.4100000000 7.8200000000 5.5600000000 
H 4.3200000000 8.0800000000 5.8400000000 
H 2.9500000000 8.6200000000 5.4300000000 
O 9.3600000000 6.4000000000 0.5800000000 
H 9.7400000000 6.3000000000 1.4800000000 
H 8.3900000000 6.4400000000 0.6800000000 
O 1.9100000000 0.0100000000 4.9200000000 
H 1.2000000000 9.2200000000 4.6300000000 
H 1.9000000000 0.6400000000 4.1200000000 
O 9.0100000000 0.7100000000 1.7200000000 
H 9.3700000000 9.8200000000 1.2200000000 
H 8.3200000000 0.2700000000 2.2000000000 
O 0.2900000000 7.3600000000 7.9500000000 
H 0.2500000000 7.0800000000 8.8400000000 
H 0.4500000000 6.6000000000 7.3900000000 
O 8.0600000000 8.9700000000 7.6400000000 
H 8.2200000000 9.7900000000 8.1400000000 
H 8.7700000000 8.3600000000 7.9000000000 
O 8.1700000000 3.3200000000 2.1300000000 
H 8.4300000000 2.4400000000 1.7700000000 
H 8.1400000000 3.9600000000 1.3200000000 
O 6.3300000000 7.8500000000 0.0200000000 
H 6.5600000000 8.3700000000 9.0800000000 
H 5.3400000000 7.7000000000 9.8600000000 
O 4.2100000000 1.7400000000 3.2200000000 
H 4.0200000000 1.3800000000 2.3600000000 
H 3.4100000000 2.3400000000 3.3100000000 
O 8.7900000000 1.7900000000 8.2400000000 
H 8.7600000000 1.6800000000 7.2100000000 
H 8.3000000000 2.5900000000 8.4100000000 
O 3.4900000000 7.2800000000 0.5100000000 
H 3.3400000000 6.9900000000 9.5100000000 
H 3.8100000000 6.4800000000 1.0100000000 

