&CONTROL
/
&SYSTEM
   ntyp             = 2
   nat              = 96
   ibrav            = 0
/
&ELECTRONS
/
&IONS
/
&CELL
/

ATOMIC_SPECIES
O 15.999 None
H 1.008 None

K_POINTS gamma

CELL_PARAMETERS angstrom
9.86520000000000 0.00000000000000 0.00000000000000
0.00000000000000 9.86520000000000 0.00000000000000
0.00000000000000 0.00000000000000 9.86520000000000

ATOMIC_POSITIONS angstrom
O 1.3900000000 4.0000000000 0.4600000000 
H 1.1900000000 3.3700000000 9.6400000000 
H 2.2200000000 4.5400000000 0.2600000000 
O 6.2900000000 3.4200000000 4.9100000000 
H 6.6100000000 2.5100000000 4.7600000000 
H 5.4700000000 3.2600000000 5.4100000000 
O 8.7500000000 9.1800000000 2.2700000000 
H 8.8400000000 8.3100000000 1.8500000000 
H 9.6500000000 9.5400000000 1.9700000000 
O 8.3700000000 6.6400000000 9.6600000000 
H 8.2500000000 7.4900000000 9.1600000000 
H 9.2800000000 6.7000000000 0.1900000000 
O 6.1000000000 5.4300000000 0.3900000000 
H 7.0000000000 5.8700000000 0.1700000000 
H 6.3500000000 5.0200000000 1.2200000000 
O 5.0700000000 8.1500000000 4.4100000000 
H 5.5100000000 8.3600000000 5.2700000000 
H 4.2400000000 7.6400000000 4.6400000000 
O 0.6300000000 1.7300000000 8.3800000000 
H 1.6000000000 1.7300000000 8.6900000000 
H 0.6400000000 1.0800000000 7.6400000000 
O 4.5400000000 0.6600000000 2.2100000000 
H 4.7800000000 9.5500000000 1.9300000000 
H 3.8100000000 0.8500000000 1.6900000000 
O 7.9600000000 2.3700000000 8.7100000000 
H 8.9500000000 2.2700000000 8.6600000000 
H 7.8000000000 2.0800000000 9.6900000000 
O 0.6700000000 6.6800000000 1.5800000000 
H 0.8900000000 5.7500000000 1.7500000000 
H 1.5700000000 7.1100000000 1.4500000000 
O 6.3500000000 8.2600000000 6.6800000000 
H 6.7100000000 7.5100000000 6.1800000000 
H 7.1100000000 8.5500000000 7.2400000000 
O 5.3900000000 7.8800000000 1.5300000000 
H 5.8300000000 7.2900000000 0.9100000000 
H 5.7400000000 7.6400000000 2.3900000000 
O 8.1400000000 1.4300000000 4.7600000000 
H 7.9900000000 0.6300000000 4.2300000000 
H 9.1100000000 1.6300000000 4.6600000000 
O 7.5000000000 6.0400000000 5.6300000000 
H 7.0200000000 5.2600000000 5.2700000000 
H 8.0700000000 5.6000000000 6.2900000000 
O 7.2200000000 1.5200000000 1.6800000000 
H 7.7100000000 0.7400000000 1.8800000000 
H 6.3000000000 1.2500000000 1.7900000000 
O 2.7300000000 7.5600000000 5.6600000000 
H 2.6400000000 6.7000000000 6.0800000000 
H 1.8200000000 7.8400000000 5.3200000000 
O 3.8800000000 8.5200000000 8.1000000000 
H 3.5300000000 8.3300000000 7.2000000000 
H 4.7700000000 9.0200000000 7.8900000000 
O 1.5300000000 4.5600000000 5.4000000000 
H 0.9100000000 4.6900000000 6.1200000000 
H 1.0100000000 4.7000000000 4.5600000000 
O 5.6700000000 0.9800000000 7.9200000000 
H 5.4200000000 1.4100000000 7.1600000000 
H 6.3900000000 1.6000000000 8.2400000000 
O 0.8200000000 9.7700000000 6.4200000000 
H 1.1000000000 0.5000000000 5.6800000000 
H 0.2100000000 9.1900000000 5.8800000000 
O 3.9700000000 4.4100000000 9.1800000000 
H 4.3700000000 4.4500000000 8.2500000000 
H 4.7300000000 4.8900000000 9.6100000000 
O 1.6600000000 0.5500000000 1.6400000000 
H 1.8300000000 9.4800000000 1.8600000000 
H 2.0900000000 0.6100000000 0.7800000000 
O 3.7600000000 3.5400000000 6.2400000000 
H 3.5800000000 2.7000000000 5.8600000000 
H 3.1100000000 4.1600000000 5.8000000000 
O 3.2800000000 1.6900000000 9.4800000000 
H 4.0100000000 1.2600000000 8.9200000000 
H 3.6100000000 2.6900000000 9.6200000000 
O 8.6100000000 9.1700000000 8.1600000000 
H 8.1700000000 0.2000000000 8.2500000000 
H 9.4600000000 9.4600000000 7.7300000000 
O 0.1600000000 4.4200000000 2.8700000000 
H 9.0600000000 4.4100000000 2.7400000000 
H 0.4000000000 4.0200000000 2.0000000000 
O 0.0900000000 7.4900000000 4.7300000000 
H 0.2000000000 7.2300000000 3.8500000000 
H 9.0200000000 7.1800000000 4.9000000000 
O 4.2300000000 1.1300000000 4.8100000000 
H 4.1500000000 1.1500000000 3.8000000000 
H 4.4200000000 0.1700000000 4.9600000000 
O 0.9100000000 1.6200000000 4.2000000000 
H 1.5700000000 2.3300000000 4.1700000000 
H 1.3600000000 1.1200000000 3.4000000000 
O 7.3000000000 4.1300000000 2.4700000000 
H 6.6700000000 3.9300000000 3.2500000000 
H 7.3100000000 3.2500000000 2.0900000000 
O 2.8000000000 8.1100000000 0.8000000000 
H 3.7600000000 8.1000000000 0.9900000000 
H 2.8700000000 8.2800000000 9.6900000000 
O 8.9100000000 4.6500000000 7.5800000000 
H 9.0500000000 3.6900000000 7.6100000000 
H 8.4200000000 4.9100000000 8.3600000000 

