&CONTROL
/
&SYSTEM
   ntyp             = 2
   nat              = 96
   ibrav            = 0
/
&ELECTRONS
/
&IONS
/
&CELL
/

ATOMIC_SPECIES
O 15.999 None
H 1.008 None

K_POINTS gamma

CELL_PARAMETERS angstrom
9.86520000000000 0.00000000000000 0.00000000000000
0.00000000000000 9.86520000000000 0.00000000000000
0.00000000000000 0.00000000000000 9.86520000000000

ATOMIC_POSITIONS angstrom
O 1.7600000000 1.8100000000 2.2100000000 
H 2.1200000000 1.5300000000 1.2700000000 
H 2.2600000000 2.6900000000 2.3500000000 
O 9.5600000000 4.3400000000 0.6500000000 
H 0.4200000000 3.7000000000 0.3500000000 
H 9.2900000000 4.7100000000 9.6400000000 
O 5.0900000000 5.2200000000 5.4000000000 
H 5.1100000000 5.7900000000 4.5500000000 
H 4.1400000000 5.2800000000 5.7600000000 
O 5.1200000000 8.4700000000 0.7900000000 
H 4.5200000000 9.0600000000 1.2000000000 
H 5.8800000000 9.1100000000 0.5000000000 
O 7.7300000000 7.9000000000 6.0900000000 
H 7.7200000000 8.1900000000 5.1400000000 
H 6.9700000000 8.3400000000 6.4400000000 
O 2.4400000000 7.9000000000 1.7100000000 
H 2.2300000000 8.2200000000 2.5900000000 
H 3.3500000000 7.4600000000 1.9200000000 
O 6.2900000000 9.7300000000 7.5400000000 
H 6.5100000000 9.7800000000 8.5200000000 
H 5.3200000000 9.7400000000 7.4800000000 
O 7.1500000000 6.2600000000 1.3200000000 
H 6.8100000000 7.1500000000 1.1600000000 
H 7.9600000000 6.5500000000 1.8200000000 
O 0.5100000000 4.4700000000 6.1400000000 
H 9.4200000000 4.6100000000 5.9800000000 
H 0.9400000000 4.4900000000 5.3100000000 
O 8.4500000000 1.6300000000 2.8300000000 
H 7.9200000000 2.4500000000 2.6900000000 
H 9.3000000000 1.9800000000 3.1300000000 
O 5.4000000000 2.4300000000 0.1500000000 
H 4.4300000000 2.3000000000 0.1100000000 
H 5.5800000000 3.2300000000 9.4200000000 
O 7.1100000000 0.3900000000 0.6300000000 
H 7.6300000000 0.6500000000 1.3700000000 
H 6.6400000000 1.2200000000 0.2900000000 
O 9.4900000000 7.7600000000 1.5900000000 
H 9.6400000000 7.7600000000 0.6300000000 
H 0.5300000000 7.9400000000 1.9400000000 
O 0.6300000000 7.4900000000 8.8200000000 
H 0.1000000000 6.9600000000 8.2600000000 
H 0.9300000000 8.2600000000 8.1900000000 
O 0.4500000000 2.5400000000 8.2700000000 
H 9.5200000000 2.1200000000 7.9400000000 
H 0.5900000000 3.2900000000 7.6100000000 
O 5.1300000000 8.6700000000 3.7200000000 
H 4.8200000000 9.5700000000 4.0700000000 
H 6.0900000000 8.7400000000 3.6600000000 
O 0.3900000000 9.1600000000 6.4300000000 
H 9.5800000000 8.6000000000 6.0400000000 
H 9.8500000000 0.1400000000 6.2800000000 
O 3.2600000000 0.2300000000 7.3100000000 
H 2.4300000000 9.7000000000 7.0700000000 
H 3.5800000000 0.5300000000 6.4200000000 
O 1.9400000000 7.9300000000 4.4700000000 
H 2.4700000000 7.4700000000 5.1500000000 
H 1.3900000000 8.4600000000 5.0600000000 
O 8.0600000000 5.6400000000 8.0200000000 
H 7.1600000000 5.2500000000 8.2800000000 
H 7.7500000000 6.3500000000 7.3900000000 
O 4.7000000000 6.3000000000 2.8900000000 
H 5.5200000000 6.1000000000 2.3700000000 
H 4.8600000000 7.2000000000 3.2100000000 
O 3.5800000000 3.5700000000 3.0100000000 
H 4.5300000000 3.4700000000 2.9300000000 
H 3.4600000000 4.5500000000 2.9500000000 
O 3.9200000000 1.2300000000 4.4700000000 
H 3.9600000000 2.1600000000 4.2600000000 
H 3.0000000000 1.1500000000 4.1900000000 
O 5.3300000000 4.7500000000 8.3200000000 
H 5.2000000000 4.6100000000 7.3500000000 
H 4.6700000000 5.4600000000 8.5800000000 
O 3.3300000000 6.6300000000 9.1400000000 
H 3.9000000000 7.1400000000 9.7800000000 
H 2.4900000000 7.0900000000 9.2900000000 
O 7.2400000000 3.5800000000 5.3200000000 
H 6.4800000000 4.1400000000 5.4500000000 
H 6.8200000000 2.9500000000 4.7100000000 
O 2.6700000000 1.7600000000 9.4200000000 
H 2.9400000000 0.8900000000 8.9500000000 
H 1.8300000000 2.0800000000 9.0500000000 
O 2.7100000000 6.2600000000 6.5700000000 
H 2.9300000000 6.2400000000 7.5500000000 
H 1.8900000000 5.6800000000 6.5600000000 
O 8.3600000000 1.3900000000 6.4800000000 
H 7.6400000000 0.8000000000 6.8400000000 
H 8.0100000000 2.2600000000 6.2600000000 
O 6.3700000000 3.7400000000 2.3100000000 
H 5.8100000000 3.4600000000 1.4500000000 
H 6.8700000000 4.5300000000 2.0100000000 
O 0.7200000000 5.5100000000 3.5300000000 
H 1.1800000000 6.3800000000 3.4400000000 
H 0.5500000000 5.3200000000 2.5700000000 
O 7.8200000000 8.8500000000 3.3900000000 
H 8.4000000000 8.3700000000 2.7300000000 
H 7.9600000000 9.8000000000 3.1900000000 

