&CONTROL
/
&SYSTEM
   ntyp             = 2
   nat              = 96
   ibrav            = 0
/
&ELECTRONS
/
&IONS
/
&CELL
/

ATOMIC_SPECIES
O 15.999 None
H 1.008 None

K_POINTS gamma

CELL_PARAMETERS angstrom
9.86520000000000 0.00000000000000 0.00000000000000
0.00000000000000 9.86520000000000 0.00000000000000
0.00000000000000 0.00000000000000 9.86520000000000

ATOMIC_POSITIONS angstrom
O 3.3600000000 4.1100000000 4.5100000000 
H 4.0600000000 3.5500000000 4.8400000000 
H 3.4600000000 4.8800000000 5.0800000000 
O 3.5900000000 9.5700000000 6.2700000000 
H 4.4400000000 9.1500000000 6.0000000000 
H 3.9300000000 0.2500000000 6.9700000000 
O 5.3200000000 6.4900000000 2.3100000000 
H 5.6500000000 6.5600000000 3.2300000000 
H 6.1300000000 5.9500000000 1.9500000000 
O 8.2000000000 0.8700000000 9.3600000000 
H 9.1200000000 0.9500000000 9.1300000000 
H 8.3300000000 1.3300000000 0.3800000000 
O 3.6400000000 6.3500000000 9.5000000000 
H 4.2300000000 6.9900000000 0.0500000000 
H 4.1000000000 5.5500000000 0.0000000000 
O 7.4900000000 3.3300000000 7.9400000000 
H 7.5200000000 2.9900000000 7.0500000000 
H 7.4400000000 4.3200000000 7.6700000000 
O 0.8500000000 9.2100000000 6.1800000000 
H 1.7800000000 9.1000000000 5.9900000000 
H 0.3600000000 8.9700000000 5.3300000000 
O 5.2800000000 8.5000000000 0.5300000000 
H 4.6600000000 9.3100000000 0.6900000000 
H 5.2200000000 7.8900000000 1.3800000000 
O 8.4400000000 1.6500000000 5.6200000000 
H 8.9000000000 2.5000000000 5.4900000000 
H 9.1400000000 1.0200000000 5.8300000000 
O 3.6900000000 6.0400000000 6.4900000000 
H 4.4500000000 6.5500000000 6.0300000000 
H 3.6900000000 6.3300000000 7.4100000000 
O 3.4000000000 0.6400000000 0.9400000000 
H 2.8400000000 0.7200000000 0.1800000000 
H 3.9300000000 1.4700000000 0.9500000000 
O 3.4400000000 3.4900000000 8.3600000000 
H 3.2100000000 4.0100000000 9.1500000000 
H 2.6100000000 3.7000000000 7.8500000000 
O 8.2800000000 5.9300000000 7.6400000000 
H 8.3400000000 6.8500000000 8.0000000000 
H 9.2300000000 5.8400000000 7.3200000000 
O 8.4000000000 8.2100000000 1.4600000000 
H 7.6700000000 7.9700000000 0.8500000000 
H 9.1100000000 8.0700000000 0.8000000000 
O 6.9300000000 8.3700000000 8.3200000000 
H 6.3300000000 8.2200000000 9.1200000000 
H 7.2800000000 9.3200000000 8.5100000000 
O 5.6500000000 2.1400000000 4.8100000000 
H 6.5600000000 1.7000000000 4.9400000000 
H 5.4300000000 2.1500000000 5.7700000000 
O 5.7400000000 7.6000000000 5.5600000000 
H 6.3800000000 7.0500000000 5.0300000000 
H 6.3400000000 7.8700000000 6.3000000000 
O 0.6300000000 3.3300000000 9.0600000000 
H 9.5700000000 3.2700000000 8.7000000000 
H 0.6300000000 3.6000000000 0.1200000000 
O 9.4100000000 5.1800000000 1.4000000000 
H 9.6700000000 6.0500000000 1.0300000000 
H 8.5300000000 4.9800000000 1.0700000000 
O 5.1700000000 1.6700000000 7.6300000000 
H 4.5700000000 2.3000000000 8.0100000000 
H 5.9600000000 1.7700000000 8.2200000000 
O 8.5500000000 2.2500000000 2.2900000000 
H 8.8400000000 3.2400000000 2.4000000000 
H 9.2100000000 1.8500000000 2.8100000000 
O 0.9100000000 6.3800000000 6.6900000000 
H 1.9200000000 6.3600000000 6.4700000000 
H 0.8000000000 7.3800000000 6.6400000000 
O 3.4400000000 3.8300000000 1.6200000000 
H 4.1500000000 3.3200000000 2.0200000000 
H 3.0900000000 4.4300000000 2.3500000000 
O 5.7700000000 2.1400000000 2.1500000000 
H 5.7800000000 2.2200000000 3.1100000000 
H 6.6800000000 1.8800000000 2.0600000000 
O 1.3100000000 2.6600000000 3.7400000000 
H 2.0300000000 3.1800000000 4.0800000000 
H 1.7300000000 1.7800000000 3.6500000000 
O 7.0800000000 4.3700000000 0.6700000000 
H 6.7100000000 3.6200000000 1.2500000000 
H 7.3000000000 3.8600000000 9.6700000000 
O 9.5700000000 4.5300000000 4.7000000000 
H 0.3700000000 4.9900000000 5.2700000000 
H 0.2400000000 3.8500000000 4.1500000000 
O 9.4000000000 9.1800000000 3.7400000000 
H 0.2800000000 9.5500000000 3.3000000000 
H 9.0200000000 8.8700000000 2.9600000000 
O 2.6300000000 0.2200000000 3.6200000000 
H 3.1200000000 9.8300000000 2.7700000000 
H 3.2500000000 0.1200000000 4.4100000000 
O 1.2900000000 0.7100000000 8.8500000000 
H 1.2600000000 1.6900000000 8.8000000000 
H 1.5200000000 0.3700000000 7.9700000000 
O 0.9100000000 7.6200000000 9.8500000000 
H 1.1900000000 8.4200000000 9.4800000000 
H 1.5900000000 7.0100000000 9.5800000000 
O 7.4800000000 6.4500000000 3.9600000000 
H 7.9900000000 7.2300000000 3.5600000000 
H 8.2200000000 5.7600000000 3.9300000000 

