&CONTROL
/
&SYSTEM
   ntyp             = 2
   nat              = 96
   ibrav            = 0
/
&ELECTRONS
/
&IONS
/
&CELL
/

ATOMIC_SPECIES
O 15.999 None
H 1.008 None

K_POINTS gamma

CELL_PARAMETERS angstrom
9.86520000000000 0.00000000000000 0.00000000000000
0.00000000000000 9.86520000000000 0.00000000000000
0.00000000000000 0.00000000000000 9.86520000000000

ATOMIC_POSITIONS angstrom
O 2.2500000000 7.6900000000 5.1900000000 
H 3.2400000000 7.7700000000 5.3800000000 
H 1.9800000000 8.5800000000 5.2500000000 
O 8.3600000000 6.4500000000 7.5800000000 
H 7.4200000000 6.6700000000 7.5600000000 
H 8.3300000000 5.5700000000 7.9100000000 
O 6.5400000000 5.1200000000 3.5500000000 
H 6.9000000000 5.5600000000 2.7000000000 
H 7.2500000000 4.4900000000 3.8600000000 
O 4.9200000000 6.7900000000 5.0700000000 
H 5.6100000000 6.2200000000 4.6300000000 
H 4.9500000000 6.4500000000 6.0000000000 
O 2.4400000000 2.5300000000 0.6200000000 
H 3.1200000000 2.5800000000 9.7800000000 
H 2.7000000000 1.8300000000 1.3300000000 
O 3.7700000000 2.5300000000 5.7900000000 
H 3.8000000000 3.0600000000 4.9400000000 
H 3.3300000000 1.7000000000 5.4300000000 
O 1.6300000000 6.5400000000 8.5700000000 
H 0.8400000000 6.3200000000 7.9400000000 
H 2.2800000000 5.8900000000 8.3400000000 
O 5.3700000000 9.4600000000 5.5700000000 
H 5.1300000000 8.4500000000 5.7200000000 
H 5.0600000000 0.1200000000 6.3800000000 
O 5.6900000000 7.0500000000 7.7100000000 
H 5.4800000000 7.8500000000 8.2800000000 
H 5.3800000000 6.2900000000 8.2100000000 
O 3.4800000000 0.4600000000 1.8200000000 
H 4.3600000000 0.0800000000 1.9000000000 
H 3.0300000000 9.7800000000 1.0700000000 
O 2.4200000000 0.8300000000 4.3600000000 
H 2.7800000000 0.6100000000 3.4500000000 
H 1.7800000000 1.5200000000 4.0800000000 
O 4.4600000000 2.9800000000 8.4700000000 
H 4.7900000000 2.0700000000 8.5600000000 
H 4.0900000000 2.9800000000 7.5600000000 
O 6.5500000000 1.6300000000 0.4400000000 
H 6.3600000000 1.6100000000 1.3800000000 
H 7.4200000000 1.1800000000 0.4800000000 
O 2.2500000000 9.0600000000 9.6100000000 
H 2.0600000000 8.1200000000 9.3800000000 
H 1.6700000000 9.6300000000 9.0400000000 
O 7.3800000000 6.0900000000 1.2900000000 
H 7.5900000000 5.5300000000 0.4500000000 
H 8.3100000000 6.4500000000 1.4700000000 
O 4.0000000000 3.6100000000 2.9600000000 
H 4.3200000000 2.7200000000 2.7600000000 
H 4.7500000000 4.1600000000 3.3400000000 
O 7.3800000000 4.2500000000 9.1300000000 
H 6.8200000000 3.4700000000 9.3700000000 
H 8.2400000000 3.9300000000 9.2000000000 
O 0.3200000000 5.6200000000 5.3400000000 
H 9.3800000000 5.9100000000 5.7700000000 
H 0.9400000000 6.4200000000 5.4000000000 
O 9.5900000000 0.2500000000 1.3600000000 
H 9.8300000000 9.1700000000 1.3700000000 
H 9.4100000000 0.4200000000 2.3300000000 
O 4.6300000000 0.2900000000 8.4200000000 
H 5.3400000000 0.3400000000 9.0800000000 
H 3.8300000000 9.8100000000 8.8400000000 
O 0.1500000000 0.7200000000 8.6300000000 
H 0.4400000000 1.6900000000 8.3900000000 
H 9.7500000000 0.7100000000 9.6000000000 
O 0.5300000000 7.0600000000 1.4800000000 
H 0.8900000000 6.9300000000 0.5500000000 
H 1.3100000000 6.8100000000 2.0100000000 
O 4.2900000000 5.3400000000 9.4000000000 
H 4.3600000000 4.3900000000 9.1200000000 
H 3.7100000000 5.0900000000 0.3200000000 
O 0.1400000000 2.8100000000 6.6100000000 
H 0.7100000000 2.4500000000 5.9100000000 
H 0.0600000000 3.7500000000 6.4000000000 
O 6.1300000000 1.4300000000 3.2400000000 
H 7.0400000000 1.2500000000 3.0600000000 
H 5.8800000000 0.8900000000 4.0200000000 
O 8.3200000000 9.7000000000 4.2000000000 
H 7.4900000000 9.3200000000 4.4900000000 
H 8.9300000000 9.5200000000 5.0200000000 
O 0.2600000000 3.9000000000 9.7700000000 
H 0.2900000000 4.4400000000 0.7000000000 
H 1.0200000000 3.3400000000 0.1900000000 
O 3.0600000000 6.4100000000 2.4500000000 
H 3.2200000000 5.5600000000 2.8500000000 
H 3.2700000000 7.0300000000 3.1600000000 
O 9.6600000000 8.8200000000 6.4500000000 
H 9.2300000000 8.0400000000 6.9400000000 
H 9.6800000000 9.5600000000 7.1400000000 
O 8.6000000000 3.4700000000 4.1900000000 
H 9.4700000000 3.8900000000 3.9200000000 
H 8.9000000000 2.8000000000 4.7800000000 
O 1.5400000000 3.4000000000 3.6900000000 
H 2.4500000000 3.6400000000 3.3900000000 
H 1.4900000000 4.1300000000 4.3200000000 
O 5.3900000000 8.1900000000 0.6700000000 
H 4.7000000000 7.4500000000 0.7000000000 
H 6.2300000000 7.7600000000 0.9600000000 

