&CONTROL
/
&SYSTEM
   ntyp             = 2
   nat              = 96
   ibrav            = 0
/
&ELECTRONS
/
&IONS
/
&CELL
/

ATOMIC_SPECIES
O 15.999 None
H 1.008 None

K_POINTS gamma

CELL_PARAMETERS angstrom
9.86520000000000 0.00000000000000 0.00000000000000
0.00000000000000 9.86520000000000 0.00000000000000
0.00000000000000 0.00000000000000 9.86520000000000

ATOMIC_POSITIONS angstrom
O 9.7600000000 1.9000000000 8.1900000000 
H 9.6800000000 1.5100000000 7.3200000000 
H 8.8400000000 2.0600000000 8.4800000000 
O 3.5200000000 9.2000000000 9.7300000000 
H 3.5200000000 9.0900000000 8.8000000000 
H 2.8600000000 0.0900000000 0.0800000000 
O 5.6700000000 1.2800000000 6.4000000000 
H 6.2200000000 1.1700000000 5.5900000000 
H 4.9600000000 1.8700000000 5.9900000000 
O 6.9000000000 1.4600000000 8.9000000000 
H 6.3800000000 1.6800000000 8.0700000000 
H 6.2100000000 1.3700000000 9.5900000000 
O 2.6300000000 4.6500000000 6.4700000000 
H 3.1400000000 4.8300000000 7.2000000000 
H 3.2400000000 4.1300000000 5.9100000000 
O 6.7500000000 5.7700000000 7.4300000000 
H 6.8300000000 5.7700000000 6.4600000000 
H 6.8300000000 6.7200000000 7.5500000000 
O 2.5300000000 1.6900000000 7.3000000000 
H 2.4200000000 2.4000000000 6.6200000000 
H 1.6500000000 1.7700000000 7.6800000000 
O 7.7400000000 1.1000000000 4.6500000000 
H 8.3500000000 1.5900000000 4.2000000000 
H 8.3600000000 0.6100000000 5.2100000000 
O 4.3300000000 2.2300000000 9.8000000000 
H 3.4400000000 1.8600000000 9.5000000000 
H 4.3500000000 3.0800000000 9.3800000000 
O 1.3500000000 6.4400000000 1.8100000000 
H 1.7100000000 6.8000000000 2.6300000000 
H 0.4700000000 6.1800000000 2.0300000000 
O 7.2300000000 7.5600000000 0.8400000000 
H 6.9900000000 8.4700000000 1.2100000000 
H 6.9700000000 7.6400000000 9.8400000000 
O 9.4200000000 4.7400000000 7.4500000000 
H 8.4600000000 4.9700000000 7.5100000000 
H 9.6400000000 4.8500000000 8.4400000000 
O 7.3500000000 3.3100000000 1.5000000000 
H 8.1400000000 2.9100000000 1.9300000000 
H 7.1500000000 2.7100000000 0.7700000000 
O 0.8200000000 7.4600000000 6.8300000000 
H 0.7200000000 7.7700000000 7.7200000000 
H 0.5700000000 6.5300000000 6.8000000000 
O 3.6900000000 8.9200000000 6.9700000000 
H 4.0900000000 9.7900000000 6.8000000000 
H 2.7700000000 9.0300000000 6.6000000000 
O 1.6300000000 0.6500000000 3.5700000000 
H 2.1900000000 1.2800000000 3.0800000000 
H 2.1000000000 9.6800000000 3.4700000000 
O 4.7100000000 3.5400000000 5.3900000000 
H 5.0200000000 4.3300000000 5.9900000000 
H 5.1100000000 3.6000000000 4.4800000000 
O 1.3900000000 0.9100000000 0.4600000000 
H 0.9000000000 1.0900000000 9.4800000000 
H 0.7400000000 0.9800000000 1.1700000000 
O 5.1500000000 7.1900000000 4.8800000000 
H 5.9900000000 6.6700000000 4.8900000000 
H 5.2700000000 7.8400000000 5.6300000000 
O 0.2300000000 0.0700000000 5.9000000000 
H 0.7600000000 0.3600000000 5.0900000000 
H 0.3600000000 8.9900000000 5.8000000000 
O 8.6300000000 5.4800000000 2.1900000000 
H 8.1100000000 6.2300000000 1.7400000000 
H 8.1800000000 4.7000000000 1.7900000000 
O 9.5500000000 2.3900000000 2.6100000000 
H 9.8100000000 3.2000000000 3.1100000000 
H 0.3300000000 1.8100000000 2.9700000000 
O 2.4400000000 7.9800000000 4.1800000000 
H 2.0100000000 7.7300000000 5.1100000000 
H 3.3900000000 7.6500000000 4.2900000000 
O 7.4000000000 8.4700000000 8.0600000000 
H 7.0300000000 9.3700000000 7.9600000000 
H 8.2500000000 8.6000000000 8.4600000000 
O 3.5500000000 2.3900000000 2.4800000000 
H 3.7700000000 3.2700000000 2.5800000000 
H 3.7600000000 2.3000000000 1.5400000000 
O 5.1500000000 4.8200000000 2.6800000000 
H 5.6600000000 4.4200000000 1.9800000000 
H 4.6800000000 5.5200000000 2.1700000000 
O 4.2900000000 4.8100000000 8.5800000000 
H 5.2700000000 4.9300000000 8.6100000000 
H 4.0900000000 5.5200000000 9.1600000000 
O 7.2500000000 5.5100000000 4.8200000000 
H 8.0800000000 5.5700000000 4.3200000000 
H 6.7000000000 5.2100000000 4.0100000000 
O 6.5800000000 0.2200000000 1.9500000000 
H 5.8500000000 9.8000000000 2.5200000000 
H 6.9700000000 0.9600000000 2.4400000000 
O 0.5200000000 8.1000000000 9.3800000000 
H 0.8300000000 8.8800000000 0.0300000000 
H 0.6000000000 7.4600000000 0.3400000000 
O 0.3100000000 3.7000000000 4.9900000000 
H 1.0500000000 4.1400000000 5.4300000000 
H 9.4400000000 3.9700000000 5.5900000000 
O 3.8500000000 6.4700000000 0.6600000000 
H 3.9800000000 7.4000000000 0.5100000000 
H 2.9700000000 6.4200000000 1.0900000000 

