&CONTROL
/
&SYSTEM
   ntyp             = 2
   nat              = 96
   ibrav            = 0
/
&ELECTRONS
/
&IONS
/
&CELL
/

ATOMIC_SPECIES
O 15.999 None
H 1.008 None

K_POINTS gamma

CELL_PARAMETERS angstrom
9.86520000000000 0.00000000000000 0.00000000000000
0.00000000000000 9.86520000000000 0.00000000000000
0.00000000000000 0.00000000000000 9.86520000000000

ATOMIC_POSITIONS angstrom
O 4.7300000000 6.5600000000 6.2600000000 
H 4.0300000000 7.0800000000 5.8300000000 
H 5.0000000000 7.0800000000 7.0200000000 
O 2.2700000000 2.2300000000 2.8600000000 
H 1.7400000000 2.9200000000 2.4300000000 
H 1.7700000000 2.1800000000 3.6900000000 
O 7.3800000000 2.5900000000 3.8200000000 
H 6.4800000000 2.9700000000 3.7100000000 
H 7.0700000000 1.7600000000 4.2900000000 
O 6.8900000000 8.3500000000 0.7800000000 
H 7.3100000000 7.7400000000 1.4000000000 
H 7.0300000000 9.2400000000 1.1700000000 
O 2.7600000000 8.2100000000 5.1600000000 
H 2.9300000000 8.3500000000 4.1800000000 
H 1.7600000000 8.0200000000 5.1700000000 
O 6.8300000000 0.5800000000 5.6700000000 
H 5.8800000000 0.6300000000 5.6700000000 
H 7.0000000000 9.6200000000 6.1700000000 
O 7.4100000000 1.1200000000 1.4200000000 
H 7.9400000000 1.5900000000 2.1200000000 
H 6.4500000000 1.3300000000 1.4100000000 
O 0.2800000000 3.6100000000 1.7500000000 
H 0.5400000000 3.6900000000 0.7600000000 
H 9.3100000000 4.1100000000 1.8300000000 
O 9.3300000000 9.5000000000 9.7900000000 
H 8.6300000000 8.7400000000 9.7100000000 
H 8.8900000000 0.3000000000 0.3800000000 
O 0.4600000000 8.0000000000 7.4000000000 
H 0.3800000000 7.7000000000 6.4900000000 
H 9.4600000000 8.1900000000 7.7300000000 
O 3.0600000000 3.8300000000 7.2500000000 
H 2.3800000000 4.3000000000 7.8900000000 
H 3.6500000000 4.5200000000 6.8800000000 
O 9.1900000000 1.3700000000 7.2600000000 
H 9.3600000000 0.6500000000 7.9500000000 
H 8.4400000000 1.1800000000 6.6300000000 
O 1.8900000000 5.4900000000 9.1300000000 
H 2.1100000000 6.3500000000 8.6800000000 
H 2.4300000000 5.5100000000 0.1000000000 
O 4.5100000000 1.9200000000 8.8200000000 
H 4.9600000000 1.3700000000 8.0600000000 
H 3.6500000000 2.2500000000 8.4500000000 
O 8.2300000000 6.9600000000 2.5900000000 
H 8.3000000000 6.3400000000 1.8600000000 
H 7.5200000000 6.5500000000 3.1500000000 
O 6.2700000000 3.5600000000 6.4400000000 
H 5.6100000000 3.4500000000 5.6900000000 
H 7.1200000000 3.0500000000 6.1400000000 
O 4.3900000000 1.0400000000 1.5700000000 
H 4.2900000000 1.4000000000 0.6100000000 
H 3.5900000000 1.5000000000 2.0000000000 
O 9.4200000000 4.3900000000 4.8700000000 
H 8.7500000000 4.0600000000 4.2200000000 
H 0.2600000000 3.6400000000 4.7800000000 
O 2.5700000000 8.2200000000 9.2300000000 
H 2.0600000000 8.7900000000 9.8400000000 
H 1.8500000000 8.1700000000 8.5000000000 
O 1.5600000000 2.3900000000 5.5600000000 
H 2.1800000000 2.9000000000 6.1400000000 
H 0.9600000000 1.9600000000 6.1900000000 
O 8.1000000000 5.1100000000 0.4700000000 
H 7.1800000000 4.8300000000 0.2600000000 
H 8.3600000000 5.3500000000 9.4200000000 
O 4.6700000000 3.5200000000 4.3200000000 
H 4.2900000000 4.4600000000 4.4400000000 
H 3.9200000000 3.0300000000 3.9200000000 
O 0.4000000000 7.0400000000 4.6300000000 
H 0.1600000000 6.0700000000 4.8400000000 
H 9.7400000000 7.1000000000 3.8500000000 
O 5.6900000000 6.5400000000 3.6200000000 
H 5.4700000000 7.4700000000 3.3600000000 
H 5.4400000000 6.5800000000 4.5700000000 
O 3.7000000000 5.7000000000 1.4300000000 
H 4.2400000000 6.1900000000 2.1300000000 
H 4.3800000000 5.1600000000 1.0400000000 
O 3.7400000000 8.4700000000 2.5700000000 
H 3.3200000000 8.0500000000 1.7900000000 
H 4.0700000000 9.3500000000 2.2400000000 
O 5.4300000000 4.3600000000 9.5100000000 
H 5.4900000000 4.9900000000 8.7500000000 
H 5.0900000000 3.4900000000 9.1000000000 
O 5.3200000000 8.2500000000 8.5000000000 
H 5.9100000000 8.1400000000 9.2500000000 
H 4.5100000000 8.5500000000 8.9100000000 
O 2.4200000000 5.3300000000 4.0700000000 
H 1.8300000000 6.0700000000 4.3300000000 
H 2.8200000000 5.6400000000 3.2900000000 
O 7.9200000000 5.4500000000 7.3400000000 
H 7.2000000000 4.8200000000 7.0800000000 
H 8.7100000000 5.0400000000 6.9400000000 
O 4.2100000000 0.5800000000 6.1200000000 
H 3.6700000000 9.6500000000 5.9500000000 
H 3.6400000000 1.2300000000 5.7300000000 
O 7.6000000000 8.3200000000 7.1900000000 
H 7.6700000000 7.3300000000 7.1200000000 
H 6.7200000000 8.4000000000 7.6400000000 

