&CONTROL
/
&SYSTEM
   ntyp             = 2
   nat              = 96
   ibrav            = 0
/
&ELECTRONS
/
&IONS
/
&CELL
/

ATOMIC_SPECIES
O 15.999 None
H 1.008 None

K_POINTS gamma

CELL_PARAMETERS angstrom
9.86520000000000 0.00000000000000 0.00000000000000
0.00000000000000 9.86520000000000 0.00000000000000
0.00000000000000 0.00000000000000 9.86520000000000

ATOMIC_POSITIONS angstrom
O 4.7400000000 2.2000000000 3.3700000000 
H 5.1700000000 2.6600000000 2.6100000000 
H 5.3500000000 2.4400000000 4.1500000000 
O 6.4000000000 9.7100000000 0.7300000000 
H 7.1500000000 0.0700000000 0.1600000000 
H 6.5800000000 0.1600000000 1.6400000000 
O 0.6700000000 5.3200000000 6.1600000000 
H 9.8400000000 5.7600000000 6.7100000000 
H 1.2000000000 6.1500000000 6.0200000000 
O 0.8900000000 2.4100000000 6.3000000000 
H 0.9800000000 3.3800000000 6.2600000000 
H 1.3800000000 2.1600000000 7.0900000000 
O 9.3000000000 0.3500000000 0.2400000000 
H 9.4900000000 1.3200000000 0.3400000000 
H 0.1800000000 9.8600000000 0.7000000000 
O 4.5400000000 4.4600000000 7.8700000000 
H 5.5500000000 4.3500000000 7.8200000000 
H 4.4300000000 5.0600000000 7.1000000000 
O 8.4300000000 5.5200000000 2.3200000000 
H 9.0300000000 4.8300000000 2.6500000000 
H 8.9100000000 6.3800000000 2.3400000000 
O 0.8000000000 6.1600000000 0.0800000000 
H 0.9100000000 6.5800000000 0.9900000000 
H 1.6900000000 6.1100000000 9.5400000000 
O 4.7800000000 7.7300000000 2.0800000000 
H 4.3400000000 8.3500000000 2.6400000000 
H 5.7000000000 8.1500000000 2.0300000000 
O 0.5600000000 4.3500000000 3.4600000000 
H 1.6000000000 4.2400000000 3.4300000000 
H 0.5400000000 4.8700000000 4.2900000000 
O 4.1200000000 8.6100000000 6.7100000000 
H 3.1400000000 8.8300000000 6.6000000000 
H 4.3000000000 7.6100000000 6.4100000000 
O 7.1500000000 6.9000000000 9.5900000000 
H 7.7700000000 6.9300000000 0.4100000000 
H 6.8200000000 7.8000000000 9.7200000000 
O 8.1900000000 0.6300000000 6.6100000000 
H 7.8800000000 1.1400000000 7.3500000000 
H 8.9100000000 1.2100000000 6.2200000000 
O 7.3700000000 3.0400000000 8.5500000000 
H 6.8500000000 3.3100000000 9.3400000000 
H 8.2900000000 3.0700000000 8.9000000000 
O 3.5700000000 9.6500000000 3.3200000000 
H 2.8200000000 0.0400000000 3.9100000000 
H 4.1100000000 0.6700000000 3.2800000000 
O 1.2800000000 0.3200000000 4.5000000000 
H 1.5500000000 1.0800000000 4.9800000000 
H 0.6500000000 0.6800000000 3.8400000000 
O 8.9400000000 2.3100000000 3.7800000000 
H 9.6000000000 3.0100000000 3.6600000000 
H 8.2100000000 2.8000000000 4.1800000000 
O 3.1900000000 4.7000000000 3.1500000000 
H 3.3700000000 5.2500000000 2.3800000000 
H 3.7700000000 3.9000000000 3.0300000000 
O 1.6500000000 9.2600000000 1.2700000000 
H 2.2100000000 9.3700000000 2.0400000000 
H 2.2800000000 9.5700000000 0.5300000000 
O 2.5200000000 2.5500000000 8.5400000000 
H 3.3800000000 3.0500000000 8.3800000000 
H 2.9000000000 1.6600000000 8.8600000000 
O 3.6500000000 0.0100000000 9.4400000000 
H 3.8100000000 9.4400000000 8.6200000000 
H 4.5200000000 9.8000000000 0.1200000000 
O 6.8800000000 5.5500000000 4.5500000000 
H 6.9100000000 6.5100000000 4.8300000000 
H 7.2900000000 5.5500000000 3.6200000000 
O 6.3100000000 3.1200000000 5.3400000000 
H 6.6300000000 4.0300000000 4.9900000000 
H 6.1800000000 3.2300000000 6.2900000000 
O 9.2900000000 8.0900000000 2.2900000000 
H 8.5500000000 8.5600000000 2.6500000000 
H 0.1600000000 8.7300000000 1.9800000000 
O 9.7200000000 3.5200000000 9.8100000000 
H 9.7400000000 4.5100000000 9.8500000000 
H 0.8400000000 3.4300000000 9.6000000000 
O 1.2500000000 8.1700000000 6.2000000000 
H 1.1300000000 8.8900000000 5.5500000000 
H 0.4500000000 8.1000000000 6.7600000000 
O 4.4200000000 5.9300000000 5.5500000000 
H 3.9900000000 5.6200000000 4.7500000000 
H 5.3300000000 6.1000000000 5.1900000000 
O 6.7800000000 8.3800000000 5.5600000000 
H 7.3100000000 8.9200000000 6.2200000000 
H 5.8700000000 8.4800000000 5.9000000000 
O 6.2700000000 3.6600000000 1.5400000000 
H 5.5700000000 4.3200000000 1.2300000000 
H 7.0500000000 4.2800000000 1.6000000000 
O 8.9400000000 6.7500000000 7.6000000000 
H 9.4100000000 6.5700000000 8.4500000000 
H 7.9800000000 6.8000000000 7.9000000000 
O 4.2400000000 5.3400000000 0.6500000000 
H 4.4600000000 6.3400000000 0.9100000000 
H 4.3600000000 5.3900000000 9.5000000000 
O 7.3700000000 9.8100000000 3.3200000000 
H 7.2100000000 9.2200000000 4.1100000000 
H 7.9100000000 0.7100000000 3.6100000000 

