&CONTROL
/
&SYSTEM
   ntyp             = 2
   nat              = 96
   ibrav            = 0
/
&ELECTRONS
/
&IONS
/
&CELL
/

ATOMIC_SPECIES
O 15.999 None
H 1.008 None

K_POINTS gamma

CELL_PARAMETERS angstrom
9.86520000000000 0.00000000000000 0.00000000000000
0.00000000000000 9.86520000000000 0.00000000000000
0.00000000000000 0.00000000000000 9.86520000000000

ATOMIC_POSITIONS angstrom
O 8.1400000000 7.5200000000 1.3600000000 
H 8.1500000000 7.9000000000 0.4700000000 
H 8.3600000000 6.6000000000 1.2000000000 
O 5.0100000000 0.7500000000 9.4300000000 
H 5.3400000000 1.3000000000 0.2800000000 
H 5.6700000000 1.0800000000 8.7500000000 
O 5.0500000000 7.4700000000 9.4600000000 
H 4.7300000000 8.3900000000 9.7100000000 
H 5.6000000000 7.6700000000 8.6000000000 
O 3.9800000000 6.6600000000 4.3400000000 
H 4.1500000000 6.1700000000 3.5000000000 
H 4.0500000000 6.0100000000 5.0500000000 
O 6.4700000000 3.2700000000 1.4800000000 
H 7.3000000000 3.3900000000 2.0400000000 
H 6.8100000000 3.7000000000 0.7200000000 
O 2.2200000000 3.0400000000 3.8200000000 
H 2.8000000000 2.6500000000 4.4900000000 
H 1.4600000000 2.3600000000 3.6100000000 
O 5.6800000000 8.0700000000 6.9300000000 
H 5.6000000000 8.4700000000 6.0500000000 
H 6.5900000000 8.4200000000 7.3200000000 
O 7.0400000000 1.8700000000 8.1100000000 
H 6.8400000000 2.2200000000 7.1700000000 
H 7.8900000000 1.4400000000 7.8400000000 
O 0.8100000000 3.7200000000 7.4200000000 
H 1.2100000000 4.4200000000 8.0100000000 
H 1.0700000000 4.0500000000 6.5300000000 
O 8.3400000000 8.5000000000 8.3400000000 
H 9.0900000000 8.4000000000 7.7500000000 
H 8.8100000000 9.1200000000 9.0500000000 
O 1.2400000000 8.5600000000 9.3200000000 
H 1.8400000000 8.7600000000 0.2100000000 
H 1.2500000000 7.5600000000 9.2200000000 
O 2.9900000000 0.2100000000 7.4900000000 
H 2.3100000000 9.6100000000 7.9800000000 
H 3.5600000000 0.5700000000 8.2000000000 
O 8.2200000000 9.2100000000 3.5100000000 
H 8.3500000000 8.5400000000 2.8100000000 
H 7.2400000000 9.0700000000 3.7000000000 
O 4.3200000000 4.6800000000 6.3000000000 
H 5.2200000000 4.9000000000 6.6600000000 
H 4.3200000000 3.7200000000 6.2400000000 
O 0.0600000000 1.5200000000 2.7400000000 
H 9.5900000000 1.6500000000 1.8400000000 
H 9.5400000000 0.6300000000 2.8900000000 
O 0.8800000000 5.1500000000 3.1500000000 
H 1.1600000000 5.3900000000 2.2500000000 
H 1.4400000000 4.3300000000 3.1800000000 
O 4.3300000000 1.5700000000 2.5600000000 
H 3.7600000000 2.2600000000 2.9100000000 
H 5.1100000000 2.1300000000 2.3600000000 
O 1.9300000000 8.4300000000 4.4200000000 
H 2.5100000000 7.6900000000 4.6300000000 
H 2.0100000000 8.5700000000 3.4500000000 
O 4.0900000000 1.9500000000 5.7600000000 
H 5.0500000000 1.8100000000 5.5600000000 
H 3.6900000000 1.2100000000 6.2700000000 
O 9.0800000000 1.9700000000 0.1700000000 
H 9.7200000000 2.2100000000 9.3200000000 
H 8.2700000000 2.3200000000 9.6800000000 
O 8.2300000000 4.2800000000 3.4400000000 
H 8.1600000000 4.7400000000 4.3400000000 
H 9.1600000000 4.5300000000 3.1400000000 
O 2.3100000000 9.5600000000 1.8600000000 
H 3.0900000000 0.3700000000 1.8300000000 
H 1.5700000000 0.2600000000 2.0600000000 
O 2.2400000000 5.3900000000 0.2800000000 
H 2.3500000000 5.7000000000 9.2000000000 
H 3.1000000000 5.6600000000 0.6800000000 
O 9.4800000000 1.1900000000 6.9700000000 
H 0.2500000000 0.4600000000 6.7600000000 
H 0.1700000000 2.0100000000 7.0400000000 
O 5.5700000000 9.3300000000 3.9800000000 
H 4.8900000000 0.1500000000 3.6300000000 
H 5.1400000000 8.4500000000 4.0800000000 
O 4.7400000000 5.8100000000 1.8100000000 
H 4.9300000000 6.5500000000 1.1000000000 
H 5.6200000000 5.3600000000 1.9400000000 
O 9.3600000000 5.7600000000 5.3400000000 
H 0.0400000000 5.6900000000 4.5200000000 
H 9.4800000000 6.7000000000 5.6200000000 
O 9.7100000000 8.4500000000 6.0300000000 
H 0.7500000000 8.4200000000 5.6400000000 
H 9.3000000000 8.7500000000 5.2300000000 
O 2.8400000000 6.4100000000 7.7100000000 
H 3.5800000000 7.1100000000 7.7400000000 
H 3.2200000000 5.7300000000 7.0700000000 
O 6.8200000000 1.9800000000 5.4400000000 
H 7.3500000000 1.2000000000 5.2400000000 
H 7.2900000000 2.6000000000 4.9500000000 
O 7.3500000000 4.9200000000 9.4000000000 
H 6.5400000000 5.4200000000 9.1700000000 
H 7.5600000000 4.4300000000 8.5500000000 
O 7.0200000000 5.5200000000 6.7000000000 
H 6.6500000000 6.3800000000 6.4500000000 
H 7.9600000000 5.5800000000 6.3500000000 

