&CONTROL
/
&SYSTEM
   ntyp             = 2
   nat              = 96
   ibrav            = 0
/
&ELECTRONS
/
&IONS
/
&CELL
/

ATOMIC_SPECIES
O 15.999 None
H 1.008 None

K_POINTS gamma

CELL_PARAMETERS angstrom
9.86520000000000 0.00000000000000 0.00000000000000
0.00000000000000 9.86520000000000 0.00000000000000
0.00000000000000 0.00000000000000 9.86520000000000

ATOMIC_POSITIONS angstrom
O 0.6500000000 6.4500000000 2.0300000000 
H 1.4900000000 6.8800000000 1.7300000000 
H 0.8800000000 5.4900000000 2.2800000000 
O 9.3600000000 7.1200000000 7.4200000000 
H 9.4500000000 6.4300000000 6.7500000000 
H 9.2200000000 6.7200000000 8.3500000000 
O 8.5900000000 6.7600000000 0.1400000000 
H 9.0600000000 6.3500000000 0.8500000000 
H 8.9700000000 7.6400000000 0.2400000000 
O 3.0100000000 6.4100000000 5.1000000000 
H 3.5800000000 6.1800000000 5.8700000000 
H 3.7100000000 6.2800000000 4.3500000000 
O 7.3200000000 2.7400000000 0.7500000000 
H 6.4700000000 3.1600000000 1.1200000000 
H 7.3500000000 3.3600000000 9.8300000000 
O 8.6800000000 9.3600000000 6.1800000000 
H 9.0400000000 8.4900000000 6.5200000000 
H 8.8000000000 9.7900000000 7.0500000000 
O 4.9700000000 2.5300000000 3.8500000000 
H 5.4300000000 1.9500000000 4.5700000000 
H 4.0600000000 2.1100000000 3.7100000000 
O 3.0400000000 0.8600000000 0.7800000000 
H 2.6300000000 0.9100000000 1.6900000000 
H 3.8500000000 1.3500000000 0.8900000000 
O 8.9900000000 1.3400000000 8.2800000000 
H 8.4300000000 2.1000000000 8.1200000000 
H 9.4900000000 1.5300000000 9.0600000000 
O 1.5200000000 8.9200000000 4.8000000000 
H 1.8200000000 9.1400000000 5.7100000000 
H 2.2700000000 8.2200000000 4.6700000000 
O 6.6400000000 9.5200000000 2.1800000000 
H 7.1100000000 0.4100000000 2.6200000000 
H 7.3400000000 8.8300000000 2.3600000000 
O 1.9700000000 4.0100000000 2.3900000000 
H 2.5400000000 3.7300000000 1.6500000000 
H 1.8200000000 3.2300000000 2.9600000000 
O 2.1900000000 0.1200000000 7.7100000000 
H 1.4900000000 9.4600000000 8.2000000000 
H 2.9300000000 0.2200000000 8.3600000000 
O 0.1400000000 2.3100000000 5.3500000000 
H 9.5900000000 2.0600000000 4.4800000000 
H 9.3900000000 1.7400000000 5.8700000000 
O 4.4500000000 8.8800000000 3.5300000000 
H 4.9200000000 9.0800000000 4.3700000000 
H 5.1500000000 9.1800000000 2.8800000000 
O 8.8400000000 8.4000000000 3.3200000000 
H 9.4300000000 7.8200000000 2.9100000000 
H 9.3500000000 8.5200000000 4.1900000000 
O 2.3000000000 1.5900000000 3.7100000000 
H 2.3700000000 0.7200000000 4.1300000000 
H 1.7700000000 2.0800000000 4.3400000000 
O 4.6700000000 3.7700000000 7.6200000000 
H 4.7900000000 4.6300000000 7.1300000000 
H 3.7000000000 3.6100000000 7.4200000000 
O 4.3300000000 3.6500000000 0.5400000000 
H 4.6200000000 4.5400000000 0.4900000000 
H 4.3800000000 3.2700000000 9.4800000000 
O 2.2000000000 2.8700000000 7.3900000000 
H 1.9100000000 2.0800000000 7.9200000000 
H 1.5500000000 2.9300000000 6.6400000000 
O 6.2600000000 0.6900000000 5.5400000000 
H 7.0500000000 0.1700000000 5.7300000000 
H 5.8000000000 0.8000000000 6.3900000000 
O 5.6300000000 6.2400000000 6.5500000000 
H 6.3900000000 6.3600000000 5.9600000000 
H 5.7500000000 6.7600000000 7.4000000000 
O 7.4200000000 4.3500000000 8.4900000000 
H 7.5800000000 5.2000000000 8.9300000000 
H 6.4900000000 4.3700000000 8.2500000000 
O 3.4700000000 7.3600000000 1.8300000000 
H 3.7400000000 8.1000000000 2.4400000000 
H 4.0100000000 6.6700000000 2.2900000000 
O 5.9000000000 1.4500000000 8.5000000000 
H 6.1200000000 1.9700000000 9.2600000000 
H 5.4800000000 2.1100000000 7.8800000000 
O 8.2100000000 1.6100000000 3.3700000000 
H 7.3400000000 1.5300000000 3.8000000000 
H 8.1200000000 2.2400000000 2.6400000000 
O 4.2000000000 6.4000000000 9.3200000000 
H 3.6700000000 6.6500000000 0.2600000000 
H 4.6200000000 7.2900000000 9.2400000000 
O 0.3200000000 9.5400000000 0.5600000000 
H 0.1900000000 9.6300000000 1.5300000000 
H 1.2300000000 9.8600000000 0.4100000000 
O 0.3600000000 5.4500000000 5.2100000000 
H 0.5600000000 4.5000000000 5.2300000000 
H 1.3100000000 5.6900000000 5.1800000000 
O 7.3500000000 6.2400000000 4.4500000000 
H 8.3000000000 5.9700000000 4.5600000000 
H 7.4800000000 7.0300000000 3.9400000000 
O 4.8700000000 5.5100000000 3.2000000000 
H 5.7900000000 5.7200000000 3.4500000000 
H 4.8200000000 4.6100000000 3.5600000000 
O 5.8000000000 8.4000000000 8.6300000000 
H 5.8800000000 9.3100000000 8.2600000000 
H 6.4000000000 8.4200000000 9.4400000000 

