&CONTROL
/
&SYSTEM
   ntyp             = 2
   nat              = 96
   ibrav            = 0
/
&ELECTRONS
/
&IONS
/
&CELL
/

ATOMIC_SPECIES
O 15.999 None
H 1.008 None

K_POINTS gamma

CELL_PARAMETERS angstrom
9.86520000000000 0.00000000000000 0.00000000000000
0.00000000000000 9.86520000000000 0.00000000000000
0.00000000000000 0.00000000000000 9.86520000000000

ATOMIC_POSITIONS angstrom
O 0.8500000000 1.0500000000 7.4400000000 
H 1.2900000000 0.4500000000 6.8300000000 
H 0.9300000000 0.6800000000 8.3200000000 
O 6.5900000000 9.2800000000 7.4200000000 
H 7.3300000000 0.1200000000 7.3500000000 
H 7.1200000000 8.6700000000 7.9600000000 
O 7.7300000000 9.0700000000 0.9000000000 
H 8.5700000000 9.5900000000 0.6500000000 
H 7.8700000000 8.7600000000 1.8100000000 
O 2.6500000000 8.7300000000 8.6000000000 
H 2.7000000000 7.9100000000 8.1500000000 
H 3.0700000000 8.4800000000 9.4400000000 
O 7.4900000000 8.3700000000 3.3500000000 
H 7.7900000000 9.0400000000 4.0600000000 
H 7.1500000000 7.6800000000 4.0200000000 
O 3.1200000000 6.4100000000 7.0000000000 
H 4.0200000000 6.4200000000 7.5100000000 
H 2.9700000000 5.5300000000 6.6800000000 
O 5.5700000000 6.4800000000 8.4500000000 
H 6.0300000000 5.6300000000 8.2100000000 
H 6.3500000000 6.9300000000 8.8100000000 
O 8.2400000000 1.1600000000 3.6800000000 
H 8.1800000000 1.3800000000 2.7300000000 
H 7.3500000000 1.3000000000 4.0100000000 
O 8.7200000000 4.3200000000 8.5400000000 
H 8.7400000000 5.3200000000 8.5100000000 
H 9.1800000000 4.1400000000 7.7200000000 
O 5.7500000000 1.7700000000 4.7100000000 
H 5.8900000000 2.7200000000 4.5900000000 
H 5.7200000000 1.7300000000 5.6600000000 
O 8.0600000000 1.5900000000 7.0400000000 
H 9.0600000000 1.5800000000 7.3700000000 
H 8.2500000000 2.2300000000 6.3000000000 
O 4.3600000000 1.0700000000 7.6200000000 
H 3.7200000000 0.6200000000 8.2300000000 
H 5.1700000000 0.4600000000 7.5500000000 
O 8.5200000000 4.5800000000 3.4500000000 
H 8.4200000000 4.1000000000 2.6400000000 
H 9.2100000000 5.2300000000 3.2900000000 
O 3.2100000000 3.7100000000 6.5300000000 
H 3.0000000000 3.7800000000 5.5600000000 
H 3.5300000000 2.7600000000 6.5900000000 
O 8.4400000000 7.2600000000 8.3800000000 
H 8.7300000000 7.7000000000 9.2000000000 
H 9.1700000000 7.3400000000 7.7100000000 
O 5.8600000000 1.4500000000 1.5700000000 
H 6.2400000000 2.1600000000 0.9300000000 
H 6.4800000000 0.7100000000 1.4100000000 
O 6.3600000000 4.5800000000 5.2700000000 
H 5.7700000000 5.4000000000 5.2200000000 
H 7.1800000000 4.7400000000 4.6700000000 
O 3.8500000000 8.2200000000 1.2500000000 
H 4.7800000000 7.9900000000 0.8800000000 
H 4.0500000000 8.5500000000 2.1800000000 
O 1.7200000000 6.3100000000 0.7900000000 
H 2.1300000000 5.6600000000 0.1200000000 
H 2.5300000000 6.8900000000 0.9200000000 
O 0.5900000000 6.7100000000 3.1300000000 
H 0.7900000000 6.6000000000 2.1300000000 
H 0.6900000000 7.6900000000 3.2200000000 
O 3.1300000000 5.0000000000 3.7800000000 
H 3.4700000000 4.5100000000 3.0000000000 
H 2.3000000000 5.4100000000 3.4400000000 
O 2.5900000000 1.5000000000 3.6100000000 
H 3.2500000000 0.8000000000 3.5300000000 
H 3.0500000000 2.2300000000 3.1100000000 
O 4.4500000000 9.3500000000 3.8700000000 
H 5.0100000000 8.6100000000 4.2000000000 
H 4.8100000000 0.3000000000 4.3400000000 
O 6.0700000000 3.4500000000 8.2700000000 
H 7.0300000000 3.4000000000 8.1000000000 
H 5.5900000000 2.9400000000 7.5700000000 
O 3.6200000000 3.1400000000 1.8800000000 
H 4.4100000000 2.5300000000 1.6600000000 
H 3.2100000000 3.4700000000 1.0200000000 
O 8.6000000000 2.2700000000 1.0800000000 
H 9.4000000000 1.7400000000 1.1600000000 
H 8.8000000000 3.0100000000 0.4400000000 
O 0.6400000000 0.1300000000 0.6200000000 
H 0.8400000000 9.5300000000 1.4100000000 
H 1.2900000000 9.5900000000 0.0200000000 
O 9.2900000000 3.5000000000 5.6900000000 
H 0.2000000000 2.9400000000 5.5200000000 
H 9.0800000000 4.0000000000 4.8200000000 
O 0.6400000000 9.5500000000 3.3700000000 
H 9.6900000000 0.2300000000 3.5100000000 
H 1.3100000000 0.4100000000 3.7000000000 
O 0.4200000000 7.3400000000 6.5200000000 
H 1.4000000000 7.1900000000 6.4700000000 
H 0.2000000000 7.3400000000 5.5600000000 
O 3.2400000000 4.4300000000 9.3400000000 
H 2.8900000000 4.1600000000 8.4500000000 
H 4.2100000000 4.5500000000 9.2500000000 
O 5.7200000000 7.6200000000 5.5900000000 
H 4.7400000000 7.5700000000 5.8100000000 
H 5.9900000000 8.1900000000 6.3500000000 

