&CONTROL
/
&SYSTEM
   ntyp             = 2
   nat              = 96
   ibrav            = 0
/
&ELECTRONS
/
&IONS
/
&CELL
/

ATOMIC_SPECIES
O 15.999 None
H 1.008 None

K_POINTS gamma

CELL_PARAMETERS angstrom
9.86520000000000 0.00000000000000 0.00000000000000
0.00000000000000 9.86520000000000 0.00000000000000
0.00000000000000 0.00000000000000 9.86520000000000

ATOMIC_POSITIONS angstrom
O 4.4200000000 8.8300000000 8.5600000000 
H 5.1300000000 9.5100000000 8.3800000000 
H 4.1600000000 8.6100000000 7.6800000000 
O 1.2000000000 9.0400000000 7.7000000000 
H 1.8800000000 8.4800000000 7.3400000000 
H 1.6000000000 0.0800000000 7.7500000000 
O 5.8300000000 6.1100000000 5.1500000000 
H 5.8000000000 5.8700000000 4.1700000000 
H 6.5500000000 6.7200000000 5.2100000000 
O 0.2800000000 2.4100000000 4.2300000000 
H 0.3500000000 3.1900000000 3.6200000000 
H 1.2700000000 2.3100000000 4.2800000000 
O 5.4100000000 5.3700000000 2.4700000000 
H 5.7300000000 5.9500000000 1.7200000000 
H 6.0700000000 4.7500000000 2.6700000000 
O 5.0100000000 3.4600000000 8.4300000000 
H 4.3800000000 3.3500000000 7.6900000000 
H 5.2500000000 4.3400000000 8.2600000000 
O 8.3400000000 3.5000000000 5.9900000000 
H 7.4300000000 3.1400000000 5.6700000000 
H 8.9700000000 2.9000000000 5.4700000000 
O 0.5500000000 9.6500000000 0.4600000000 
H 1.0600000000 8.8800000000 0.7400000000 
H 0.4500000000 9.3500000000 9.3400000000 
O 0.2300000000 6.3900000000 9.1200000000 
H 0.1600000000 5.4600000000 8.6700000000 
H 9.8200000000 7.0100000000 8.4000000000 
O 8.3300000000 6.6700000000 1.5500000000 
H 8.9100000000 6.6300000000 0.7500000000 
H 7.4700000000 7.0100000000 1.2500000000 
O 3.6900000000 7.9400000000 5.8900000000 
H 3.7600000000 8.5600000000 5.1100000000 
H 4.0800000000 7.1800000000 5.4100000000 
O 6.4000000000 6.0400000000 7.8800000000 
H 7.1700000000 6.6700000000 7.7400000000 
H 6.3500000000 5.5300000000 7.0000000000 
O 9.4300000000 9.7200000000 3.0700000000 
H 9.7100000000 0.6100000000 3.6000000000 
H 0.1800000000 9.6100000000 2.3300000000 
O 3.3800000000 1.8000000000 0.9200000000 
H 4.1500000000 2.1900000000 0.4600000000 
H 2.8000000000 1.5600000000 0.2100000000 
O 7.6200000000 3.6700000000 2.6600000000 
H 8.4900000000 4.1100000000 2.9000000000 
H 7.9700000000 3.1700000000 1.8800000000 
O 1.9700000000 1.6500000000 8.3100000000 
H 1.5100000000 2.4500000000 8.7400000000 
H 2.5700000000 2.0500000000 7.6100000000 
O 4.0300000000 9.2500000000 3.3400000000 
H 3.3800000000 9.0200000000 2.5700000000 
H 4.8800000000 9.5000000000 2.9100000000 
O 2.4700000000 8.0500000000 1.3500000000 
H 2.9000000000 7.8500000000 0.5200000000 
H 2.5100000000 7.1300000000 1.8100000000 
O 3.2200000000 3.0400000000 6.3500000000 
H 2.7700000000 3.9000000000 6.1700000000 
H 3.3000000000 2.7200000000 5.4300000000 
O 3.0500000000 1.9600000000 3.8100000000 
H 3.1000000000 2.0300000000 2.7900000000 
H 3.6100000000 1.0900000000 3.8300000000 
O 8.2900000000 7.4500000000 4.4100000000 
H 9.0000000000 8.1100000000 4.3600000000 
H 7.9800000000 7.3000000000 3.4400000000 
O 2.2800000000 5.4100000000 5.2700000000 
H 1.3700000000 5.5900000000 5.5000000000 
H 2.7100000000 6.0800000000 5.7900000000 
O 6.5900000000 0.4900000000 3.0500000000 
H 7.4300000000 9.8400000000 3.0200000000 
H 6.7200000000 1.2500000000 2.4600000000 
O 8.3400000000 8.3600000000 7.7400000000 
H 9.0600000000 8.9000000000 7.3800000000 
H 7.6600000000 9.0600000000 7.8800000000 
O 0.2600000000 4.6100000000 2.5600000000 
H 9.5600000000 5.3700000000 2.3300000000 
H 1.1600000000 5.0400000000 2.4700000000 
O 9.6700000000 5.6400000000 6.0500000000 
H 9.2100000000 6.3200000000 5.5300000000 
H 9.1700000000 4.8100000000 5.9100000000 
O 6.2500000000 1.7900000000 5.3000000000 
H 5.3700000000 2.0500000000 4.9600000000 
H 6.5700000000 1.1600000000 4.6300000000 
O 8.7900000000 2.2700000000 0.6800000000 
H 9.4800000000 2.9200000000 0.8800000000 
H 9.2300000000 1.3500000000 0.7100000000 
O 6.3400000000 0.8700000000 8.3200000000 
H 6.2300000000 1.7800000000 8.8100000000 
H 6.3000000000 1.1800000000 7.4100000000 
O 5.7500000000 7.2400000000 0.4100000000 
H 5.9900000000 6.6900000000 9.5200000000 
H 5.2200000000 7.8900000000 9.8100000000 
O 9.6100000000 3.7300000000 8.6000000000 
H 9.2200000000 3.0100000000 9.1200000000 
H 9.0800000000 3.8300000000 7.8200000000 
O 2.6000000000 5.7000000000 2.6800000000 
H 2.4600000000 5.5300000000 3.6700000000 
H 3.4700000000 5.2900000000 2.4700000000 

