&CONTROL
/
&SYSTEM
   ntyp             = 2
   nat              = 96
   ibrav            = 0
/
&ELECTRONS
/
&IONS
/
&CELL
/

ATOMIC_SPECIES
O 15.999 None
H 1.008 None

K_POINTS gamma

CELL_PARAMETERS angstrom
9.86520000000000 0.00000000000000 0.00000000000000
0.00000000000000 9.86520000000000 0.00000000000000
0.00000000000000 0.00000000000000 9.86520000000000

ATOMIC_POSITIONS angstrom
O 9.7500000000 4.4000000000 5.9900000000 
H 0.6400000000 3.9100000000 6.4800000000 
H 9.4900000000 5.0300000000 6.7300000000 
O 9.3100000000 7.2200000000 3.7300000000 
H 9.5600000000 6.4800000000 4.2400000000 
H 0.3500000000 7.5400000000 3.4200000000 
O 1.7400000000 1.5800000000 8.9800000000 
H 2.0000000000 2.3300000000 8.4200000000 
H 2.4400000000 0.9400000000 8.7500000000 
O 7.1800000000 5.3800000000 1.9600000000 
H 7.5300000000 5.1600000000 2.8100000000 
H 6.8700000000 6.3000000000 2.1000000000 
O 7.5900000000 4.2200000000 4.3400000000 
H 8.3000000000 4.3200000000 5.0500000000 
H 7.3100000000 3.2500000000 4.5500000000 
O 7.6100000000 8.3900000000 1.4300000000 
H 8.1500000000 8.0300000000 2.2000000000 
H 8.4200000000 8.7900000000 1.0300000000 
O 1.5300000000 4.3700000000 3.6800000000 
H 1.1300000000 4.1900000000 4.5800000000 
H 2.1400000000 5.1000000000 3.8100000000 
O 9.8600000000 9.2800000000 0.1100000000 
H 0.4500000000 8.6700000000 9.2900000000 
H 0.2700000000 0.3200000000 9.6300000000 
O 4.3700000000 7.5600000000 8.1800000000 
H 4.3900000000 8.5100000000 8.0400000000 
H 5.3000000000 7.3500000000 8.3500000000 
O 6.1500000000 0.5000000000 0.7200000000 
H 6.5700000000 9.5400000000 0.9300000000 
H 6.7800000000 1.2200000000 0.8700000000 
O 4.3500000000 0.7200000000 8.4600000000 
H 4.9600000000 0.9200000000 7.7200000000 
H 5.0100000000 0.4100000000 9.2100000000 
O 7.3000000000 1.5000000000 4.6400000000 
H 6.9900000000 0.5700000000 4.7800000000 
H 7.9800000000 1.4200000000 3.9000000000 
O 9.7200000000 2.4000000000 3.1400000000 
H 0.8100000000 1.9900000000 3.0400000000 
H 0.2600000000 3.2600000000 3.3400000000 
O 2.2700000000 1.6600000000 2.2700000000 
H 3.1900000000 1.6400000000 2.4500000000 
H 2.2300000000 2.0400000000 1.3700000000 
O 5.8500000000 8.8300000000 5.4200000000 
H 6.2200000000 9.1200000000 6.2800000000 
H 6.0900000000 7.8500000000 5.3300000000 
O 5.5900000000 6.2100000000 4.5500000000 
H 6.1900000000 5.3900000000 4.5100000000 
H 4.8500000000 5.8900000000 3.9600000000 
O 7.3900000000 9.2800000000 7.9600000000 
H 7.5900000000 0.3700000000 8.1500000000 
H 7.8500000000 8.8600000000 8.7600000000 
O 1.5300000000 8.0800000000 8.0300000000 
H 2.3600000000 7.7800000000 8.4600000000 
H 1.7600000000 8.2500000000 7.0500000000 
O 3.0100000000 9.6800000000 5.2300000000 
H 3.4900000000 0.6600000000 5.1800000000 
H 3.7400000000 9.0300000000 5.1600000000 
O 6.5400000000 5.9300000000 8.9400000000 
H 7.3700000000 6.1400000000 8.4200000000 
H 6.9200000000 5.7100000000 9.8400000000 
O 3.3500000000 6.4700000000 2.9600000000 
H 2.7100000000 7.1600000000 2.8500000000 
H 3.7000000000 6.4700000000 2.0300000000 
O 2.3300000000 3.3800000000 6.8800000000 
H 2.7500000000 4.2800000000 6.9000000000 
H 2.9500000000 2.9100000000 6.2800000000 
O 1.6100000000 8.5300000000 2.8000000000 
H 0.9200000000 9.1200000000 2.2900000000 
H 1.9800000000 9.1900000000 3.4000000000 
O 0.8300000000 5.6000000000 0.6100000000 
H 0.9200000000 5.3900000000 1.6000000000 
H 1.6900000000 5.6500000000 0.2900000000 
O 3.6500000000 5.3800000000 0.1600000000 
H 3.8900000000 4.4700000000 0.1200000000 
H 4.4900000000 5.7600000000 9.7000000000 
O 8.3000000000 1.9200000000 8.4400000000 
H 8.2200000000 2.2900000000 9.3200000000 
H 9.2900000000 1.9000000000 8.3300000000 
O 4.7700000000 1.9600000000 5.6400000000 
H 5.6500000000 1.9500000000 5.1300000000 
H 5.0000000000 2.5800000000 6.3600000000 
O 6.0700000000 3.2900000000 7.4800000000 
H 6.3100000000 4.1700000000 7.8300000000 
H 6.9000000000 2.8500000000 7.6800000000 
O 3.6400000000 5.6900000000 6.4200000000 
H 3.9300000000 6.3600000000 7.0800000000 
H 4.3400000000 5.7100000000 5.7600000000 
O 7.9100000000 2.8000000000 1.1800000000 
H 8.5300000000 2.7000000000 1.8800000000 
H 7.4500000000 3.5900000000 1.5000000000 
O 4.4800000000 2.7500000000 0.4600000000 
H 4.2600000000 2.2200000000 9.5500000000 
H 5.0800000000 2.1000000000 0.9500000000 
O 9.1900000000 6.4400000000 8.3800000000 
H 9.8100000000 7.2200000000 8.2800000000 
H 9.3100000000 6.1700000000 9.3500000000 

