&CONTROL
/
&SYSTEM
   ntyp             = 2
   nat              = 96
   ibrav            = 0
/
&ELECTRONS
/
&IONS
/
&CELL
/

ATOMIC_SPECIES
O 15.999 None
H 1.008 None

K_POINTS gamma

CELL_PARAMETERS angstrom
9.86520000000000 0.00000000000000 0.00000000000000
0.00000000000000 9.86520000000000 0.00000000000000
0.00000000000000 0.00000000000000 9.86520000000000

ATOMIC_POSITIONS angstrom
O 2.4800000000 9.1300000000 8.0400000000 
H 1.7900000000 9.6000000000 7.5000000000 
H 3.3100000000 9.1400000000 7.3900000000 
O 0.9900000000 0.3400000000 5.8800000000 
H 0.3900000000 0.3900000000 5.0800000000 
H 1.4200000000 1.2500000000 5.8700000000 
O 4.2400000000 4.6800000000 4.3900000000 
H 4.6100000000 5.6300000000 4.4000000000 
H 5.0500000000 4.2100000000 4.6400000000 
O 6.7600000000 3.7300000000 4.5300000000 
H 7.1100000000 4.0300000000 3.7200000000 
H 7.1800000000 2.9100000000 4.4100000000 
O 3.4900000000 7.1600000000 2.3600000000 
H 3.5300000000 8.0900000000 1.9500000000 
H 4.4100000000 6.9600000000 2.1800000000 
O 5.5000000000 4.7000000000 9.3000000000 
H 4.6100000000 4.4300000000 9.0500000000 
H 5.9800000000 4.9100000000 8.4200000000 
O 6.9700000000 5.3300000000 6.6300000000 
H 6.9900000000 4.7700000000 5.8400000000 
H 7.9100000000 5.2000000000 6.9500000000 
O 9.3400000000 7.9700000000 2.4200000000 
H 8.4300000000 7.7900000000 2.2200000000 
H 9.7500000000 7.5200000000 1.6800000000 
O 1.0600000000 6.4700000000 9.2100000000 
H 1.7000000000 6.1100000000 8.5500000000 
H 1.0000000000 7.3900000000 8.9500000000 
O 7.2500000000 4.0400000000 1.5000000000 
H 8.1900000000 4.3800000000 1.6300000000 
H 6.7600000000 4.5900000000 0.8700000000 
O 4.7200000000 8.0400000000 6.5400000000 
H 5.0400000000 7.6900000000 5.6800000000 
H 5.5100000000 8.2800000000 6.9800000000 
O 7.0500000000 7.4100000000 8.3700000000 
H 7.8900000000 7.6800000000 7.9700000000 
H 6.9900000000 6.6500000000 7.7800000000 
O 9.4400000000 0.5900000000 3.5700000000 
H 0.0400000000 1.1800000000 2.9400000000 
H 9.4400000000 9.5700000000 3.0900000000 
O 3.5900000000 2.4300000000 0.4500000000 
H 3.2800000000 3.0800000000 1.1200000000 
H 3.2600000000 2.7900000000 9.4700000000 
O 6.2800000000 1.6400000000 1.0100000000 
H 6.8500000000 2.5000000000 1.3200000000 
H 5.3500000000 1.9600000000 1.0900000000 
O 2.7300000000 3.7000000000 8.1300000000 
H 1.9400000000 3.1400000000 7.9800000000 
H 2.7600000000 4.2600000000 7.3500000000 
O 6.1600000000 7.1000000000 4.3400000000 
H 6.8300000000 6.5400000000 4.7300000000 
H 6.6500000000 7.6300000000 3.5700000000 
O 3.1500000000 9.4700000000 0.9100000000 
H 3.2500000000 0.5800000000 0.7700000000 
H 3.1000000000 9.2200000000 9.8500000000 
O 2.4100000000 2.7600000000 5.3800000000 
H 2.7600000000 3.6800000000 5.1900000000 
H 2.9600000000 2.2900000000 4.6900000000 
O 3.8700000000 1.4000000000 3.3100000000 
H 3.6400000000 0.6600000000 2.7600000000 
H 4.8700000000 1.4100000000 3.2200000000 
O 1.5800000000 6.6800000000 4.1000000000 
H 2.3300000000 6.9300000000 3.5000000000 
H 0.8800000000 7.3500000000 3.9500000000 
O 2.6700000000 6.2500000000 6.8800000000 
H 2.5200000000 6.4800000000 5.9300000000 
H 3.4900000000 6.8200000000 7.0100000000 
O 6.5700000000 0.4600000000 3.7700000000 
H 7.5800000000 0.5200000000 3.8400000000 
H 6.5000000000 0.1800000000 2.8600000000 
O 9.1800000000 8.6200000000 7.4400000000 
H 0.0500000000 9.0900000000 6.9700000000 
H 8.7600000000 9.4000000000 7.9100000000 
O 9.7200000000 5.2800000000 1.4000000000 
H 0.4000000000 5.4900000000 0.5600000000 
H 0.5700000000 4.9100000000 2.0000000000 
O 9.6600000000 5.3600000000 6.4300000000 
H 0.4500000000 5.4000000000 5.7300000000 
H 0.2200000000 6.0000000000 7.0500000000 
O 5.5300000000 1.2000000000 6.4300000000 
H 5.6600000000 1.0300000000 5.4700000000 
H 4.5900000000 1.4700000000 6.5000000000 
O 0.7000000000 1.9500000000 1.5800000000 
H 0.8900000000 1.5100000000 0.7200000000 
H 1.4400000000 2.6200000000 1.8300000000 
O 7.8500000000 1.3400000000 8.4500000000 
H 7.2900000000 1.4900000000 9.2700000000 
H 7.1700000000 1.3900000000 7.7300000000 
O 6.7200000000 8.3000000000 1.4600000000 
H 6.5900000000 7.7500000000 0.6300000000 
H 6.7300000000 9.2400000000 1.0700000000 
O 0.2700000000 2.5000000000 7.9600000000 
H 9.8300000000 3.2600000000 7.4600000000 
H 9.3300000000 1.9800000000 8.2400000000 
O 2.3500000000 4.4300000000 2.3200000000 
H 2.9900000000 4.5800000000 3.0400000000 
H 2.4100000000 5.3600000000 2.1200000000 

