&CONTROL
/
&SYSTEM
   ntyp             = 2
   nat              = 96
   ibrav            = 0
/
&ELECTRONS
/
&IONS
/
&CELL
/

ATOMIC_SPECIES
O 15.999 None
H 1.008 None

K_POINTS gamma

CELL_PARAMETERS angstrom
9.86520000000000 0.00000000000000 0.00000000000000
0.00000000000000 9.86520000000000 0.00000000000000
0.00000000000000 0.00000000000000 9.86520000000000

ATOMIC_POSITIONS angstrom
O 4.4100000000 7.5200000000 3.0900000000 
H 5.0100000000 7.9800000000 3.7400000000 
H 4.7600000000 6.5900000000 3.3100000000 
O 6.7200000000 4.2600000000 8.6600000000 
H 6.5700000000 4.6900000000 9.5100000000 
H 7.1400000000 5.0000000000 8.2100000000 
O 7.4200000000 3.4700000000 4.3100000000 
H 8.1300000000 4.1300000000 4.4300000000 
H 7.8800000000 2.6600000000 4.0700000000 
O 5.3800000000 5.2200000000 4.2900000000 
H 5.8900000000 4.3500000000 4.1800000000 
H 5.7900000000 5.7200000000 5.0900000000 
O 2.3600000000 3.1900000000 1.7400000000 
H 2.3100000000 2.5100000000 1.0000000000 
H 3.1500000000 2.7700000000 2.2500000000 
O 2.6600000000 2.8300000000 5.8000000000 
H 3.3400000000 3.1300000000 6.4600000000 
H 2.8500000000 1.8400000000 5.7700000000 
O 4.0300000000 3.5300000000 7.9500000000 
H 4.9500000000 3.7400000000 8.1000000000 
H 3.8600000000 2.8600000000 8.6100000000 
O 6.4100000000 8.4300000000 4.8400000000 
H 6.4700000000 8.7400000000 5.7100000000 
H 7.1900000000 8.8700000000 4.4700000000 
O 2.7500000000 0.2300000000 5.4300000000 
H 2.2000000000 9.4100000000 4.8900000000 
H 3.0400000000 9.4900000000 6.1500000000 
O 4.2300000000 1.4300000000 3.2100000000 
H 4.4900000000 1.4600000000 4.1800000000 
H 3.5600000000 0.7500000000 3.1300000000 
O 8.8000000000 1.2000000000 3.6700000000 
H 8.9800000000 0.2100000000 3.6200000000 
H 9.7500000000 1.4800000000 3.7400000000 
O 5.5800000000 1.1900000000 0.7100000000 
H 4.7300000000 1.2600000000 0.1900000000 
H 5.2400000000 1.1500000000 1.6300000000 
O 8.2600000000 1.6700000000 0.2900000000 
H 7.2800000000 1.6000000000 0.2700000000 
H 8.4000000000 1.2800000000 1.1300000000 
O 2.6400000000 1.5200000000 9.5700000000 
H 1.7300000000 1.7300000000 9.2300000000 
H 2.4900000000 0.5600000000 9.5800000000 
O 7.6100000000 8.0800000000 0.6000000000 
H 6.9900000000 7.3700000000 0.5400000000 
H 7.9500000000 8.2400000000 1.4400000000 
O 2.5300000000 5.1700000000 4.6400000000 
H 2.6500000000 4.3300000000 5.1400000000 
H 3.3700000000 5.1700000000 4.1400000000 
O 0.7200000000 5.2900000000 7.8200000000 
H 1.6600000000 5.5200000000 8.1000000000 
H 0.3200000000 5.0300000000 8.6700000000 
O 9.3900000000 8.3000000000 5.6100000000 
H 0.4500000000 7.9800000000 5.7800000000 
H 9.2600000000 8.7300000000 6.4800000000 
O 9.4300000000 8.5400000000 2.7900000000 
H 0.5500000000 8.5800000000 2.6400000000 
H 9.2400000000 7.9900000000 3.5800000000 
O 2.1700000000 7.4700000000 6.0000000000 
H 2.3600000000 6.7000000000 5.3200000000 
H 2.5800000000 7.1100000000 6.7900000000 
O 6.4900000000 9.3500000000 7.3100000000 
H 5.7300000000 9.6500000000 7.8800000000 
H 6.9400000000 0.3200000000 7.0400000000 
O 2.1000000000 8.5900000000 9.5200000000 
H 1.1400000000 8.4900000000 9.2800000000 
H 2.4300000000 7.7100000000 9.3600000000 
O 7.0000000000 5.3300000000 1.2600000000 
H 7.8500000000 4.9500000000 1.1600000000 
H 6.7800000000 5.2400000000 2.2200000000 
O 0.4200000000 1.4000000000 7.5800000000 
H 9.4400000000 1.8100000000 7.4900000000 
H 0.8700000000 1.7200000000 6.7400000000 
O 9.6500000000 4.0400000000 0.3100000000 
H 0.5000000000 3.8400000000 0.9800000000 
H 9.2400000000 3.2000000000 0.0600000000 
O 9.3900000000 8.4900000000 8.4700000000 
H 9.3100000000 9.4900000000 8.4500000000 
H 8.6800000000 8.3400000000 9.1300000000 
O 2.8500000000 5.7600000000 1.0000000000 
H 2.8000000000 6.3300000000 1.7900000000 
H 2.7900000000 4.8500000000 1.4100000000 
O 2.4400000000 8.9800000000 2.5900000000 
H 3.1700000000 8.2700000000 2.6800000000 
H 2.4700000000 8.9800000000 1.6000000000 
O 7.5500000000 6.4200000000 7.2500000000 
H 8.3100000000 6.6400000000 6.6900000000 
H 7.1000000000 7.1900000000 7.6600000000 
O 7.0300000000 2.0900000000 6.6900000000 
H 7.1200000000 2.9200000000 7.2700000000 
H 7.3000000000 2.3800000000 5.8100000000 
O 9.5500000000 5.0600000000 5.0200000000 
H 0.6000000000 5.2100000000 4.6000000000 
H 9.7300000000 4.7800000000 5.9400000000 
O 3.2200000000 6.1100000000 8.2900000000 
H 3.1100000000 5.9500000000 9.2500000000 
H 3.8300000000 5.4100000000 8.0900000000 

