&CONTROL
/
&SYSTEM
   ntyp             = 2
   nat              = 96
   ibrav            = 0
/
&ELECTRONS
/
&IONS
/
&CELL
/

ATOMIC_SPECIES
O 15.999 None
H 1.008 None

K_POINTS gamma

CELL_PARAMETERS angstrom
9.86520000000000 0.00000000000000 0.00000000000000
0.00000000000000 9.86520000000000 0.00000000000000
0.00000000000000 0.00000000000000 9.86520000000000

ATOMIC_POSITIONS angstrom
O 2.5100000000 4.5200000000 8.9700000000 
H 3.5400000000 4.3500000000 8.9400000000 
H 2.5300000000 4.6500000000 0.0600000000 
O 1.5000000000 2.6000000000 4.6000000000 
H 2.3900000000 2.4200000000 4.1900000000 
H 1.3000000000 3.5600000000 4.5500000000 
O 6.4300000000 0.4100000000 5.2200000000 
H 6.2000000000 0.8500000000 4.3600000000 
H 6.5000000000 9.2800000000 5.0300000000 
O 9.2800000000 0.9400000000 1.7000000000 
H 8.3400000000 0.4400000000 1.6100000000 
H 9.5900000000 0.9100000000 0.7700000000 
O 2.2900000000 5.1500000000 1.6500000000 
H 1.5800000000 5.2900000000 2.2800000000 
H 3.1200000000 5.2900000000 2.1700000000 
O 8.2900000000 3.4200000000 3.2000000000 
H 8.8900000000 2.5800000000 3.0200000000 
H 7.4200000000 2.9400000000 3.3500000000 
O 0.9100000000 8.8300000000 2.3600000000 
H 0.4100000000 8.0800000000 1.9200000000 
H 0.3300000000 9.6200000000 2.3100000000 
O 2.8000000000 0.2500000000 9.7900000000 
H 3.0000000000 0.0500000000 8.8500000000 
H 1.8200000000 0.5300000000 9.6500000000 
O 4.9600000000 3.5900000000 9.2700000000 
H 5.8300000000 3.1900000000 9.0100000000 
H 5.0800000000 3.7000000000 0.3600000000 
O 5.9800000000 7.4600000000 2.6700000000 
H 6.5800000000 7.8500000000 3.3600000000 
H 5.0100000000 7.8200000000 2.7800000000 
O 3.4600000000 5.4000000000 4.4800000000 
H 2.5400000000 5.2900000000 4.8700000000 
H 4.0300000000 5.5400000000 5.2600000000 
O 6.0100000000 6.4000000000 9.2500000000 
H 5.1800000000 6.8800000000 9.6100000000 
H 5.9500000000 5.5500000000 9.6900000000 
O 8.4000000000 7.5700000000 8.1400000000 
H 7.6600000000 6.9900000000 8.5000000000 
H 8.4000000000 7.3600000000 7.2200000000 
O 0.5500000000 5.1200000000 4.0000000000 
H 0.2400000000 6.0200000000 4.3600000000 
H 9.6200000000 4.6300000000 3.6500000000 
O 6.3500000000 1.3300000000 2.5600000000 
H 5.4700000000 1.7300000000 2.2500000000 
H 6.4300000000 0.4800000000 2.0300000000 
O 0.2500000000 7.1100000000 0.4200000000 
H 9.7300000000 7.4000000000 9.4100000000 
H 9.8200000000 6.1400000000 0.2800000000 
O 2.4800000000 2.2300000000 7.1600000000 
H 2.2200000000 2.7600000000 6.3900000000 
H 3.0000000000 2.8900000000 7.6700000000 
O 3.3000000000 1.7900000000 2.4000000000 
H 3.1000000000 1.0600000000 1.7400000000 
H 2.7000000000 2.4300000000 2.0700000000 
O 5.5000000000 5.3800000000 6.6100000000 
H 5.9000000000 4.4800000000 6.7500000000 
H 5.6300000000 5.7900000000 7.5400000000 
O 8.4900000000 1.1400000000 6.9000000000 
H 7.7100000000 0.5900000000 6.6300000000 
H 9.2100000000 0.7700000000 6.3400000000 
O 2.1600000000 6.6000000000 6.6500000000 
H 2.5900000000 7.5300000000 6.6900000000 
H 2.4200000000 6.1300000000 7.4600000000 
O 3.3800000000 8.2700000000 3.3700000000 
H 2.4800000000 8.5200000000 3.0400000000 
H 3.3400000000 7.3000000000 3.4800000000 
O 6.7700000000 7.5600000000 5.4600000000 
H 6.3200000000 6.7900000000 5.8500000000 
H 7.6900000000 7.3600000000 5.2500000000 
O 9.4400000000 4.5100000000 9.6000000000 
H 9.3100000000 3.9400000000 0.5000000000 
H 0.5200000000 4.4900000000 9.4300000000 
O 7.2300000000 9.2900000000 0.7900000000 
H 7.0000000000 8.4000000000 1.1900000000 
H 7.3000000000 9.0800000000 9.6300000000 
O 3.6500000000 7.3500000000 0.3300000000 
H 2.9000000000 6.8800000000 0.7600000000 
H 3.3400000000 8.2700000000 0.3200000000 
O 9.5500000000 7.4700000000 5.4300000000 
H 0.4600000000 7.1400000000 6.0200000000 
H 9.8000000000 8.3900000000 5.2400000000 
O 3.3100000000 9.0700000000 6.1500000000 
H 3.1900000000 8.7800000000 5.2500000000 
H 4.0900000000 9.6500000000 6.1100000000 
O 0.6400000000 0.2600000000 5.5900000000 
H 0.6800000000 1.0900000000 5.1000000000 
H 1.4700000000 0.4400000000 6.0300000000 
O 6.0600000000 4.7300000000 1.8800000000 
H 6.9600000000 4.6300000000 2.2200000000 
H 5.8100000000 5.5900000000 2.3400000000 
O 0.4500000000 1.4200000000 8.7400000000 
H 1.1400000000 1.8000000000 8.2100000000 
H 9.5700000000 1.2200000000 8.1100000000 
O 7.5800000000 3.4600000000 7.8500000000 
H 7.9100000000 2.5800000000 7.5200000000 
H 8.2900000000 3.8500000000 8.3100000000 

