&CONTROL
/
&SYSTEM
   ntyp             = 2
   nat              = 96
   ibrav            = 0
/
&ELECTRONS
/
&IONS
/
&CELL
/

ATOMIC_SPECIES
O 15.999 None
H 1.008 None

K_POINTS gamma

CELL_PARAMETERS angstrom
9.86520000000000 0.00000000000000 0.00000000000000
0.00000000000000 9.86520000000000 0.00000000000000
0.00000000000000 0.00000000000000 9.86520000000000

ATOMIC_POSITIONS angstrom
O 0.5300000000 6.3200000000 2.1000000000 
H 1.4900000000 6.4800000000 2.1400000000 
H 0.6400000000 5.3800000000 2.1000000000 
O 9.4600000000 7.2300000000 7.4500000000 
H 9.4300000000 6.4100000000 6.8200000000 
H 9.7200000000 6.8200000000 8.2900000000 
O 8.6000000000 7.4300000000 0.5100000000 
H 9.1100000000 6.7700000000 1.0900000000 
H 9.2700000000 8.1200000000 0.3800000000 
O 2.5300000000 5.9600000000 5.5100000000 
H 3.1100000000 6.5100000000 6.0800000000 
H 3.1000000000 5.5300000000 4.8900000000 
O 6.8300000000 2.5100000000 0.5400000000 
H 5.9300000000 2.5300000000 0.8700000000 
H 7.0000000000 3.4200000000 0.2300000000 
O 8.3700000000 0.2700000000 6.5700000000 
H 8.7100000000 9.3000000000 6.8400000000 
H 8.7000000000 0.9900000000 7.1700000000 
O 5.3400000000 2.5000000000 3.5100000000 
H 5.5300000000 1.9300000000 4.2800000000 
H 4.3400000000 2.3800000000 3.4200000000 
O 3.5600000000 0.5300000000 0.5300000000 
H 4.0400000000 0.3700000000 1.3500000000 
H 4.0600000000 1.3300000000 0.2100000000 
O 8.8300000000 2.4600000000 8.3700000000 
H 8.4400000000 3.3100000000 8.6200000000 
H 8.9200000000 2.0300000000 9.2200000000 
O 1.3300000000 8.6200000000 4.9700000000 
H 1.3400000000 9.3200000000 5.7200000000 
H 1.5400000000 7.7900000000 5.3600000000 
O 6.6800000000 9.1700000000 1.5700000000 
H 7.2600000000 8.6700000000 0.9700000000 
H 7.2800000000 9.1700000000 2.3300000000 
O 2.4600000000 4.0600000000 2.3600000000 
H 3.0800000000 4.0500000000 1.6400000000 
H 2.4300000000 3.1500000000 2.6600000000 
O 1.4300000000 9.5600000000 7.4300000000 
H 1.4100000000 8.7500000000 7.9300000000 
H 1.8300000000 0.4100000000 8.0300000000 
O 0.3700000000 2.4200000000 5.1500000000 
H 9.6800000000 2.5700000000 4.3900000000 
H 9.7400000000 1.6900000000 5.5500000000 
O 4.6100000000 9.4700000000 3.2400000000 
H 5.1100000000 9.6900000000 4.0400000000 
H 5.3900000000 9.4100000000 2.6200000000 
O 9.0100000000 8.2000000000 3.4000000000 
H 9.4100000000 7.4100000000 2.9300000000 
H 9.7400000000 8.3800000000 4.0400000000 
O 2.5300000000 1.5300000000 3.4000000000 
H 2.7800000000 0.5900000000 3.6500000000 
H 1.7900000000 1.6700000000 4.0600000000 
O 5.1100000000 3.6500000000 7.1300000000 
H 5.1100000000 4.6500000000 7.0600000000 
H 4.2700000000 3.3400000000 6.6300000000 
O 4.0300000000 3.5900000000 0.1500000000 
H 4.2800000000 4.5700000000 0.2600000000 
H 4.4500000000 3.4200000000 9.1300000000 
O 2.3400000000 2.8100000000 7.2200000000 
H 2.0000000000 2.9700000000 8.1400000000 
H 1.5200000000 2.6900000000 6.6900000000 
O 6.0900000000 0.6400000000 5.3400000000 
H 7.0200000000 0.3400000000 5.5100000000 
H 5.6700000000 0.4000000000 6.1800000000 
O 5.2100000000 6.3500000000 6.5500000000 
H 5.8700000000 6.5200000000 5.8300000000 
H 5.5800000000 6.9200000000 7.2600000000 
O 7.7200000000 4.8000000000 9.1800000000 
H 8.2100000000 5.4300000000 9.7200000000 
H 7.4300000000 5.2900000000 8.3500000000 
O 3.2100000000 7.0400000000 2.5800000000 
H 3.6500000000 7.8000000000 3.0600000000 
H 3.7100000000 6.2600000000 2.9300000000 
O 6.1500000000 1.0900000000 8.2200000000 
H 6.5100000000 1.6000000000 9.0200000000 
H 6.3000000000 1.6700000000 7.4200000000 
O 8.1500000000 2.3600000000 3.2100000000 
H 7.1900000000 2.2800000000 3.3900000000 
H 8.0600000000 2.6300000000 2.3100000000 
O 4.4400000000 6.3600000000 0.1800000000 
H 3.7700000000 6.7400000000 0.7600000000 
H 4.9500000000 7.1800000000 9.7400000000 
O 0.8100000000 9.1200000000 0.5400000000 
H 0.8600000000 8.9200000000 1.4800000000 
H 1.5600000000 9.7300000000 0.5600000000 
O 9.7400000000 5.2600000000 5.6800000000 
H 9.6400000000 4.3100000000 5.5800000000 
H 0.8600000000 5.4900000000 5.4500000000 
O 7.3400000000 6.4100000000 4.4900000000 
H 7.9900000000 6.1100000000 5.0900000000 
H 7.7900000000 7.1200000000 3.9200000000 
O 4.7200000000 5.3000000000 3.8000000000 
H 5.5800000000 5.7400000000 4.0000000000 
H 5.0700000000 4.3500000000 3.5600000000 
O 6.3300000000 8.0800000000 8.2600000000 
H 5.9300000000 9.0000000000 8.2100000000 
H 7.2500000000 8.2800000000 8.3600000000 

