&CONTROL
/
&SYSTEM
   ntyp             = 2
   nat              = 96
   ibrav            = 0
/
&ELECTRONS
/
&IONS
/
&CELL
/

ATOMIC_SPECIES
O 15.999 None
H 1.008 None

K_POINTS gamma

CELL_PARAMETERS angstrom
9.86520000000000 0.00000000000000 0.00000000000000
0.00000000000000 9.86520000000000 0.00000000000000
0.00000000000000 0.00000000000000 9.86520000000000

ATOMIC_POSITIONS angstrom
O 0.6400000000 0.5000000000 3.9700000000 
H 0.1100000000 1.3100000000 4.0800000000 
H 9.8500000000 9.7300000000 3.8300000000 
O 0.7400000000 3.5500000000 0.9800000000 
H 0.2600000000 4.2100000000 0.4000000000 
H 1.2800000000 3.0200000000 0.3100000000 
O 5.3800000000 4.1200000000 7.0100000000 
H 4.6300000000 3.7300000000 6.5800000000 
H 5.7600000000 4.6400000000 6.3200000000 
O 4.8400000000 8.5600000000 0.1100000000 
H 4.8100000000 9.3200000000 0.7600000000 
H 4.2500000000 9.0400000000 9.3400000000 
O 8.5900000000 6.1500000000 5.2800000000 
H 7.7400000000 5.8500000000 4.9300000000 
H 8.5000000000 7.1000000000 5.1800000000 
O 2.3400000000 9.7300000000 1.7400000000 
H 3.3200000000 9.8500000000 2.0100000000 
H 1.8100000000 0.1900000000 2.5000000000 
O 5.9200000000 7.7000000000 7.5500000000 
H 5.8900000000 7.9500000000 8.5500000000 
H 5.0200000000 8.0300000000 7.3800000000 
O 7.4300000000 6.5200000000 2.2700000000 
H 7.9000000000 6.0900000000 1.5500000000 
H 8.0300000000 7.2900000000 2.4200000000 
O 1.2500000000 4.9400000000 5.2900000000 
H 0.6200000000 5.1300000000 6.0200000000 
H 0.6200000000 4.8000000000 4.5500000000 
O 7.4400000000 1.2300000000 5.1700000000 
H 6.5600000000 1.3000000000 5.6000000000 
H 7.4000000000 2.1100000000 4.6300000000 
O 6.4000000000 1.5800000000 8.5600000000 
H 6.0400000000 1.7200000000 7.6400000000 
H 5.5600000000 1.4400000000 9.1000000000 
O 8.4000000000 0.2500000000 9.4800000000 
H 7.5700000000 0.5900000000 9.0900000000 
H 9.0400000000 0.8800000000 9.1700000000 
O 9.2000000000 8.7300000000 1.9200000000 
H 8.6300000000 9.1200000000 1.2000000000 
H 0.2200000000 9.0200000000 1.5500000000 
O 9.8000000000 7.6700000000 8.3900000000 
H 9.1500000000 8.3100000000 8.7700000000 
H 9.5200000000 7.7600000000 7.4700000000 
O 0.4200000000 2.2900000000 8.0900000000 
H 9.6500000000 3.0600000000 7.8900000000 
H 0.4000000000 1.8600000000 7.1900000000 
O 4.9400000000 0.6300000000 2.2900000000 
H 4.9300000000 0.4900000000 3.2600000000 
H 5.6200000000 1.2900000000 2.1800000000 
O 8.1400000000 8.8300000000 6.2700000000 
H 7.2600000000 8.5000000000 6.5900000000 
H 7.9100000000 9.7300000000 5.9700000000 
O 4.9700000000 1.3900000000 6.3000000000 
H 4.3500000000 0.7000000000 5.8700000000 
H 4.3600000000 2.2500000000 6.1700000000 
O 3.3400000000 9.5900000000 4.8300000000 
H 3.2700000000 8.6400000000 5.0500000000 
H 2.4200000000 9.8300000000 4.5300000000 
O 8.6400000000 5.3100000000 9.3300000000 
H 8.4800000000 4.8400000000 8.5000000000 
H 8.8900000000 6.2500000000 9.0900000000 
O 4.7400000000 6.8400000000 2.1300000000 
H 5.6800000000 6.7000000000 2.4000000000 
H 4.7000000000 7.4200000000 1.3800000000 
O 3.8500000000 4.1300000000 2.4500000000 
H 3.9800000000 4.0400000000 1.4600000000 
H 3.5600000000 5.0700000000 2.4600000000 
O 3.3800000000 3.3400000000 5.3000000000 
H 3.4600000000 3.2000000000 4.3200000000 
H 2.5500000000 3.8400000000 5.2500000000 
O 5.4000000000 4.3700000000 9.8100000000 
H 5.0800000000 4.1800000000 8.9200000000 
H 5.9600000000 5.1800000000 9.6400000000 
O 2.5200000000 6.9900000000 8.3900000000 
H 2.9200000000 6.5200000000 9.1800000000 
H 1.5400000000 7.2400000000 8.6400000000 
O 6.4700000000 3.5000000000 4.0300000000 
H 6.0500000000 4.2800000000 4.4400000000 
H 5.9900000000 3.4200000000 3.2300000000 
O 3.2400000000 1.0100000000 9.2600000000 
H 2.8000000000 0.6100000000 0.2300000000 
H 2.5500000000 1.5300000000 8.8500000000 
O 3.2100000000 6.8700000000 5.4800000000 
H 2.7500000000 6.7600000000 6.2900000000 
H 2.5400000000 6.4400000000 4.8600000000 
O 8.3300000000 3.7500000000 7.2100000000 
H 8.1500000000 3.9100000000 6.3000000000 
H 7.6000000000 3.2700000000 7.4700000000 
O 6.6900000000 2.4900000000 1.2400000000 
H 7.2000000000 1.9800000000 0.5500000000 
H 6.2300000000 3.2500000000 0.8200000000 
O 9.5900000000 3.6000000000 3.3800000000 
H 0.2700000000 3.6300000000 2.5800000000 
H 8.6500000000 3.7100000000 3.1700000000 
O 5.6800000000 6.0500000000 4.7700000000 
H 5.8100000000 6.5600000000 3.9900000000 
H 4.9400000000 6.3900000000 5.2100000000 

