&CONTROL
/
&SYSTEM
   ntyp             = 2
   nat              = 96
   ibrav            = 0
/
&ELECTRONS
/
&IONS
/
&CELL
/

ATOMIC_SPECIES
O 15.999 None
H 1.008 None

K_POINTS gamma

CELL_PARAMETERS angstrom
9.86520000000000 0.00000000000000 0.00000000000000
0.00000000000000 9.86520000000000 0.00000000000000
0.00000000000000 0.00000000000000 9.86520000000000

ATOMIC_POSITIONS angstrom
O 9.4300000000 2.3900000000 1.7800000000 
H 0.3100000000 2.6900000000 2.3200000000 
H 8.8200000000 3.1700000000 1.8500000000 
O 4.5200000000 8.4300000000 2.7100000000 
H 3.9100000000 8.6500000000 3.4900000000 
H 3.8700000000 8.0900000000 2.0400000000 
O 2.5100000000 1.6000000000 8.7300000000 
H 3.4500000000 1.7500000000 9.0500000000 
H 2.6500000000 1.6200000000 7.7400000000 
O 3.4300000000 2.2700000000 6.3700000000 
H 4.3900000000 2.3200000000 6.3000000000 
H 3.1600000000 1.6400000000 5.6200000000 
O 6.2700000000 8.0000000000 0.2600000000 
H 6.7800000000 7.1400000000 0.0700000000 
H 5.5000000000 7.6000000000 0.7500000000 
O 3.2900000000 7.3800000000 0.6300000000 
H 3.3300000000 6.4200000000 0.6700000000 
H 2.3400000000 7.5500000000 0.3900000000 
O 5.1300000000 2.2900000000 0.4900000000 
H 5.6300000000 1.6300000000 1.0300000000 
H 5.7600000000 2.4300000000 9.6100000000 
O 0.4200000000 9.5500000000 4.7400000000 
H 9.6900000000 9.5800000000 3.9300000000 
H 9.6000000000 9.7100000000 5.4500000000 
O 2.1300000000 7.1400000000 5.1400000000 
H 1.5700000000 8.0000000000 4.9200000000 
H 1.6000000000 6.7600000000 5.8800000000 
O 6.5900000000 0.2700000000 1.8200000000 
H 6.6200000000 9.3700000000 1.2200000000 
H 6.0400000000 9.6400000000 2.4800000000 
O 1.5600000000 3.3200000000 3.4400000000 
H 1.2200000000 3.1300000000 4.3700000000 
H 2.4500000000 3.4400000000 3.6300000000 
O 1.3800000000 6.1900000000 2.5000000000 
H 0.9000000000 5.3700000000 2.8100000000 
H 1.9800000000 6.3400000000 3.2400000000 
O 4.4300000000 3.7000000000 3.5800000000 
H 5.2200000000 4.1600000000 3.5000000000 
H 4.4100000000 3.2800000000 4.4800000000 
O 8.1200000000 5.0700000000 5.3400000000 
H 8.1100000000 5.1800000000 4.3400000000 
H 7.5400000000 5.7800000000 5.6100000000 
O 9.2500000000 9.4600000000 2.2800000000 
H 8.3800000000 9.8500000000 2.0500000000 
H 9.8200000000 0.4300000000 2.1400000000 
O 6.4800000000 6.6200000000 3.4300000000 
H 6.5400000000 6.9700000000 4.3300000000 
H 5.7600000000 7.2400000000 3.1300000000 
O 4.0400000000 8.0800000000 7.6000000000 
H 3.9200000000 7.6400000000 8.4900000000 
H 3.3400000000 7.8400000000 7.0200000000 
O 2.9600000000 0.3300000000 4.2400000000 
H 2.8400000000 0.3500000000 3.2800000000 
H 2.0400000000 0.1700000000 4.4900000000 
O 0.5600000000 3.6000000000 6.2000000000 
H 1.0800000000 3.9400000000 6.9800000000 
H 9.7500000000 4.3000000000 6.1000000000 
O 9.5500000000 1.5600000000 9.0200000000 
H 0.6500000000 1.6000000000 8.8000000000 
H 9.5200000000 1.7200000000 0.1100000000 
O 8.1800000000 4.7800000000 2.2700000000 
H 7.5800000000 5.3900000000 2.7300000000 
H 8.1900000000 5.1000000000 1.3100000000 
O 3.7400000000 4.5800000000 0.5800000000 
H 3.4200000000 4.6900000000 1.5500000000 
H 4.2800000000 3.7800000000 0.5800000000 
O 7.4600000000 3.2500000000 8.5700000000 
H 6.9700000000 2.8800000000 7.8200000000 
H 8.2300000000 2.6400000000 8.5500000000 
O 8.3000000000 0.2400000000 6.5600000000 
H 7.4800000000 0.3700000000 7.1100000000 
H 8.9600000000 0.2500000000 7.2400000000 
O 0.8400000000 6.6100000000 7.4300000000 
H 0.5700000000 7.0800000000 8.3000000000 
H 1.0900000000 5.7100000000 7.8000000000 
O 0.6900000000 7.7000000000 0.1200000000 
H 9.8000000000 8.2700000000 0.4100000000 
H 0.8200000000 7.1300000000 0.8700000000 
O 5.9600000000 0.1900000000 8.2200000000 
H 6.2300000000 9.6200000000 9.0500000000 
H 5.1600000000 9.5200000000 7.9700000000 
O 6.5200000000 7.4100000000 6.3500000000 
H 5.5600000000 7.5800000000 6.2800000000 
H 6.7200000000 8.0900000000 7.0600000000 
O 2.2000000000 4.4800000000 8.3000000000 
H 2.9000000000 4.7300000000 8.9100000000 
H 2.3400000000 3.5100000000 8.3100000000 
O 7.6400000000 5.7800000000 9.4800000000 
H 8.0700000000 5.9100000000 8.6500000000 
H 7.3200000000 4.8500000000 9.3000000000 
O 6.7400000000 2.8500000000 6.0200000000 
H 7.3700000000 3.6100000000 5.7900000000 
H 7.3100000000 2.1100000000 5.8400000000 
O 2.6300000000 0.6100000000 1.5800000000 
H 2.7100000000 1.5800000000 1.7800000000 
H 2.4800000000 0.3900000000 0.6500000000 

