&CONTROL
/
&SYSTEM
   ntyp             = 2
   nat              = 96
   ibrav            = 0
/
&ELECTRONS
/
&IONS
/
&CELL
/

ATOMIC_SPECIES
O 15.999 None
H 1.008 None

K_POINTS gamma

CELL_PARAMETERS angstrom
9.86520000000000 0.00000000000000 0.00000000000000
0.00000000000000 9.86520000000000 0.00000000000000
0.00000000000000 0.00000000000000 9.86520000000000

ATOMIC_POSITIONS angstrom
O 0.4600000000 3.3000000000 7.0300000000 
H 9.6300000000 3.0400000000 6.3200000000 
H 9.7100000000 3.7000000000 7.7300000000 
O 0.2100000000 0.6400000000 3.6700000000 
H 9.5200000000 0.9800000000 4.3800000000 
H 0.4400000000 1.5700000000 3.2700000000 
O 3.5800000000 9.4000000000 9.1900000000 
H 3.0300000000 0.3400000000 9.2200000000 
H 4.4800000000 0.0200000000 9.2800000000 
O 3.6200000000 8.8300000000 5.5500000000 
H 3.8000000000 9.5700000000 6.1900000000 
H 2.6900000000 8.9600000000 5.5000000000 
O 5.6800000000 1.6200000000 4.6900000000 
H 5.5600000000 0.7200000000 4.2800000000 
H 5.2300000000 1.5800000000 5.5400000000 
O 3.3900000000 7.7900000000 1.8300000000 
H 3.4300000000 8.2200000000 0.9800000000 
H 2.5700000000 8.2800000000 2.0800000000 
O 5.2900000000 3.5900000000 9.0000000000 
H 4.6100000000 3.9900000000 8.4300000000 
H 4.7700000000 3.4900000000 0.0200000000 
O 9.5900000000 7.1900000000 5.6300000000 
H 8.7100000000 6.7400000000 5.8400000000 
H 9.3400000000 8.1200000000 5.4700000000 
O 2.1700000000 6.3200000000 4.6900000000 
H 2.7800000000 6.9800000000 5.0900000000 
H 1.3200000000 6.6300000000 5.0700000000 
O 7.3100000000 1.2300000000 2.2800000000 
H 6.6800000000 0.7000000000 2.7900000000 
H 8.2000000000 0.7500000000 2.4800000000 
O 8.3100000000 4.4800000000 1.4700000000 
H 9.1200000000 4.7100000000 2.0200000000 
H 7.6100000000 4.1400000000 2.1600000000 
O 2.9500000000 3.7300000000 4.2800000000 
H 3.2300000000 3.4700000000 5.1800000000 
H 2.5100000000 4.5800000000 4.5400000000 
O 6.6300000000 3.8800000000 3.4100000000 
H 6.4500000000 2.9100000000 3.5200000000 
H 6.8100000000 4.1300000000 4.3600000000 
O 7.4800000000 4.7500000000 5.8400000000 
H 7.7500000000 4.5200000000 6.7700000000 
H 7.1600000000 5.6900000000 5.8900000000 
O 0.7500000000 8.5400000000 1.9500000000 
H 0.5100000000 9.1600000000 2.6800000000 
H 9.7600000000 8.0200000000 1.8300000000 
O 6.6200000000 7.2100000000 6.5000000000 
H 5.6600000000 7.2200000000 6.7700000000 
H 6.9000000000 8.1400000000 6.5600000000 
O 4.3900000000 6.8900000000 8.0800000000 
H 4.6500000000 6.5800000000 8.9800000000 
H 3.9400000000 7.6400000000 8.4300000000 
O 2.2000000000 1.8600000000 9.4500000000 
H 1.5200000000 2.0800000000 8.8400000000 
H 1.9700000000 2.2400000000 0.4500000000 
O 0.9700000000 2.8500000000 2.4400000000 
H 1.8400000000 3.0700000000 2.9100000000 
H 0.8200000000 3.7900000000 2.1200000000 
O 1.2300000000 0.4800000000 6.8900000000 
H 0.7800000000 9.6400000000 7.3800000000 
H 0.6600000000 1.2500000000 6.9700000000 
O 4.5400000000 3.5400000000 1.7900000000 
H 5.2900000000 3.6900000000 2.3700000000 
H 3.8600000000 3.6200000000 2.4600000000 
O 5.4400000000 6.3300000000 0.7600000000 
H 5.7700000000 5.4600000000 1.0400000000 
H 4.7300000000 6.5600000000 1.4400000000 
O 8.2100000000 4.1900000000 8.5400000000 
H 8.4700000000 4.3100000000 9.5200000000 
H 7.3300000000 3.8100000000 8.6800000000 
O 7.8400000000 0.0800000000 7.7000000000 
H 7.1400000000 0.5000000000 8.2600000000 
H 8.5300000000 9.7600000000 8.3900000000 
O 0.0200000000 9.3800000000 9.4400000000 
H 0.4300000000 9.5400000000 0.4400000000 
H 9.3500000000 8.5800000000 9.6400000000 
O 1.2000000000 5.6200000000 2.3200000000 
H 1.3500000000 6.0800000000 3.2000000000 
H 1.6400000000 6.2700000000 1.7200000000 
O 6.1300000000 1.0400000000 9.4200000000 
H 6.3300000000 1.1600000000 0.5400000000 
H 6.0500000000 1.9700000000 9.0600000000 
O 8.3000000000 7.2800000000 0.9000000000 
H 8.2600000000 6.2800000000 0.8000000000 
H 7.4000000000 7.4500000000 1.1000000000 
O 3.1200000000 4.1500000000 7.2300000000 
H 3.0400000000 5.1200000000 7.2600000000 
H 2.2300000000 3.8400000000 7.0500000000 
O 5.4100000000 9.1700000000 3.5300000000 
H 4.8700000000 8.9100000000 4.3600000000 
H 4.8600000000 8.7900000000 2.8500000000 
O 8.4000000000 1.5200000000 5.6400000000 
H 7.4900000000 1.7400000000 5.3900000000 
H 8.2100000000 0.8200000000 6.3100000000 
O 3.7600000000 1.3900000000 6.6300000000 
H 3.7500000000 2.3000000000 7.0900000000 
H 2.8300000000 1.1300000000 6.8000000000 

