&CONTROL
/
&SYSTEM
   ntyp             = 2
   nat              = 96
   ibrav            = 0
/
&ELECTRONS
/
&IONS
/
&CELL
/

ATOMIC_SPECIES
O 15.999 None
H 1.008 None

K_POINTS gamma

CELL_PARAMETERS angstrom
9.86520000000000 0.00000000000000 0.00000000000000
0.00000000000000 9.86520000000000 0.00000000000000
0.00000000000000 0.00000000000000 9.86520000000000

ATOMIC_POSITIONS angstrom
O 3.6300000000 3.6300000000 4.6400000000 
H 4.4900000000 3.1300000000 4.6300000000 
H 3.8000000000 4.4700000000 4.2200000000 
O 3.6400000000 9.1900000000 0.2000000000 
H 3.2600000000 8.3200000000 0.5100000000 
H 4.2400000000 8.8800000000 9.3400000000 
O 6.6900000000 3.4700000000 3.3100000000 
H 6.5100000000 4.2600000000 2.8400000000 
H 6.6100000000 2.8100000000 2.5100000000 
O 7.1300000000 8.7200000000 8.9500000000 
H 8.1200000000 9.0300000000 8.7600000000 
H 7.0500000000 8.6900000000 0.0800000000 
O 0.1000000000 7.5700000000 6.5600000000 
H 1.1000000000 7.4200000000 6.5600000000 
H 9.8200000000 8.3900000000 7.0800000000 
O 6.6500000000 4.3700000000 5.9000000000 
H 7.0700000000 3.8200000000 5.1900000000 
H 6.7300000000 3.8200000000 6.6600000000 
O 1.4700000000 1.5800000000 7.1600000000 
H 1.8600000000 1.4100000000 6.2900000000 
H 1.2700000000 2.5200000000 7.1800000000 
O 7.1700000000 8.0900000000 1.8200000000 
H 7.9700000000 8.5400000000 2.1900000000 
H 6.5000000000 8.3200000000 2.5000000000 
O 7.9200000000 2.4800000000 7.6000000000 
H 8.5000000000 3.2100000000 7.3200000000 
H 8.4500000000 1.7100000000 7.7100000000 
O 9.4500000000 9.3500000000 3.7400000000 
H 0.3400000000 9.6700000000 4.3100000000 
H 8.8400000000 0.2400000000 3.9500000000 
O 6.3200000000 2.6700000000 0.6500000000 
H 6.9800000000 2.5500000000 9.8100000000 
H 5.4600000000 2.8300000000 0.1300000000 
O 3.9500000000 2.5400000000 8.7900000000 
H 3.4500000000 3.1400000000 8.2700000000 
H 3.4200000000 1.7100000000 8.7600000000 
O 7.3200000000 5.5100000000 8.9700000000 
H 7.8600000000 5.1100000000 8.2400000000 
H 6.8900000000 6.2000000000 8.4500000000 
O 5.9400000000 9.1900000000 4.1000000000 
H 6.2000000000 0.1200000000 4.6200000000 
H 6.2200000000 8.4700000000 4.6800000000 
O 4.8100000000 8.9400000000 7.6500000000 
H 5.6900000000 9.0100000000 8.1200000000 
H 4.9600000000 9.5000000000 6.8500000000 
O 8.3400000000 1.7500000000 4.5900000000 
H 9.1400000000 2.3400000000 4.6200000000 
H 7.6200000000 2.3200000000 4.1000000000 
O 2.5600000000 7.1500000000 7.5400000000 
H 2.5700000000 7.1500000000 8.5300000000 
H 3.3000000000 7.7600000000 7.3100000000 
O 9.7200000000 5.3900000000 0.4700000000 
H 0.0500000000 5.6500000000 1.4100000000 
H 8.8400000000 5.6900000000 0.3200000000 
O 2.4500000000 6.6000000000 0.2900000000 
H 1.5000000000 6.3400000000 0.3600000000 
H 2.9500000000 5.7900000000 0.6800000000 
O 5.6000000000 1.2900000000 6.2000000000 
H 5.0500000000 1.4700000000 7.0500000000 
H 6.4000000000 1.7700000000 6.2400000000 
O 1.2900000000 2.9000000000 1.9000000000 
H 0.8600000000 3.3300000000 1.1800000000 
H 2.1900000000 3.3300000000 1.9200000000 
O 0.7800000000 3.1800000000 4.3000000000 
H 1.6500000000 3.4000000000 4.4700000000 
H 0.8400000000 2.9800000000 3.3500000000 
O 3.5000000000 4.4300000000 1.6400000000 
H 4.3800000000 4.9400000000 1.6600000000 
H 3.8700000000 3.6300000000 1.1800000000 
O 0.0400000000 0.5500000000 1.1600000000 
H 0.1400000000 0.1700000000 2.0700000000 
H 0.4200000000 1.4400000000 1.3500000000 
O 3.7300000000 1.4300000000 2.1900000000 
H 3.6200000000 0.7900000000 1.4600000000 
H 4.6800000000 1.5400000000 2.3000000000 
O 7.2800000000 7.3500000000 5.6500000000 
H 8.1400000000 7.5600000000 6.0800000000 
H 7.0900000000 6.3800000000 5.7100000000 
O 9.3900000000 4.9000000000 6.6800000000 
H 9.5400000000 5.8500000000 6.5400000000 
H 9.6500000000 4.3900000000 5.8300000000 
O 0.5300000000 6.5800000000 2.6800000000 
H 1.3100000000 6.5700000000 3.2500000000 
H 0.0700000000 7.3400000000 2.9800000000 
O 2.5400000000 0.5800000000 4.6200000000 
H 3.2700000000 9.7900000000 4.4000000000 
H 2.7000000000 1.1600000000 3.8900000000 
O 9.5200000000 9.8400000000 8.2000000000 
H 0.4400000000 0.4500000000 7.7500000000 
H 9.7900000000 9.8600000000 9.1400000000 
O 2.8300000000 4.3600000000 7.2600000000 
H 2.5400000000 5.2900000000 7.4400000000 
H 2.8800000000 4.2600000000 6.2900000000 
O 6.2700000000 5.4900000000 1.6200000000 
H 6.7300000000 5.1300000000 0.8400000000 
H 6.5400000000 6.4200000000 1.6600000000 

