&CONTROL
/
&SYSTEM
   ntyp             = 2
   nat              = 96
   ibrav            = 0
/
&ELECTRONS
/
&IONS
/
&CELL
/

ATOMIC_SPECIES
O 15.999 None
H 1.008 None

K_POINTS gamma

CELL_PARAMETERS angstrom
9.86520000000000 0.00000000000000 0.00000000000000
0.00000000000000 9.86520000000000 0.00000000000000
0.00000000000000 0.00000000000000 9.86520000000000

ATOMIC_POSITIONS angstrom
O 3.4900000000 1.5900000000 0.5600000000 
H 2.9900000000 2.3000000000 0.1600000000 
H 3.6600000000 2.0400000000 1.4400000000 
O 9.5700000000 3.4000000000 4.9600000000 
H 8.7900000000 3.9200000000 5.2000000000 
H 9.1400000000 2.5400000000 4.6000000000 
O 9.6000000000 6.7500000000 1.6100000000 
H 9.2400000000 6.9600000000 2.4600000000 
H 9.2000000000 5.8200000000 1.3900000000 
O 7.5100000000 0.8100000000 5.7100000000 
H 7.0900000000 0.0200000000 6.1400000000 
H 8.3500000000 0.4500000000 5.3100000000 
O 5.8200000000 6.7800000000 2.2000000000 
H 5.8000000000 7.3100000000 3.0300000000 
H 6.4000000000 6.0800000000 2.4700000000 
O 5.3300000000 4.9400000000 8.0300000000 
H 4.8400000000 5.6600000000 8.4400000000 
H 6.2700000000 5.1700000000 8.3100000000 
O 8.1200000000 2.7300000000 7.5600000000 
H 7.9100000000 2.1000000000 6.8900000000 
H 7.9100000000 3.6500000000 7.1500000000 
O 3.9200000000 2.6000000000 3.0100000000 
H 4.8700000000 2.3200000000 2.8800000000 
H 3.9100000000 3.0200000000 3.9100000000 
O 1.0900000000 7.4700000000 9.2400000000 
H 0.5900000000 7.1800000000 0.1400000000 
H 0.9100000000 8.2900000000 8.9400000000 
O 8.4800000000 0.2300000000 8.7200000000 
H 9.1400000000 9.7500000000 8.0900000000 
H 8.2600000000 1.0800000000 8.3200000000 
O 7.4400000000 4.4400000000 2.3000000000 
H 7.7600000000 4.0400000000 1.4400000000 
H 7.0100000000 3.6600000000 2.7200000000 
O 1.3000000000 5.5400000000 4.3900000000 
H 1.9500000000 5.0800000000 3.8600000000 
H 0.7200000000 4.7900000000 4.7100000000 
O 7.6400000000 4.9700000000 6.2200000000 
H 6.9700000000 5.1600000000 5.5100000000 
H 8.0400000000 5.8900000000 6.2800000000 
O 5.0100000000 3.4200000000 5.7000000000 
H 5.0300000000 2.6100000000 6.1900000000 
H 4.9600000000 4.0900000000 6.4300000000 
O 8.5300000000 7.2600000000 4.0200000000 
H 9.1100000000 8.0500000000 4.1800000000 
H 7.8000000000 7.4400000000 4.6800000000 
O 1.4000000000 8.2500000000 4.7600000000 
H 2.3000000000 8.5000000000 4.3800000000 
H 1.2500000000 7.3000000000 4.5600000000 
O 5.9600000000 9.0100000000 7.3200000000 
H 6.0300000000 8.4400000000 8.1700000000 
H 5.3800000000 0.0000000000 7.4500000000 
O 1.5100000000 5.3000000000 7.4900000000 
H 1.4700000000 6.2000000000 7.9700000000 
H 1.4700000000 5.5700000000 6.5500000000 
O 4.3100000000 1.5100000000 7.5100000000 
H 4.1100000000 1.5200000000 8.4800000000 
H 3.4100000000 1.7400000000 7.1100000000 
O 3.6000000000 9.3100000000 3.5400000000 
H 3.4200000000 0.3400000000 3.7400000000 
H 3.7600000000 9.3600000000 2.5400000000 
O 2.3500000000 3.6800000000 9.4500000000 
H 2.8000000000 4.1800000000 0.3300000000 
H 2.2500000000 4.4200000000 8.7900000000 
O 3.5400000000 8.6900000000 0.4600000000 
H 3.5000000000 9.6500000000 0.6400000000 
H 2.6200000000 8.6400000000 0.1200000000 
O 1.8800000000 2.3500000000 6.5800000000 
H 1.3300000000 2.7200000000 5.8400000000 
H 1.7100000000 2.9400000000 7.3600000000 
O 5.7600000000 7.5000000000 9.4200000000 
H 6.0100000000 7.2200000000 0.4900000000 
H 4.8900000000 8.0400000000 9.5800000000 
O 8.5600000000 9.2200000000 1.5100000000 
H 8.8900000000 8.3600000000 1.3300000000 
H 8.5500000000 9.6700000000 0.5700000000 
O 3.5800000000 5.6800000000 0.8500000000 
H 2.9900000000 6.3900000000 1.1200000000 
H 4.4300000000 5.9700000000 1.2900000000 
O 9.5400000000 0.5200000000 3.9200000000 
H 9.4600000000 0.2900000000 2.9500000000 
H 0.5300000000 0.0200000000 4.0100000000 
O 5.7300000000 7.8100000000 4.7900000000 
H 5.7400000000 8.0900000000 5.7200000000 
H 4.8700000000 8.2400000000 4.4900000000 
O 9.2000000000 4.0300000000 0.2400000000 
H 8.8700000000 3.8500000000 9.1900000000 
H 0.3000000000 3.9100000000 0.1600000000 
O 6.5200000000 1.7300000000 3.0100000000 
H 6.7700000000 1.6100000000 3.9300000000 
H 7.0100000000 0.9400000000 2.5900000000 
O 0.6500000000 9.4900000000 7.1400000000 
H 1.0100000000 0.5000000000 7.0300000000 
H 0.9200000000 8.9700000000 6.4300000000 
O 8.6300000000 7.3700000000 7.1100000000 
H 9.5700000000 7.7400000000 7.2000000000 
H 8.0300000000 7.9800000000 7.6200000000 

