&CONTROL
/
&SYSTEM
   ntyp             = 2
   nat              = 96
   ibrav            = 0
/
&ELECTRONS
/
&IONS
/
&CELL
/

ATOMIC_SPECIES
O 15.999 None
H 1.008 None

K_POINTS gamma

CELL_PARAMETERS angstrom
9.86520000000000 0.00000000000000 0.00000000000000
0.00000000000000 9.86520000000000 0.00000000000000
0.00000000000000 0.00000000000000 9.86520000000000

ATOMIC_POSITIONS angstrom
O 3.8900000000 4.1600000000 0.1400000000 
H 3.8800000000 4.3400000000 9.0200000000 
H 3.0800000000 4.6300000000 0.4100000000 
O 8.3600000000 2.3600000000 2.3300000000 
H 8.0600000000 2.6100000000 1.4300000000 
H 8.3800000000 3.2300000000 2.7800000000 
O 7.0000000000 3.2300000000 5.4700000000 
H 6.0900000000 3.3000000000 5.0000000000 
H 7.5900000000 3.8500000000 4.9100000000 
O 5.2600000000 8.7200000000 0.1200000000 
H 5.9900000000 9.4100000000 9.8500000000 
H 4.3900000000 9.2100000000 0.0700000000 
O 5.9400000000 8.7800000000 5.4900000000 
H 5.7900000000 9.1100000000 4.6300000000 
H 5.2200000000 9.2600000000 6.0500000000 
O 3.6700000000 7.4000000000 2.1400000000 
H 4.0700000000 6.5300000000 2.2900000000 
H 4.2900000000 7.7000000000 1.4300000000 
O 3.2000000000 7.6700000000 6.6200000000 
H 3.1500000000 8.6900000000 6.5700000000 
H 2.6700000000 7.4400000000 5.8400000000 
O 7.9500000000 4.8700000000 3.1600000000 
H 7.9000000000 5.4800000000 3.9700000000 
H 7.4700000000 5.2900000000 2.4100000000 
O 6.9300000000 6.4100000000 5.2500000000 
H 6.6500000000 7.3400000000 5.3400000000 
H 6.7500000000 6.0700000000 6.1200000000 
O 1.1500000000 0.3000000000 4.5300000000 
H 0.1800000000 0.5500000000 4.7700000000 
H 1.2700000000 0.8700000000 3.8100000000 
O 6.3000000000 5.2800000000 1.1100000000 
H 5.6400000000 4.8000000000 0.6200000000 
H 6.6000000000 5.9200000000 0.4500000000 
O 8.7700000000 3.4600000000 9.2600000000 
H 7.7900000000 3.4400000000 9.1200000000 
H 9.0100000000 2.5400000000 9.0400000000 
O 8.9200000000 8.1800000000 2.6300000000 
H 8.0200000000 8.4900000000 2.6100000000 
H 9.1700000000 8.3500000000 3.5800000000 
O 2.4000000000 0.3800000000 0.2200000000 
H 2.1600000000 0.9200000000 9.3200000000 
H 1.9700000000 9.4000000000 0.0300000000 
O 8.3700000000 0.1500000000 8.8500000000 
H 9.0900000000 9.4900000000 9.2100000000 
H 8.5200000000 0.1900000000 7.9000000000 
O 4.3400000000 1.5900000000 1.7100000000 
H 3.6300000000 1.0600000000 1.3200000000 
H 4.4300000000 2.3700000000 1.1000000000 
O 1.8300000000 7.5400000000 4.2200000000 
H 1.6200000000 8.5100000000 4.1400000000 
H 2.4200000000 7.4300000000 3.3900000000 
O 4.3900000000 0.7900000000 6.4600000000 
H 4.6000000000 1.3300000000 5.6600000000 
H 3.5400000000 1.1100000000 6.7500000000 
O 9.7500000000 5.9600000000 5.5300000000 
H 8.7800000000 6.1000000000 5.4600000000 
H 0.3300000000 6.5400000000 4.8200000000 
O 9.0200000000 6.1900000000 8.8800000000 
H 9.2200000000 5.2300000000 8.8200000000 
H 8.2500000000 6.3300000000 8.2600000000 
O 3.8900000000 5.1300000000 7.3400000000 
H 3.1500000000 4.6000000000 6.9800000000 
H 3.6100000000 6.0300000000 7.0300000000 
O 1.5000000000 5.4000000000 0.7200000000 
H 0.5900000000 5.1100000000 0.5700000000 
H 1.5300000000 6.3400000000 0.5700000000 
O 4.8200000000 2.7700000000 4.1200000000 
H 4.7500000000 2.2500000000 3.3100000000 
H 4.2100000000 3.4900000000 3.8900000000 
O 6.3200000000 6.5500000000 8.2600000000 
H 5.5700000000 5.9000000000 8.1300000000 
H 5.8100000000 7.2800000000 8.6500000000 
O 0.5500000000 8.0100000000 0.3400000000 
H 9.8300000000 7.4200000000 9.6300000000 
H 0.0000000000 8.0700000000 1.1800000000 
O 6.4500000000 2.6300000000 8.1700000000 
H 5.8600000000 1.8600000000 8.2500000000 
H 6.7100000000 2.6300000000 7.2000000000 
O 1.6900000000 1.4900000000 7.2200000000 
H 1.4200000000 0.9000000000 6.4600000000 
H 1.3900000000 2.4500000000 6.9500000000 
O 1.5500000000 4.0300000000 6.0300000000 
H 0.8900000000 4.8000000000 5.9900000000 
H 1.8600000000 4.0000000000 5.0100000000 
O 8.2500000000 0.4900000000 5.4200000000 
H 7.5300000000 9.6600000000 5.5800000000 
H 7.5200000000 1.2400000000 5.2900000000 
O 1.3200000000 2.0800000000 2.2500000000 
H 0.4400000000 2.3600000000 1.8900000000 
H 1.5400000000 1.3600000000 1.6200000000 
O 2.4900000000 4.3900000000 3.3000000000 
H 2.0100000000 3.6100000000 2.9300000000 
H 2.2700000000 5.0600000000 2.6800000000 
O 6.3200000000 9.8100000000 2.9400000000 
H 5.4600000000 9.8000000000 2.3700000000 
H 6.8300000000 0.7100000000 2.5400000000 

