&CONTROL
/
&SYSTEM
   ntyp             = 2
   nat              = 96
   ibrav            = 0
/
&ELECTRONS
/
&IONS
/
&CELL
/

ATOMIC_SPECIES
O 15.999 None
H 1.008 None

K_POINTS gamma

CELL_PARAMETERS angstrom
9.86520000000000 0.00000000000000 0.00000000000000
0.00000000000000 9.86520000000000 0.00000000000000
0.00000000000000 0.00000000000000 9.86520000000000

ATOMIC_POSITIONS angstrom
O 0.2100000000 0.1900000000 5.2300000000 
H 1.1400000000 0.5000000000 5.5200000000 
H 0.1200000000 0.4600000000 4.2600000000 
O 0.0500000000 5.4500000000 8.0400000000 
H 0.0600000000 4.6700000000 7.4400000000 
H 9.0900000000 5.8800000000 7.8000000000 
O 2.5700000000 4.4800000000 7.5200000000 
H 3.2500000000 5.0100000000 7.1000000000 
H 1.8900000000 5.1100000000 7.3800000000 
O 6.4800000000 7.5200000000 1.3400000000 
H 6.9700000000 6.8200000000 0.9200000000 
H 5.9500000000 6.9700000000 2.0000000000 
O 6.7000000000 2.9200000000 1.7200000000 
H 7.2100000000 2.1200000000 1.3500000000 
H 6.9100000000 3.0300000000 2.7100000000 
O 5.8300000000 1.0100000000 8.4000000000 
H 6.3500000000 0.8200000000 9.2100000000 
H 6.4100000000 0.6300000000 7.7000000000 
O 7.6100000000 5.2100000000 0.8200000000 
H 7.3000000000 4.4100000000 1.3400000000 
H 8.3900000000 5.4800000000 1.3400000000 
O 8.5000000000 9.7900000000 7.5900000000 
H 9.1300000000 9.8500000000 6.8700000000 
H 9.0800000000 9.7200000000 8.3700000000 
O 1.2900000000 2.6900000000 1.2700000000 
H 2.0700000000 2.4000000000 0.7100000000 
H 1.0500000000 3.6200000000 0.9600000000 
O 6.8100000000 8.4400000000 4.2000000000 
H 6.8200000000 9.4300000000 4.1900000000 
H 6.8500000000 8.1600000000 3.2700000000 
O 1.2700000000 5.4200000000 0.6100000000 
H 2.0400000000 6.0900000000 0.4700000000 
H 0.9200000000 5.3300000000 9.6000000000 
O 6.4500000000 7.4200000000 6.8400000000 
H 6.6700000000 7.5800000000 5.9200000000 
H 6.6800000000 8.2400000000 7.2800000000 
O 7.1000000000 1.4500000000 4.0900000000 
H 7.2200000000 2.0500000000 4.8800000000 
H 7.9600000000 1.3100000000 3.7600000000 
O 2.1700000000 4.0700000000 3.6100000000 
H 1.7600000000 3.6400000000 2.8100000000 
H 3.0700000000 4.0200000000 3.2200000000 
O 0.8100000000 9.6000000000 0.4000000000 
H 1.7800000000 9.8400000000 0.5000000000 
H 1.0300000000 8.6700000000 0.0200000000 
O 0.2000000000 4.4700000000 5.4100000000 
H 0.9500000000 4.3200000000 4.7700000000 
H 0.0000000000 5.4200000000 5.2200000000 
O 4.2800000000 4.1900000000 1.5200000000 
H 3.9000000000 3.7300000000 0.7400000000 
H 5.1300000000 3.7000000000 1.4500000000 
O 3.7300000000 7.0700000000 6.8400000000 
H 3.5400000000 7.2400000000 5.8600000000 
H 4.6800000000 7.1900000000 7.0800000000 
O 3.5000000000 2.5900000000 9.1400000000 
H 3.1600000000 3.2400000000 8.4300000000 
H 4.2300000000 2.1300000000 8.6900000000 
O 7.2000000000 0.2400000000 0.9100000000 
H 6.8600000000 9.2100000000 1.0200000000 
H 8.2000000000 0.0900000000 1.1100000000 
O 6.4000000000 4.7200000000 8.1900000000 
H 6.2700000000 5.5700000000 7.6900000000 
H 6.9100000000 5.0200000000 8.9900000000 
O 9.6400000000 1.0200000000 2.5300000000 
H 0.0900000000 0.3500000000 1.8400000000 
H 0.2600000000 1.7700000000 2.2000000000 
O 3.0500000000 8.4400000000 4.2400000000 
H 3.5900000000 9.2100000000 3.7900000000 
H 3.4600000000 7.6900000000 3.7500000000 
O 7.4300000000 3.6100000000 5.6900000000 
H 8.4200000000 3.6300000000 5.7900000000 
H 7.1200000000 3.7900000000 6.5900000000 
O 4.5000000000 6.2500000000 3.2400000000 
H 5.4500000000 6.1400000000 3.4700000000 
H 4.4600000000 5.6700000000 2.4300000000 
O 3.6300000000 9.7400000000 0.5100000000 
H 3.9800000000 0.6000000000 9.8100000000 
H 4.1600000000 0.0900000000 1.3000000000 
O 3.3600000000 1.4400000000 5.6700000000 
H 3.8400000000 1.0000000000 6.4500000000 
H 3.2500000000 2.3100000000 6.0600000000 
O 9.4900000000 6.2300000000 2.5600000000 
H 0.4300000000 5.8400000000 2.1200000000 
H 0.0600000000 6.7800000000 3.3300000000 
O 0.5900000000 7.3100000000 4.9200000000 
H 1.4400000000 7.8600000000 4.8500000000 
H 9.8100000000 7.9800000000 5.1900000000 
O 4.4800000000 1.0400000000 3.2700000000 
H 3.9000000000 1.2400000000 4.0500000000 
H 5.3500000000 1.1900000000 3.7100000000 
O 7.0700000000 5.4200000000 3.8400000000 
H 8.0400000000 5.6300000000 3.7500000000 
H 7.0500000000 4.6600000000 4.4900000000 
O 2.3200000000 7.5700000000 9.3300000000 
H 2.8800000000 7.2200000000 8.5400000000 
H 2.8900000000 8.2700000000 9.8000000000 

