&CONTROL
/
&SYSTEM
   ntyp             = 2
   nat              = 96
   ibrav            = 0
/
&ELECTRONS
/
&IONS
/
&CELL
/

ATOMIC_SPECIES
O 15.999 None
H 1.008 None

K_POINTS gamma

CELL_PARAMETERS angstrom
9.86520000000000 0.00000000000000 0.00000000000000
0.00000000000000 9.86520000000000 0.00000000000000
0.00000000000000 0.00000000000000 9.86520000000000

ATOMIC_POSITIONS angstrom
O 3.2500000000 5.5400000000 8.3300000000 
H 2.7200000000 6.1700000000 7.7600000000 
H 2.7200000000 5.7700000000 9.1600000000 
O 5.4400000000 1.7100000000 2.5500000000 
H 6.2000000000 1.8900000000 1.9100000000 
H 4.6600000000 2.1700000000 2.1500000000 
O 7.2400000000 5.4800000000 5.9000000000 
H 7.2900000000 6.2800000000 5.2100000000 
H 6.8200000000 5.9000000000 6.7300000000 
O 1.7300000000 6.1900000000 0.6500000000 
H 0.8600000000 6.0100000000 0.2600000000 
H 1.6700000000 7.0800000000 0.9700000000 
O 8.2000000000 2.9300000000 5.1900000000 
H 7.2600000000 3.1400000000 4.9700000000 
H 8.6900000000 3.1100000000 4.3300000000 
O 4.7600000000 4.5900000000 3.2600000000 
H 5.5500000000 4.6500000000 2.6100000000 
H 4.7200000000 5.5700000000 3.5000000000 
O 6.4200000000 8.7800000000 6.2400000000 
H 6.5300000000 8.3800000000 5.3900000000 
H 5.7300000000 9.5300000000 6.0800000000 
O 7.4400000000 7.2900000000 3.6800000000 
H 7.4900000000 6.4600000000 3.1200000000 
H 6.8500000000 7.8000000000 3.0200000000 
O 8.9300000000 0.4600000000 5.6200000000 
H 8.5600000000 1.3700000000 5.4800000000 
H 8.1800000000 9.7100000000 5.5700000000 
O 2.8000000000 8.4800000000 1.8300000000 
H 3.1200000000 9.1500000000 1.2400000000 
H 2.5700000000 9.1600000000 2.5200000000 
O 4.4700000000 3.3500000000 9.8200000000 
H 4.0300000000 4.1900000000 9.5500000000 
H 5.3900000000 3.4500000000 9.4900000000 
O 9.6000000000 1.3800000000 8.3000000000 
H 9.8200000000 0.7300000000 7.6200000000 
H 0.2300000000 2.1700000000 7.9500000000 
O 1.0800000000 0.0700000000 3.8600000000 
H 0.4800000000 0.3800000000 4.5600000000 
H 0.6400000000 0.4800000000 3.0500000000 
O 1.9300000000 7.6400000000 7.0100000000 
H 2.2500000000 8.5300000000 7.1300000000 
H 1.2300000000 7.6900000000 6.3000000000 
O 7.2100000000 9.4100000000 9.2500000000 
H 7.1400000000 9.0600000000 8.3400000000 
H 8.0200000000 0.0600000000 9.1100000000 
O 3.3700000000 0.7300000000 0.2900000000 
H 3.2300000000 0.4400000000 9.2500000000 
H 3.9100000000 1.5500000000 0.0400000000 
O 4.1900000000 7.1200000000 3.8100000000 
H 3.8200000000 7.3900000000 2.9400000000 
H 3.3600000000 6.9000000000 4.3400000000 
O 4.5300000000 0.8000000000 5.3600000000 
H 4.8700000000 1.6500000000 5.6600000000 
H 4.4400000000 0.9900000000 4.4000000000 
O 0.3100000000 7.3700000000 4.7500000000 
H 9.2300000000 7.1100000000 4.3800000000 
H 0.5100000000 8.2400000000 4.2700000000 
O 7.5000000000 4.9100000000 2.1100000000 
H 8.2100000000 4.2800000000 2.2400000000 
H 7.4200000000 4.9900000000 1.1200000000 
O 2.3500000000 2.9800000000 7.4800000000 
H 2.1300000000 3.3900000000 6.6300000000 
H 2.8700000000 3.7700000000 7.9200000000 
O 2.2200000000 4.5200000000 2.6500000000 
H 2.0800000000 5.2600000000 1.9500000000 
H 3.1900000000 4.6200000000 2.8400000000 
O 5.2800000000 3.4700000000 5.8100000000 
H 4.8300000000 3.6900000000 4.9600000000 
H 5.8600000000 4.2600000000 6.0700000000 
O 5.7800000000 6.5200000000 8.0800000000 
H 5.6900000000 7.4400000000 7.6400000000 
H 4.8300000000 6.2400000000 8.1600000000 
O 9.4400000000 6.4100000000 9.2500000000 
H 9.4600000000 5.7900000000 8.4700000000 
H 8.5500000000 6.8900000000 9.1100000000 
O 7.3200000000 4.4300000000 9.2900000000 
H 6.9900000000 5.2900000000 8.7900000000 
H 8.1100000000 4.1300000000 8.7500000000 
O 2.9100000000 0.3100000000 7.4700000000 
H 3.5400000000 0.4900000000 6.6300000000 
H 2.4600000000 1.2200000000 7.4800000000 
O 1.5900000000 4.7800000000 5.3300000000 
H 1.2400000000 5.6700000000 5.1800000000 
H 1.8200000000 4.6100000000 4.3700000000 
O 9.4100000000 4.6700000000 7.2400000000 
H 8.6300000000 4.5100000000 6.6200000000 
H 0.2600000000 4.7400000000 6.5600000000 
O 0.5300000000 1.0900000000 1.2000000000 
H 9.8400000000 1.1400000000 0.4600000000 
H 1.3500000000 0.9100000000 0.7200000000 
O 9.5900000000 3.2900000000 2.6500000000 
H 0.0300000000 2.4300000000 2.1800000000 
H 0.5500000000 3.8000000000 2.6300000000 
O 6.0600000000 8.3700000000 1.6300000000 
H 5.4000000000 8.8900000000 2.0500000000 
H 6.1100000000 8.6800000000 0.7100000000 

