&CONTROL
/
&SYSTEM
   ntyp             = 2
   nat              = 96
   ibrav            = 0
/
&ELECTRONS
/
&IONS
/
&CELL
/

ATOMIC_SPECIES
O 15.999 None
H 1.008 None

K_POINTS gamma

CELL_PARAMETERS angstrom
9.86520000000000 0.00000000000000 0.00000000000000
0.00000000000000 9.86520000000000 0.00000000000000
0.00000000000000 0.00000000000000 9.86520000000000

ATOMIC_POSITIONS angstrom
O 1.2700000000 4.7800000000 3.7200000000 
H 1.7200000000 5.3200000000 4.3900000000 
H 1.4500000000 5.4000000000 2.9300000000 
O 5.3700000000 8.3000000000 3.2200000000 
H 6.0800000000 7.8300000000 2.7100000000 
H 5.4200000000 9.2700000000 2.8300000000 
O 6.9500000000 3.6400000000 1.2500000000 
H 7.4700000000 3.8200000000 2.0700000000 
H 7.4800000000 2.9600000000 0.7200000000 
O 8.1600000000 8.4400000000 2.4400000000 
H 7.8000000000 8.9800000000 1.7000000000 
H 8.4000000000 7.6000000000 1.8800000000 
O 0.7700000000 7.5000000000 0.5700000000 
H 1.4600000000 7.8900000000 9.8300000000 
H 1.3800000000 7.1700000000 1.2400000000 
O 6.8500000000 7.1300000000 5.3900000000 
H 7.2100000000 7.9700000000 5.7800000000 
H 6.1700000000 7.4600000000 4.7500000000 
O 1.8900000000 8.3300000000 5.5600000000 
H 2.4200000000 9.0600000000 5.2900000000 
H 0.9900000000 8.7500000000 5.3500000000 
O 7.5800000000 9.3200000000 9.5400000000 
H 8.2800000000 8.6500000000 9.3100000000 
H 8.0700000000 0.2100000000 9.1300000000 
O 9.2500000000 0.0200000000 7.1900000000 
H 0.1700000000 0.5900000000 7.0500000000 
H 9.2500000000 9.4100000000 6.2800000000 
O 1.1500000000 2.1700000000 5.7500000000 
H 1.1500000000 3.0500000000 5.3200000000 
H 1.7400000000 1.5900000000 5.2100000000 
O 2.6000000000 0.9600000000 0.0600000000 
H 2.3700000000 0.0500000000 9.5700000000 
H 3.6300000000 0.9500000000 0.1300000000 
O 4.5100000000 6.7300000000 9.2800000000 
H 5.4800000000 6.7700000000 9.1000000000 
H 4.5400000000 6.1200000000 0.1700000000 
O 7.3500000000 6.2300000000 9.5300000000 
H 8.2100000000 5.8700000000 9.1700000000 
H 6.8100000000 5.4300000000 9.8300000000 
O 2.5500000000 6.8400000000 2.5100000000 
H 3.4200000000 6.6700000000 2.0400000000 
H 2.8700000000 7.5300000000 3.1500000000 
O 2.5300000000 8.5100000000 8.3800000000 
H 2.6000000000 8.5700000000 7.4200000000 
H 3.4300000000 8.1500000000 8.5700000000 
O 4.4600000000 4.5100000000 7.4200000000 
H 4.4700000000 5.3900000000 7.9100000000 
H 3.5800000000 4.6300000000 6.9600000000 
O 5.4100000000 1.5400000000 9.6500000000 
H 5.8800000000 2.3100000000 9.2700000000 
H 6.0300000000 0.8000000000 9.4300000000 
O 2.0400000000 5.6100000000 6.3100000000 
H 1.5000000000 5.8200000000 7.0900000000 
H 2.0600000000 6.5400000000 5.8500000000 
O 0.6400000000 2.0500000000 2.1000000000 
H 1.3100000000 1.7200000000 1.4100000000 
H 1.0000000000 2.8900000000 2.3300000000 
O 6.3000000000 2.7000000000 6.8900000000 
H 5.5700000000 3.3800000000 7.1900000000 
H 7.0200000000 3.3800000000 6.9400000000 
O 8.2700000000 4.4100000000 3.4900000000 
H 9.1800000000 4.2100000000 3.8800000000 
H 7.8500000000 5.2000000000 3.9600000000 
O 0.3100000000 5.4800000000 8.3700000000 
H 0.6100000000 6.0300000000 9.0900000000 
H 0.5100000000 4.5300000000 8.5400000000 
O 4.8600000000 5.2300000000 1.5800000000 
H 4.6100000000 4.6700000000 2.4100000000 
H 5.7100000000 4.6600000000 1.4100000000 
O 6.1900000000 0.4500000000 5.5200000000 
H 6.2100000000 1.2500000000 6.0500000000 
H 6.9800000000 0.6000000000 4.9900000000 
O 9.3300000000 9.4000000000 4.5900000000 
H 8.9300000000 8.8700000000 3.8100000000 
H 9.1600000000 0.3900000000 4.1800000000 
O 8.4400000000 2.3900000000 9.1700000000 
H 8.2000000000 2.0800000000 8.2200000000 
H 9.4000000000 2.5000000000 9.0500000000 
O 4.6400000000 3.7200000000 3.9300000000 
H 4.7500000000 2.8300000000 3.4500000000 
H 5.3000000000 3.5900000000 4.7100000000 
O 8.1800000000 1.7500000000 3.4900000000 
H 8.2700000000 2.7100000000 3.5800000000 
H 8.9500000000 1.6900000000 2.8300000000 
O 3.6900000000 0.5200000000 4.6700000000 
H 3.9600000000 0.9200000000 3.8200000000 
H 4.5800000000 0.2600000000 4.9500000000 
O 1.2500000000 2.9400000000 8.2900000000 
H 2.0500000000 2.6800000000 8.6800000000 
H 1.2900000000 2.6300000000 7.3800000000 
O 5.4700000000 1.4500000000 2.5500000000 
H 5.3700000000 1.5200000000 1.5900000000 
H 6.4400000000 1.6300000000 2.7600000000 
O 7.9600000000 4.8300000000 6.6200000000 
H 7.5700000000 5.6700000000 6.4500000000 
H 8.7400000000 5.1100000000 7.1500000000 

