&CONTROL
/
&SYSTEM
   ntyp             = 2
   nat              = 96
   ibrav            = 0
/
&ELECTRONS
/
&IONS
/
&CELL
/

ATOMIC_SPECIES
O 15.999 None
H 1.008 None

K_POINTS gamma

CELL_PARAMETERS angstrom
9.86520000000000 0.00000000000000 0.00000000000000
0.00000000000000 9.86520000000000 0.00000000000000
0.00000000000000 0.00000000000000 9.86520000000000

ATOMIC_POSITIONS angstrom
O 3.3600000000 4.4000000000 5.6600000000 
H 2.9900000000 4.0300000000 6.4900000000 
H 2.6400000000 4.1800000000 4.9900000000 
O 6.1000000000 7.4400000000 5.6100000000 
H 6.8400000000 7.5600000000 6.2600000000 
H 5.7800000000 8.3500000000 5.5100000000 
O 7.3300000000 5.2800000000 1.5600000000 
H 7.3900000000 4.2900000000 1.4600000000 
H 6.8600000000 5.3700000000 2.4000000000 
O 0.0800000000 0.2200000000 1.6700000000 
H 0.4900000000 0.3900000000 0.8000000000 
H 0.6400000000 9.3500000000 2.0300000000 
O 0.1500000000 6.0100000000 1.2900000000 
H 0.2500000000 6.3900000000 0.3500000000 
H 8.9900000000 5.8900000000 1.3400000000 
O 7.3500000000 9.3400000000 8.0300000000 
H 8.1400000000 0.0100000000 7.8000000000 
H 6.5600000000 0.1400000000 8.0700000000 
O 1.5500000000 9.4000000000 4.5900000000 
H 1.8700000000 8.6600000000 5.1600000000 
H 1.3900000000 9.0200000000 3.6700000000 
O 6.3900000000 7.6700000000 0.5400000000 
H 6.8900000000 8.0600000000 9.6500000000 
H 6.8800000000 6.8300000000 0.7000000000 
O 9.6900000000 0.5300000000 6.5500000000 
H 9.6700000000 1.4400000000 6.2500000000 
H 0.5100000000 0.2200000000 5.9200000000 
O 3.2400000000 7.2600000000 5.6100000000 
H 4.0800000000 7.4100000000 5.1600000000 
H 3.3100000000 6.3600000000 5.7800000000 
O 3.9000000000 2.2400000000 0.7000000000 
H 3.5600000000 1.6700000000 1.4400000000 
H 3.6700000000 3.1400000000 1.0700000000 
O 0.8500000000 6.7400000000 8.6700000000 
H 1.6200000000 7.3800000000 8.5900000000 
H 1.2500000000 5.8200000000 8.6500000000 
O 7.3400000000 4.4700000000 7.5900000000 
H 7.7000000000 5.4000000000 7.5200000000 
H 6.6100000000 4.6100000000 8.1900000000 
O 1.5600000000 7.9700000000 2.4100000000 
H 1.1100000000 7.1300000000 2.1700000000 
H 2.5900000000 7.8900000000 2.3300000000 
O 3.0500000000 8.4300000000 8.0500000000 
H 3.2600000000 8.0600000000 7.1700000000 
H 3.6500000000 9.2300000000 8.1300000000 
O 5.5500000000 2.4900000000 6.0600000000 
H 6.3700000000 2.9500000000 6.2500000000 
H 4.9600000000 3.1800000000 5.7600000000 
O 3.5900000000 4.6800000000 1.9600000000 
H 4.4400000000 5.0800000000 2.1900000000 
H 2.8800000000 5.0700000000 2.5100000000 
O 1.9400000000 3.5200000000 8.2000000000 
H 1.0800000000 3.1200000000 8.3700000000 
H 2.5700000000 2.9700000000 8.7400000000 
O 9.2300000000 2.7100000000 8.6000000000 
H 8.6800000000 3.3800000000 8.1400000000 
H 8.8100000000 2.6100000000 9.5200000000 
O 4.6100000000 0.8000000000 8.4000000000 
H 4.2600000000 1.2000000000 9.2500000000 
H 4.5300000000 1.4100000000 7.6900000000 
O 1.2700000000 4.9900000000 3.5800000000 
H 0.8200000000 4.8500000000 2.7200000000 
H 0.7200000000 5.6300000000 4.0200000000 
O 8.5000000000 7.0800000000 7.3100000000 
H 8.2600000000 7.9400000000 7.7800000000 
H 9.4000000000 6.9100000000 7.6700000000 
O 4.7600000000 5.0800000000 8.6000000000 
H 3.8100000000 4.9300000000 8.6900000000 
H 4.9300000000 5.8500000000 9.1900000000 
O 6.3100000000 0.3700000000 4.5900000000 
H 6.3900000000 0.8500000000 5.4500000000 
H 7.1500000000 0.7300000000 4.0900000000 
O 0.8000000000 2.5800000000 4.5600000000 
H 1.6300000000 2.1600000000 4.2400000000 
H 0.9200000000 3.5500000000 4.4500000000 
O 7.3500000000 2.4400000000 1.0100000000 
H 6.4300000000 2.1000000000 0.9600000000 
H 7.6800000000 1.9000000000 1.7400000000 
O 5.9100000000 5.5300000000 3.7800000000 
H 5.2200000000 5.0700000000 4.3100000000 
H 6.3300000000 6.2100000000 4.4000000000 
O 8.4200000000 1.5700000000 3.5100000000 
H 9.2600000000 2.0200000000 3.8300000000 
H 8.8700000000 0.9300000000 2.8900000000 
O 3.5300000000 1.4200000000 3.6000000000 
H 3.1200000000 0.5200000000 3.7600000000 
H 4.4800000000 1.2000000000 3.7900000000 
O 1.5200000000 0.7300000000 9.1400000000 
H 0.8500000000 0.7700000000 8.3700000000 
H 1.9200000000 9.7100000000 8.9800000000 
O 4.8100000000 8.3600000000 2.6300000000 
H 5.2700000000 8.1400000000 1.7700000000 
H 5.5000000000 8.8000000000 3.2100000000 
O 9.3700000000 6.6100000000 4.7500000000 
H 9.1000000000 7.4300000000 4.4400000000 
H 8.9900000000 6.6300000000 5.6800000000 

