&CONTROL
/
&SYSTEM
   ntyp             = 2
   nat              = 96
   ibrav            = 0
/
&ELECTRONS
/
&IONS
/
&CELL
/

ATOMIC_SPECIES
O 15.999 None
H 1.008 None

K_POINTS gamma

CELL_PARAMETERS angstrom
9.86520000000000 0.00000000000000 0.00000000000000
0.00000000000000 9.86520000000000 0.00000000000000
0.00000000000000 0.00000000000000 9.86520000000000

ATOMIC_POSITIONS angstrom
O 1.9300000000 5.5500000000 4.1700000000 
H 2.0500000000 6.2500000000 3.4600000000 
H 2.8500000000 5.4200000000 4.4400000000 
O 5.5400000000 5.8300000000 1.5400000000 
H 6.0300000000 6.5200000000 2.0400000000 
H 6.1100000000 5.6700000000 0.7500000000 
O 6.3300000000 3.5300000000 2.6900000000 
H 5.9700000000 4.4100000000 2.3600000000 
H 5.5100000000 3.0400000000 3.0800000000 
O 7.5400000000 8.4500000000 1.5700000000 
H 7.5500000000 9.4300000000 1.3500000000 
H 8.4500000000 8.4400000000 2.0100000000 
O 0.0400000000 6.3200000000 1.1400000000 
H 9.5400000000 6.9500000000 1.7000000000 
H 0.9400000000 6.3100000000 1.4900000000 
O 6.4600000000 7.3500000000 4.3500000000 
H 6.8100000000 8.2200000000 4.1500000000 
H 6.9000000000 6.9000000000 5.0800000000 
O 2.2800000000 9.1000000000 3.3500000000 
H 2.7500000000 9.0500000000 2.5400000000 
H 2.9400000000 9.0500000000 4.1100000000 
O 6.9900000000 0.0300000000 6.7700000000 
H 6.8900000000 8.9800000000 7.1900000000 
H 7.9500000000 0.1600000000 7.0300000000 
O 9.5500000000 0.1400000000 7.4500000000 
H 0.3500000000 0.3500000000 6.7100000000 
H 0.2200000000 9.5100000000 8.0700000000 
O 2.4900000000 9.7000000000 9.3200000000 
H 2.9100000000 9.3900000000 8.4900000000 
H 3.2700000000 9.8500000000 0.0400000000 
O 4.8400000000 0.0200000000 0.8800000000 
H 5.4100000000 9.2600000000 1.3600000000 
H 5.4100000000 0.7400000000 0.6200000000 
O 3.2700000000 5.3400000000 8.2000000000 
H 3.4400000000 4.6600000000 7.5500000000 
H 3.2100000000 4.9300000000 9.0600000000 
O 6.4600000000 7.6400000000 8.2800000000 
H 6.8600000000 6.7100000000 8.2400000000 
H 6.5500000000 7.8600000000 9.2100000000 
O 2.8500000000 6.2200000000 1.3000000000 
H 2.9300000000 5.2200000000 1.4100000000 
H 3.8100000000 6.4500000000 1.4200000000 
O 3.7600000000 8.1200000000 7.4400000000 
H 4.7000000000 7.8300000000 7.6800000000 
H 3.3100000000 7.2000000000 7.5600000000 
O 3.8300000000 3.2200000000 6.6600000000 
H 3.1500000000 2.8000000000 6.2100000000 
H 3.9900000000 3.9300000000 6.0100000000 
O 5.3800000000 3.4100000000 9.1100000000 
H 5.8800000000 4.2400000000 8.8200000000 
H 4.9300000000 3.3300000000 8.2600000000 
O 0.6000000000 7.0700000000 8.5200000000 
H 0.1700000000 6.8600000000 9.4300000000 
H 1.5800000000 6.8500000000 8.7400000000 
O 9.5600000000 8.3600000000 3.3600000000 
H 0.5700000000 8.8300000000 3.2800000000 
H 9.6400000000 7.8500000000 4.2100000000 
O 7.2300000000 5.5100000000 6.6900000000 
H 7.4400000000 4.5500000000 6.8000000000 
H 8.0800000000 5.8600000000 6.4500000000 
O 4.7300000000 5.5000000000 5.2000000000 
H 5.1400000000 6.2500000000 4.7300000000 
H 5.4300000000 5.3800000000 5.9200000000 
O 7.6000000000 5.3900000000 9.7500000000 
H 8.4200000000 5.8100000000 0.3200000000 
H 7.9400000000 4.5300000000 9.4600000000 
O 3.4700000000 3.6300000000 1.3300000000 
H 3.7300000000 3.0600000000 2.1200000000 
H 4.2400000000 3.3900000000 0.7300000000 
O 7.5500000000 2.7600000000 6.6900000000 
H 7.0300000000 1.9700000000 6.6800000000 
H 7.8600000000 2.6500000000 5.7700000000 
O 1.5000000000 2.8600000000 4.3800000000 
H 1.4700000000 3.8200000000 4.1700000000 
H 0.5700000000 2.6900000000 4.4600000000 
O 8.6300000000 2.9600000000 9.2200000000 
H 9.5600000000 2.8900000000 9.4400000000 
H 8.6000000000 2.9600000000 8.2500000000 
O 4.0700000000 2.2500000000 3.4200000000 
H 3.1300000000 2.2900000000 3.6800000000 
H 4.2900000000 1.4900000000 3.9300000000 
O 7.2500000000 1.4100000000 1.3500000000 
H 6.8700000000 2.3100000000 1.6400000000 
H 7.6900000000 1.7500000000 0.5800000000 
O 4.2500000000 0.2600000000 5.5900000000 
H 5.0600000000 0.4100000000 6.0300000000 
H 4.0600000000 9.2700000000 6.1300000000 
O 1.4400000000 2.6500000000 9.4100000000 
H 1.5600000000 1.7100000000 9.1600000000 
H 2.2100000000 2.8900000000 0.0500000000 
O 8.2900000000 2.2000000000 4.1900000000 
H 7.7900000000 2.8800000000 3.6300000000 
H 8.5700000000 1.5300000000 3.4700000000 
O 9.8100000000 6.7900000000 5.7700000000 
H 0.6700000000 6.1300000000 5.5600000000 
H 0.2000000000 7.0800000000 6.6900000000 

