&CONTROL
/
&SYSTEM
   ntyp             = 2
   nat              = 96
   ibrav            = 0
/
&ELECTRONS
/
&IONS
/
&CELL
/

ATOMIC_SPECIES
O 15.999 None
H 1.008 None

K_POINTS gamma

CELL_PARAMETERS angstrom
9.86520000000000 0.00000000000000 0.00000000000000
0.00000000000000 9.86520000000000 0.00000000000000
0.00000000000000 0.00000000000000 9.86520000000000

ATOMIC_POSITIONS angstrom
O 0.5500000000 5.5600000000 4.5800000000 
H 0.2200000000 6.4500000000 4.8700000000 
H 0.2300000000 5.0000000000 5.3900000000 
O 0.2800000000 6.3100000000 1.9300000000 
H 0.5300000000 5.8400000000 2.7500000000 
H 0.6000000000 7.2200000000 2.0800000000 
O 2.9600000000 1.7500000000 8.8200000000 
H 3.3500000000 2.6700000000 8.9200000000 
H 3.6600000000 1.1100000000 9.2800000000 
O 6.7100000000 6.4000000000 0.6200000000 
H 6.7100000000 7.0900000000 1.3900000000 
H 6.7800000000 5.5200000000 1.0300000000 
O 7.4800000000 4.2700000000 2.3400000000 
H 7.8900000000 3.4200000000 2.1200000000 
H 8.2300000000 4.8100000000 2.6800000000 
O 8.4400000000 9.6900000000 3.2800000000 
H 8.9900000000 8.9200000000 3.0300000000 
H 8.2600000000 0.3800000000 2.4100000000 
O 2.3100000000 3.5500000000 3.4800000000 
H 1.6900000000 4.3400000000 3.7400000000 
H 2.5600000000 3.1900000000 4.3500000000 
O 8.5400000000 8.0100000000 8.2900000000 
H 8.1800000000 7.2300000000 8.8300000000 
H 9.4800000000 7.7400000000 8.3000000000 
O 3.1700000000 8.0000000000 0.4600000000 
H 3.5300000000 8.8700000000 0.5700000000 
H 2.6100000000 7.9900000000 1.2700000000 
O 5.5000000000 8.6600000000 2.5000000000 
H 4.8500000000 7.9600000000 2.7100000000 
H 5.8500000000 8.9500000000 3.3900000000 
O 4.7200000000 0.2200000000 0.2600000000 
H 5.1400000000 9.6500000000 1.0700000000 
H 5.5100000000 0.1900000000 9.5500000000 
O 6.8900000000 1.2500000000 5.3300000000 
H 6.5200000000 0.3800000000 5.5600000000 
H 7.6000000000 0.9800000000 4.6800000000 
O 9.2000000000 8.1500000000 5.4500000000 
H 8.6500000000 8.8100000000 4.8900000000 
H 8.6700000000 8.3000000000 6.2900000000 
O 1.3800000000 1.4600000000 1.4700000000 
H 1.6800000000 2.1500000000 1.9900000000 
H 1.9100000000 1.5600000000 0.6300000000 
O 5.9500000000 8.5400000000 5.4800000000 
H 5.7600000000 8.4700000000 6.4500000000 
H 6.0700000000 7.5800000000 5.1600000000 
O 5.3000000000 5.7300000000 6.3700000000 
H 4.9200000000 6.4100000000 6.9000000000 
H 6.0900000000 5.6000000000 6.9800000000 
O 7.1500000000 0.4200000000 8.3100000000 
H 7.9600000000 1.0200000000 8.1400000000 
H 7.5800000000 9.3900000000 8.3900000000 
O 1.5100000000 7.4100000000 8.1400000000 
H 1.9900000000 7.7000000000 8.9200000000 
H 2.2600000000 7.3700000000 7.4600000000 
O 3.1800000000 9.7500000000 4.4800000000 
H 2.8900000000 0.6100000000 5.0600000000 
H 4.1300000000 0.0900000000 4.4400000000 
O 7.5500000000 4.3800000000 7.5100000000 
H 7.8100000000 3.4600000000 7.3400000000 
H 8.3700000000 4.8400000000 7.6300000000 
O 4.1200000000 6.5400000000 3.5600000000 
H 4.0600000000 6.0100000000 2.7800000000 
H 4.5300000000 6.0500000000 4.2700000000 
O 4.9400000000 7.1800000000 8.5500000000 
H 5.7100000000 6.9000000000 9.1400000000 
H 4.3100000000 7.5400000000 9.2300000000 
O 1.2500000000 8.7300000000 2.5300000000 
H 1.8800000000 9.0800000000 3.1500000000 
H 1.1100000000 9.6000000000 2.1000000000 
O 0.4100000000 3.9400000000 0.3300000000 
H 0.1600000000 4.5500000000 1.0700000000 
H 1.2800000000 4.3000000000 0.1600000000 
O 3.0300000000 4.6700000000 9.4200000000 
H 3.4300000000 5.3700000000 8.9100000000 
H 3.6700000000 4.5200000000 0.3000000000 
O 9.3200000000 2.1700000000 8.5700000000 
H 9.6200000000 2.9100000000 9.1800000000 
H 0.3700000000 1.8300000000 8.2100000000 
O 2.5600000000 2.1200000000 6.1900000000 
H 2.5100000000 1.9900000000 7.1200000000 
H 3.4400000000 2.6300000000 6.0100000000 
O 4.8800000000 3.1700000000 5.4200000000 
H 5.1500000000 4.0600000000 5.7400000000 
H 5.6400000000 2.5500000000 5.4900000000 
O 2.6600000000 7.3400000000 5.7500000000 
H 2.5000000000 8.1200000000 5.2300000000 
H 3.0600000000 6.8300000000 5.0200000000 
O 8.3200000000 1.7000000000 1.3200000000 
H 7.9200000000 1.8500000000 0.3900000000 
H 9.2600000000 1.8500000000 1.1600000000 
O 4.2700000000 4.2200000000 1.8400000000 
H 3.6300000000 3.8300000000 2.4500000000 
H 5.1500000000 3.9200000000 2.0300000000 
O 0.4400000000 5.1600000000 7.3600000000 
H 0.8400000000 6.0600000000 7.5700000000 
H 0.5600000000 4.7200000000 8.2400000000 

