&CONTROL
/
&SYSTEM
   ntyp             = 2
   nat              = 96
   ibrav            = 0
/
&ELECTRONS
/
&IONS
/
&CELL
/

ATOMIC_SPECIES
O 15.999 None
H 1.008 None

K_POINTS gamma

CELL_PARAMETERS angstrom
9.86520000000000 0.00000000000000 0.00000000000000
0.00000000000000 9.86520000000000 0.00000000000000
0.00000000000000 0.00000000000000 9.86520000000000

ATOMIC_POSITIONS angstrom
O 4.2600000000 3.5100000000 0.5900000000 
H 4.4400000000 3.0600000000 9.6200000000 
H 3.2800000000 3.6200000000 0.5200000000 
O 9.0300000000 3.4200000000 2.6100000000 
H 8.5500000000 3.4000000000 1.7000000000 
H 8.3800000000 3.8600000000 3.1200000000 
O 6.3500000000 2.5900000000 4.9800000000 
H 5.5700000000 2.7200000000 4.5200000000 
H 6.7700000000 3.4400000000 4.7900000000 
O 5.3100000000 8.8300000000 8.9800000000 
H 5.7700000000 9.6900000000 8.7800000000 
H 4.7300000000 8.8400000000 8.2300000000 
O 6.3200000000 8.3200000000 4.7800000000 
H 6.2900000000 8.5400000000 3.9100000000 
H 5.5100000000 8.7200000000 5.2000000000 
O 3.4900000000 7.4700000000 1.1500000000 
H 4.1000000000 6.7600000000 1.4000000000 
H 3.9900000000 8.1600000000 0.7300000000 
O 3.3800000000 7.5300000000 6.7400000000 
H 3.4500000000 8.3700000000 6.2900000000 
H 2.5700000000 7.0800000000 6.3200000000 
O 7.3000000000 4.9900000000 3.8800000000 
H 7.7300000000 5.6200000000 4.4400000000 
H 6.7900000000 5.4600000000 3.2000000000 
O 8.1500000000 6.5400000000 6.0900000000 
H 7.4700000000 7.1500000000 5.6200000000 
H 7.7300000000 6.4800000000 6.9900000000 
O 0.7200000000 0.7500000000 5.1900000000 
H 9.6500000000 0.6000000000 5.2900000000 
H 0.8500000000 1.0100000000 4.2300000000 
O 5.6500000000 5.6100000000 1.5000000000 
H 5.1900000000 4.7500000000 1.2700000000 
H 6.2800000000 5.7400000000 0.7200000000 
O 7.3900000000 2.9600000000 0.5900000000 
H 6.7600000000 3.0500000000 9.7500000000 
H 7.9300000000 2.1400000000 0.3100000000 
O 8.3400000000 8.3200000000 1.2300000000 
H 7.5300000000 8.8100000000 1.6400000000 
H 9.0300000000 8.5800000000 1.7900000000 
O 1.9600000000 0.6000000000 9.7800000000 
H 2.0800000000 1.0700000000 8.9200000000 
H 1.4400000000 9.6800000000 9.5600000000 
O 8.9900000000 1.4400000000 8.4100000000 
H 9.3800000000 0.5900000000 8.7800000000 
H 8.9200000000 1.2800000000 7.5100000000 
O 4.3000000000 1.0400000000 2.0300000000 
H 3.8300000000 0.4100000000 1.4300000000 
H 4.2900000000 1.8600000000 1.5200000000 
O 1.3800000000 8.1600000000 3.5400000000 
H 1.4700000000 9.1200000000 3.4300000000 
H 1.8500000000 7.7500000000 2.7900000000 
O 4.3200000000 0.3700000000 6.2900000000 
H 4.5100000000 1.1300000000 5.6700000000 
H 3.4700000000 0.5800000000 6.7200000000 
O 0.9900000000 6.5700000000 5.7400000000 
H 0.0300000000 6.6400000000 5.9100000000 
H 0.9900000000 7.0500000000 4.9000000000 
O 9.1000000000 5.3400000000 9.3000000000 
H 8.7800000000 4.4800000000 9.6400000000 
H 8.2600000000 5.7800000000 9.1100000000 
O 4.6700000000 5.2700000000 7.2300000000 
H 3.9100000000 4.7500000000 6.9900000000 
H 4.2800000000 6.1700000000 7.1100000000 
O 1.7700000000 4.9700000000 0.7400000000 
H 0.9000000000 5.2000000000 0.2100000000 
H 2.2700000000 5.8200000000 0.7200000000 
O 3.9200000000 2.4600000000 4.3700000000 
H 3.9300000000 1.7400000000 3.6400000000 
H 3.0500000000 2.9400000000 4.1900000000 
O 6.4700000000 6.4200000000 8.8700000000 
H 5.9100000000 5.9100000000 8.2000000000 
H 5.9200000000 7.2200000000 8.8500000000 
O 0.6000000000 8.3000000000 8.7500000000 
H 0.6000000000 7.6700000000 8.0100000000 
H 0.0500000000 7.8700000000 9.4600000000 
O 5.9300000000 2.8600000000 8.0600000000 
H 6.1500000000 2.4900000000 7.2100000000 
H 5.7900000000 3.7200000000 7.6300000000 
O 2.0400000000 1.6500000000 7.3400000000 
H 1.5800000000 1.1800000000 6.7000000000 
H 2.0500000000 2.5700000000 7.0100000000 
O 2.2100000000 4.2100000000 6.5000000000 
H 1.7900000000 5.0500000000 6.8000000000 
H 1.9000000000 4.3500000000 5.6000000000 
O 8.1200000000 0.5400000000 5.7600000000 
H 7.5800000000 9.8300000000 5.1700000000 
H 7.5400000000 1.2800000000 5.9100000000 
O 1.0600000000 0.9400000000 2.5500000000 
H 0.3600000000 1.6200000000 2.3700000000 
H 1.4000000000 0.7400000000 1.6300000000 
O 1.5800000000 4.1000000000 3.5100000000 
H 0.7100000000 3.7800000000 3.2400000000 
H 1.8000000000 4.3600000000 2.5800000000 
O 6.8800000000 0.4000000000 2.5300000000 
H 5.9700000000 0.5900000000 2.2500000000 
H 7.2300000000 1.2900000000 2.7200000000 

