&CONTROL
/
&SYSTEM
   ntyp             = 2
   nat              = 96
   ibrav            = 0
/
&ELECTRONS
/
&IONS
/
&CELL
/

ATOMIC_SPECIES
O 15.999 None
H 1.008 None

K_POINTS gamma

CELL_PARAMETERS angstrom
9.86520000000000 0.00000000000000 0.00000000000000
0.00000000000000 9.86520000000000 0.00000000000000
0.00000000000000 0.00000000000000 9.86520000000000

ATOMIC_POSITIONS angstrom
O 3.6500000000 1.3900000000 0.5200000000 
H 2.9900000000 2.0700000000 0.1000000000 
H 3.7900000000 1.6600000000 1.3900000000 
O 0.6500000000 4.0300000000 4.1400000000 
H 9.7600000000 4.6100000000 4.4800000000 
H 0.2300000000 3.6100000000 3.3100000000 
O 8.4700000000 7.4000000000 0.3600000000 
H 8.4200000000 7.2200000000 1.3100000000 
H 8.1300000000 8.3400000000 0.3500000000 
O 7.4300000000 1.4000000000 7.0900000000 
H 6.7700000000 0.6800000000 6.8600000000 
H 8.1900000000 1.2900000000 6.4800000000 
O 5.3400000000 4.6200000000 3.5400000000 
H 5.8400000000 4.8800000000 4.3400000000 
H 5.9300000000 3.9500000000 3.0800000000 
O 4.9900000000 5.3100000000 7.3800000000 
H 5.1300000000 5.4900000000 8.3700000000 
H 5.1200000000 6.2300000000 7.0300000000 
O 8.7900000000 4.3200000000 8.2800000000 
H 8.6800000000 3.6500000000 7.5500000000 
H 8.4800000000 5.1000000000 7.7900000000 
O 4.4700000000 1.8000000000 3.0500000000 
H 5.3500000000 2.2500000000 2.8600000000 
H 4.4000000000 1.8600000000 4.0200000000 
O 1.5100000000 6.2100000000 8.5300000000 
H 2.2500000000 6.0500000000 9.1700000000 
H 0.8400000000 5.5700000000 8.7600000000 
O 8.5500000000 0.6600000000 9.6800000000 
H 9.2700000000 0.0800000000 9.2400000000 
H 8.0800000000 1.0700000000 8.9300000000 
O 6.2900000000 5.7300000000 9.8500000000 
H 7.2200000000 5.7300000000 9.7300000000 
H 6.1600000000 6.3500000000 0.7200000000 
O 2.9000000000 5.6900000000 4.3100000000 
H 3.5500000000 5.1100000000 4.0500000000 
H 2.1000000000 5.1800000000 4.0700000000 
O 8.4200000000 5.5900000000 4.8800000000 
H 7.8800000000 4.8200000000 5.3100000000 
H 8.5300000000 6.3200000000 5.5400000000 
O 6.6800000000 3.6600000000 5.9900000000 
H 6.7100000000 2.7500000000 6.4900000000 
H 6.0200000000 4.1300000000 6.5400000000 
O 7.7200000000 7.4500000000 3.0400000000 
H 7.9800000000 6.6100000000 3.5200000000 
H 6.8500000000 7.7200000000 3.4600000000 
O 1.5100000000 8.3900000000 5.3200000000 
H 1.9600000000 8.4700000000 4.4800000000 
H 1.8800000000 7.5300000000 5.7000000000 
O 6.1400000000 8.5100000000 7.7500000000 
H 5.9600000000 8.2600000000 8.6900000000 
H 5.3300000000 9.0400000000 7.5100000000 
O 2.2200000000 3.9100000000 6.6600000000 
H 1.9200000000 4.0000000000 5.7200000000 
H 2.8100000000 4.6700000000 6.7700000000 
O 3.8700000000 0.0400000000 7.7000000000 
H 3.8600000000 0.4600000000 8.5300000000 
H 2.9900000000 0.1900000000 7.3200000000 
O 3.0900000000 8.9200000000 3.0800000000 
H 3.4600000000 9.8300000000 2.9600000000 
H 2.6900000000 8.8100000000 2.1600000000 
O 1.9900000000 3.4400000000 9.4400000000 
H 2.5300000000 4.2000000000 9.6800000000 
H 1.8300000000 3.6100000000 8.4900000000 
O 2.2500000000 8.4300000000 0.6300000000 
H 2.2200000000 9.1500000000 9.8100000000 
H 1.6400000000 7.7900000000 0.1900000000 
O 1.6700000000 1.2500000000 6.7200000000 
H 0.9100000000 1.3100000000 6.0900000000 
H 1.7900000000 2.2600000000 6.8600000000 
O 5.1300000000 8.3200000000 0.6600000000 
H 5.0200000000 9.2500000000 1.0400000000 
H 4.2000000000 8.0700000000 0.5000000000 
O 8.2500000000 0.4700000000 2.5200000000 
H 8.1000000000 9.3900000000 2.4700000000 
H 8.5900000000 0.7400000000 1.6300000000 
O 3.4900000000 5.6800000000 0.4300000000 
H 3.2200000000 6.0800000000 1.2900000000 
H 4.4500000000 5.4600000000 0.5300000000 
O 9.4400000000 0.8400000000 5.1800000000 
H 9.2200000000 0.7500000000 4.2300000000 
H 0.0800000000 9.8600000000 5.3100000000 
O 5.3300000000 7.7100000000 4.3400000000 
H 4.6300000000 7.0100000000 4.4000000000 
H 4.7000000000 8.4400000000 4.0700000000 
O 9.3500000000 3.2400000000 1.1700000000 
H 8.7400000000 3.6300000000 0.4800000000 
H 0.3700000000 3.2300000000 0.7400000000 
O 6.7900000000 2.6700000000 2.4700000000 
H 7.1200000000 1.7100000000 2.4200000000 
H 7.4900000000 3.1300000000 1.9600000000 
O 0.6000000000 9.2300000000 8.2700000000 
H 0.8000000000 8.5100000000 7.7200000000 
H 0.8900000000 0.1200000000 7.6700000000 
O 8.0600000000 6.6900000000 7.4800000000 
H 7.1700000000 7.1700000000 7.3800000000 
H 8.4300000000 7.1000000000 8.3300000000 

