&CONTROL
/
&SYSTEM
   ntyp             = 2
   nat              = 96
   ibrav            = 0
/
&ELECTRONS
/
&IONS
/
&CELL
/

ATOMIC_SPECIES
O 15.999 None
H 1.008 None

K_POINTS gamma

CELL_PARAMETERS angstrom
9.86520000000000 0.00000000000000 0.00000000000000
0.00000000000000 9.86520000000000 0.00000000000000
0.00000000000000 0.00000000000000 9.86520000000000

ATOMIC_POSITIONS angstrom
O 7.7700000000 3.4900000000 7.2500000000 
H 8.3300000000 2.7300000000 6.9900000000 
H 8.2500000000 4.2900000000 6.9400000000 
O 2.3200000000 4.5900000000 7.4900000000 
H 1.6800000000 4.8400000000 8.1400000000 
H 1.7700000000 4.3100000000 6.7400000000 
O 0.8100000000 4.3900000000 2.4600000000 
H 0.0800000000 4.7100000000 1.8400000000 
H 1.4800000000 4.0100000000 1.8200000000 
O 2.3900000000 6.3000000000 3.5800000000 
H 2.8100000000 5.5600000000 4.1300000000 
H 1.6100000000 5.8200000000 3.2400000000 
O 0.3500000000 0.2100000000 5.2500000000 
H 9.7000000000 9.4200000000 4.7300000000 
H 1.3100000000 0.1400000000 5.0200000000 
O 5.4500000000 9.1500000000 3.6300000000 
H 5.9000000000 8.8100000000 2.8300000000 
H 5.9000000000 0.2200000000 3.6600000000 
O 2.5900000000 3.2300000000 0.5500000000 
H 2.0000000000 2.4900000000 0.2300000000 
H 3.4900000000 2.8700000000 0.7000000000 
O 1.5600000000 0.9100000000 1.9200000000 
H 0.7200000000 1.3100000000 2.3100000000 
H 1.9300000000 0.5900000000 2.8100000000 
O 1.1300000000 7.7200000000 7.1300000000 
H 2.1100000000 7.7800000000 7.1700000000 
H 0.8900000000 8.5700000000 6.7400000000 
O 1.3000000000 0.1500000000 9.2400000000 
H 1.4000000000 0.2800000000 0.3000000000 
H 2.2200000000 9.8400000000 9.0300000000 
O 0.8600000000 3.7900000000 5.1800000000 
H 0.9800000000 4.0700000000 4.2400000000 
H 1.0800000000 2.8000000000 5.1000000000 
O 9.3700000000 1.1700000000 7.4100000000 
H 0.2400000000 0.8400000000 7.9300000000 
H 9.6400000000 0.8800000000 6.5200000000 
O 4.6400000000 6.1500000000 8.6700000000 
H 3.8000000000 5.7200000000 8.3000000000 
H 4.4700000000 5.9900000000 9.6400000000 
O 3.9800000000 8.9700000000 8.2000000000 
H 4.2700000000 8.0500000000 8.1100000000 
H 4.6100000000 9.4100000000 7.5900000000 
O 6.0000000000 8.4000000000 6.1900000000 
H 5.8300000000 8.9000000000 5.3300000000 
H 6.0500000000 7.4800000000 5.9500000000 
O 9.3800000000 7.8000000000 0.4600000000 
H 8.7100000000 7.4200000000 9.7200000000 
H 0.1700000000 8.1300000000 9.7500000000 
O 7.5400000000 1.7800000000 0.2400000000 
H 8.0700000000 1.7500000000 9.2400000000 
H 6.8800000000 1.0600000000 0.0100000000 
O 9.2900000000 5.8400000000 6.4900000000 
H 0.1000000000 5.5000000000 5.8800000000 
H 9.7300000000 6.7000000000 6.7900000000 
O 4.4900000000 1.0200000000 0.3500000000 
H 4.1900000000 0.7400000000 9.3000000000 
H 4.6100000000 0.1900000000 0.8500000000 
O 8.9200000000 1.4500000000 2.6400000000 
H 8.5700000000 1.5700000000 1.7000000000 
H 8.6900000000 2.2600000000 3.1700000000 
O 4.2500000000 6.0400000000 1.3700000000 
H 3.8100000000 5.1700000000 1.4700000000 
H 3.7800000000 6.6600000000 1.9400000000 
O 7.2000000000 3.8800000000 3.4200000000 
H 7.4500000000 4.2100000000 2.5400000000 
H 7.1400000000 4.7300000000 3.8800000000 
O 2.6700000000 9.3200000000 4.0900000000 
H 2.6300000000 8.3700000000 3.8500000000 
H 3.6100000000 9.5200000000 3.9200000000 
O 7.3000000000 6.2300000000 9.0600000000 
H 6.3500000000 6.2800000000 8.9100000000 
H 7.6100000000 5.6300000000 8.3400000000 
O 8.2500000000 4.2700000000 1.0300000000 
H 7.8700000000 4.9400000000 0.4000000000 
H 7.7400000000 3.4800000000 0.6200000000 
O 8.9200000000 8.5800000000 3.4000000000 
H 9.2400000000 8.1500000000 2.5000000000 
H 8.5400000000 9.4300000000 3.0600000000 
O 6.1900000000 1.5200000000 4.8200000000 
H 6.7800000000 2.2500000000 4.4800000000 
H 5.8000000000 1.8400000000 5.6500000000 
O 7.1900000000 9.2700000000 8.4800000000 
H 6.8600000000 8.8800000000 7.7200000000 
H 7.9700000000 9.7300000000 8.2100000000 
O 4.8800000000 2.7500000000 7.0600000000 
H 5.7200000000 3.2900000000 7.3400000000 
H 4.2200000000 3.4700000000 7.1900000000 
O 7.2600000000 6.3300000000 4.7300000000 
H 7.8700000000 6.2000000000 5.5100000000 
H 7.4800000000 7.2200000000 4.4700000000 
O 4.2100000000 3.7600000000 4.1000000000 
H 4.9200000000 4.2700000000 3.6300000000 
H 4.7400000000 2.9500000000 4.3900000000 
O 6.0800000000 8.3400000000 1.1900000000 
H 6.7300000000 8.6000000000 0.4600000000 
H 5.6900000000 7.4800000000 0.9900000000 

