&CONTROL
/
&SYSTEM
   ntyp             = 2
   nat              = 96
   ibrav            = 0
/
&ELECTRONS
/
&IONS
/
&CELL
/

ATOMIC_SPECIES
O 15.999 None
H 1.008 None

K_POINTS gamma

CELL_PARAMETERS angstrom
9.86520000000000 0.00000000000000 0.00000000000000
0.00000000000000 9.86520000000000 0.00000000000000
0.00000000000000 0.00000000000000 9.86520000000000

ATOMIC_POSITIONS angstrom
O 0.1900000000 0.3700000000 7.0400000000 
H 9.3900000000 9.6000000000 6.7100000000 
H 1.0200000000 9.7200000000 7.0300000000 
O 9.7000000000 2.4200000000 4.4200000000 
H 9.0100000000 1.8400000000 4.1700000000 
H 0.4200000000 1.8900000000 5.0100000000 
O 5.4500000000 3.2700000000 4.9500000000 
H 5.4300000000 4.1400000000 5.3000000000 
H 6.4000000000 3.2100000000 5.0100000000 
O 9.3800000000 4.3600000000 0.3400000000 
H 9.5300000000 5.1800000000 9.7000000000 
H 9.6300000000 3.7300000000 9.4800000000 
O 2.7500000000 7.9800000000 2.7700000000 
H 2.9200000000 7.0500000000 3.1200000000 
H 3.6100000000 8.4600000000 2.8600000000 
O 4.0500000000 2.8300000000 8.9900000000 
H 4.8800000000 3.2800000000 9.4300000000 
H 3.6900000000 3.5100000000 8.3100000000 
O 6.3700000000 6.2800000000 5.7400000000 
H 6.5700000000 7.2000000000 5.5400000000 
H 7.1100000000 5.8100000000 5.2600000000 
O 8.7600000000 5.4200000000 4.2700000000 
H 9.4000000000 4.6200000000 4.2600000000 
H 9.3200000000 6.1700000000 4.7100000000 
O 0.9400000000 0.0900000000 2.0800000000 
H 1.4000000000 9.2100000000 2.5100000000 
H 1.6300000000 0.6700000000 1.7800000000 
O 0.3300000000 2.8500000000 8.1100000000 
H 1.2600000000 2.9600000000 7.9500000000 
H 0.2600000000 1.9000000000 7.9100000000 
O 2.7700000000 9.5200000000 6.4100000000 
H 3.1600000000 8.6500000000 6.2600000000 
H 3.2600000000 0.1600000000 5.7500000000 
O 6.3900000000 5.5700000000 8.5400000000 
H 6.8900000000 6.3700000000 8.9000000000 
H 6.2600000000 5.8200000000 7.5900000000 
O 9.3100000000 9.2700000000 4.4400000000 
H 8.3900000000 9.3500000000 4.5400000000 
H 9.5300000000 9.5000000000 3.5200000000 
O 4.2200000000 9.1500000000 8.7900000000 
H 3.4100000000 8.7400000000 9.2000000000 
H 3.8100000000 9.6200000000 8.0300000000 
O 7.1500000000 0.5900000000 2.9100000000 
H 7.4200000000 1.0300000000 2.0200000000 
H 6.4200000000 1.1800000000 3.2600000000 
O 2.3800000000 4.6400000000 7.4100000000 
H 1.6400000000 5.0300000000 7.9000000000 
H 2.6100000000 5.2600000000 6.7200000000 
O 0.5200000000 6.4300000000 8.2800000000 
H 0.5700000000 6.8000000000 7.3400000000 
H 1.1900000000 6.9800000000 8.7900000000 
O 1.7900000000 8.1800000000 0.0700000000 
H 2.2300000000 8.0100000000 0.9200000000 
H 1.2200000000 8.9700000000 0.3500000000 
O 1.3900000000 3.5800000000 2.6400000000 
H 0.9800000000 2.9800000000 3.2800000000 
H 0.6400000000 3.8300000000 2.0400000000 
O 6.6000000000 8.9700000000 5.2600000000 
H 6.4000000000 9.6000000000 6.0100000000 
H 5.7600000000 9.0300000000 4.7600000000 
O 0.7100000000 7.0500000000 5.3900000000 
H 1.6300000000 7.2800000000 5.2800000000 
H 0.1500000000 7.7900000000 4.9500000000 
O 3.2900000000 5.3700000000 3.5400000000 
H 4.1100000000 4.9000000000 3.2200000000 
H 2.6200000000 4.7500000000 3.3400000000 
O 5.9700000000 0.8900000000 7.3700000000 
H 5.6000000000 0.7800000000 8.3300000000 
H 6.3000000000 1.8400000000 7.3000000000 
O 6.9100000000 8.3700000000 9.3700000000 
H 6.0600000000 8.5400000000 8.8900000000 
H 7.1400000000 9.3000000000 9.6400000000 
O 6.2200000000 3.6900000000 0.6400000000 
H 6.4000000000 4.4100000000 0.0600000000 
H 6.1700000000 4.1400000000 1.5100000000 
O 3.5900000000 6.9100000000 5.9100000000 
H 4.4600000000 6.5000000000 6.1700000000 
H 3.5500000000 6.5600000000 4.9400000000 
O 4.4200000000 0.6600000000 4.1200000000 
H 3.8000000000 0.7900000000 3.3300000000 
H 4.6900000000 1.5500000000 4.3200000000 
O 3.3600000000 1.5700000000 1.5600000000 
H 3.5600000000 1.5100000000 0.5600000000 
H 3.2300000000 2.5000000000 1.6500000000 
O 7.5500000000 3.1800000000 7.1500000000 
H 7.4000000000 3.7500000000 7.9300000000 
H 8.4600000000 2.8800000000 7.2000000000 
O 5.6400000000 8.1700000000 2.2600000000 
H 5.6900000000 8.1200000000 1.3000000000 
H 6.3000000000 8.8600000000 2.5000000000 
O 7.5600000000 1.3500000000 0.1500000000 
H 8.4500000000 1.5600000000 9.6900000000 
H 7.1000000000 2.1800000000 0.2800000000 
O 6.2500000000 5.4200000000 2.7100000000 
H 7.1300000000 5.3000000000 3.1200000000 
H 6.1300000000 6.3900000000 2.6700000000 

