&CONTROL
/
&SYSTEM
   ntyp             = 2
   nat              = 96
   ibrav            = 0
/
&ELECTRONS
/
&IONS
/
&CELL
/

ATOMIC_SPECIES
O 15.999 None
H 1.008 None

K_POINTS gamma

CELL_PARAMETERS angstrom
9.86520000000000 0.00000000000000 0.00000000000000
0.00000000000000 9.86520000000000 0.00000000000000
0.00000000000000 0.00000000000000 9.86520000000000

ATOMIC_POSITIONS angstrom
O 6.2200000000 5.1000000000 1.3600000000 
H 5.9100000000 5.7400000000 2.0600000000 
H 5.4500000000 5.2000000000 0.7500000000 
O 8.5000000000 9.5000000000 1.0400000000 
H 9.3100000000 9.6400000000 0.5000000000 
H 8.0900000000 0.5200000000 1.2000000000 
O 8.9900000000 3.2500000000 6.0100000000 
H 8.3800000000 3.7900000000 6.5500000000 
H 9.7100000000 3.8500000000 5.7400000000 
O 1.8600000000 1.2000000000 4.4900000000 
H 2.5800000000 1.8200000000 4.7000000000 
H 1.4300000000 1.5300000000 3.6600000000 
O 5.3500000000 1.8400000000 3.8100000000 
H 5.8200000000 2.5600000000 4.2600000000 
H 4.4900000000 2.3100000000 3.5200000000 
O 4.0400000000 4.4500000000 9.6500000000 
H 3.8300000000 3.7600000000 9.0400000000 
H 3.6600000000 5.3200000000 9.2600000000 
O 6.5500000000 4.5100000000 4.4100000000 
H 7.4300000000 4.7700000000 4.2100000000 
H 6.2600000000 5.3400000000 4.8300000000 
O 8.6600000000 6.5300000000 0.6700000000 
H 8.1400000000 7.4300000000 0.5800000000 
H 8.0100000000 5.9200000000 1.0400000000 
O 0.8300000000 0.0400000000 9.5600000000 
H 0.9700000000 0.5100000000 8.6400000000 
H 1.7100000000 0.1600000000 0.0500000000 
O 9.1300000000 5.4900000000 3.7200000000 
H 0.1500000000 5.3600000000 4.0400000000 
H 9.2300000000 6.3800000000 3.4400000000 
O 6.2500000000 9.0000000000 6.3300000000 
H 5.9700000000 9.0600000000 5.3600000000 
H 7.0600000000 9.5200000000 6.3100000000 
O 7.5800000000 5.2200000000 7.3000000000 
H 6.6700000000 5.5800000000 7.2100000000 
H 8.0200000000 6.0500000000 7.1100000000 
O 1.0000000000 1.5000000000 7.1100000000 
H 0.5100000000 2.3000000000 6.8700000000 
H 0.8100000000 1.0200000000 6.3100000000 
O 7.1200000000 2.5700000000 8.3100000000 
H 7.4600000000 2.6100000000 9.2200000000 
H 7.1300000000 3.4900000000 7.9400000000 
O 3.3900000000 2.5100000000 1.5600000000 
H 3.7400000000 3.2000000000 0.8900000000 
H 2.4400000000 2.7300000000 1.7900000000 
O 1.1500000000 8.4400000000 5.3100000000 
H 1.6400000000 9.3100000000 5.0600000000 
H 0.5200000000 8.4000000000 4.5700000000 
O 0.7400000000 2.6300000000 2.4300000000 
H 0.4700000000 2.7100000000 1.4700000000 
H 0.1200000000 3.2000000000 2.9200000000 
O 3.7100000000 3.4000000000 5.4000000000 
H 4.5600000000 3.8700000000 5.5100000000 
H 3.6400000000 2.8900000000 6.2500000000 
O 3.9400000000 0.0100000000 1.3300000000 
H 3.9200000000 0.9200000000 1.6000000000 
H 4.3300000000 0.0900000000 0.4300000000 
O 3.3700000000 2.3200000000 7.9000000000 
H 3.9300000000 1.5500000000 8.0800000000 
H 2.4900000000 1.8900000000 7.8600000000 
O 5.2300000000 0.5000000000 8.6100000000 
H 5.6500000000 9.8500000000 7.8100000000 
H 5.9500000000 1.2000000000 8.5100000000 
O 4.5200000000 7.1600000000 2.1400000000 
H 3.6600000000 6.8700000000 2.2000000000 
H 4.3500000000 8.0300000000 1.7200000000 
O 8.2700000000 0.7600000000 5.3800000000 
H 8.4700000000 1.6100000000 5.8100000000 
H 8.1300000000 1.0000000000 4.4400000000 
O 1.2100000000 5.1900000000 5.6300000000 
H 1.7100000000 5.8500000000 6.1600000000 
H 1.8900000000 4.5000000000 5.3500000000 
O 0.2700000000 4.1000000000 0.0300000000 
H 0.9000000000 4.8000000000 0.1300000000 
H 9.3900000000 4.5600000000 9.4500000000 
O 2.1400000000 7.1400000000 7.4000000000 
H 1.8500000000 7.8200000000 6.8200000000 
H 1.4400000000 7.1300000000 8.1200000000 
O 5.2800000000 6.4800000000 6.4800000000 
H 5.4600000000 7.4400000000 6.3800000000 
H 4.3900000000 6.6000000000 6.9100000000 
O 6.3500000000 8.7200000000 3.6300000000 
H 5.7500000000 8.1700000000 3.1000000000 
H 5.9600000000 9.6100000000 3.3900000000 
O 7.1500000000 2.3700000000 1.6700000000 
H 7.0600000000 3.3400000000 1.8200000000 
H 6.5100000000 2.0000000000 2.3300000000 
O 9.1000000000 7.6300000000 7.1400000000 
H 9.5400000000 7.6200000000 6.2900000000 
H 8.4100000000 8.3300000000 7.0400000000 
O 1.4000000000 6.8100000000 1.2800000000 
H 0.4700000000 6.6700000000 1.0700000000 
H 1.5500000000 7.6700000000 1.0000000000 
O 9.0500000000 8.1200000000 3.4600000000 
H 8.1400000000 8.3700000000 3.7700000000 
H 8.8700000000 8.6100000000 2.5500000000 

