&CONTROL
/
&SYSTEM
   ntyp             = 2
   nat              = 96
   ibrav            = 0
/
&ELECTRONS
/
&IONS
/
&CELL
/

ATOMIC_SPECIES
O 15.999 None
H 1.008 None

K_POINTS gamma

CELL_PARAMETERS angstrom
9.86520000000000 0.00000000000000 0.00000000000000
0.00000000000000 9.86520000000000 0.00000000000000
0.00000000000000 0.00000000000000 9.86520000000000

ATOMIC_POSITIONS angstrom
O 2.9400000000 0.7000000000 1.6300000000 
H 3.0000000000 1.6300000000 1.2900000000 
H 2.1700000000 0.7800000000 2.2600000000 
O 0.2500000000 4.9600000000 2.2400000000 
H 0.1000000000 5.1600000000 1.3100000000 
H 9.1700000000 4.6400000000 2.5200000000 
O 1.2800000000 7.4400000000 2.4400000000 
H 0.6300000000 8.1600000000 2.4500000000 
H 0.8300000000 6.5600000000 2.5300000000 
O 5.5200000000 0.1500000000 6.1700000000 
H 5.1400000000 0.9500000000 6.6300000000 
H 6.4600000000 0.2800000000 6.3800000000 
O 6.4000000000 5.4500000000 1.8700000000 
H 6.5100000000 5.8000000000 2.7800000000 
H 6.8100000000 4.5600000000 1.9300000000 
O 4.1100000000 2.5800000000 7.5100000000 
H 4.1100000000 3.6100000000 7.5300000000 
H 3.8900000000 2.4400000000 8.4400000000 
O 8.0500000000 3.9900000000 6.9400000000 
H 7.1500000000 4.0600000000 6.5700000000 
H 8.2500000000 4.9500000000 6.7700000000 
O 0.3600000000 2.5200000000 4.7200000000 
H 0.3400000000 2.7000000000 3.7400000000 
H 0.6200000000 3.4400000000 4.9700000000 
O 0.8600000000 6.3300000000 9.6200000000 
H 0.6800000000 6.8200000000 8.8200000000 
H 1.0800000000 7.0400000000 0.4700000000 
O 9.2800000000 1.3900000000 0.4600000000 
H 9.8500000000 1.9000000000 9.7200000000 
H 9.3200000000 0.5200000000 9.8200000000 
O 8.0300000000 3.2000000000 2.2300000000 
H 8.3600000000 2.5500000000 1.5900000000 
H 7.5500000000 2.6300000000 2.8600000000 
O 3.2400000000 4.5500000000 3.7700000000 
H 3.0800000000 4.2500000000 2.8800000000 
H 2.4700000000 4.8800000000 4.2200000000 
O 6.4300000000 5.9800000000 4.5400000000 
H 5.8300000000 6.4700000000 5.1300000000 
H 6.0100000000 5.1200000000 4.8100000000 
O 5.3400000000 3.7500000000 5.3200000000 
H 4.6100000000 3.8200000000 4.6600000000 
H 4.8200000000 3.2900000000 6.0800000000 
O 8.7300000000 6.3300000000 5.9000000000 
H 9.0000000000 7.3100000000 5.7000000000 
H 7.9000000000 6.2800000000 5.3600000000 
O 9.8400000000 8.9900000000 5.3300000000 
H 0.6400000000 9.4400000000 5.8800000000 
H 0.0300000000 9.3600000000 4.4300000000 
O 5.3700000000 7.2200000000 6.6200000000 
H 5.8200000000 7.3800000000 7.4800000000 
H 5.2800000000 8.2000000000 6.3100000000 
O 3.6400000000 5.2800000000 7.1900000000 
H 3.6400000000 5.5900000000 8.1100000000 
H 4.2200000000 5.9200000000 6.7400000000 
O 2.0300000000 0.8100000000 6.4700000000 
H 1.7900000000 1.5100000000 5.8100000000 
H 2.6200000000 1.3000000000 7.1400000000 
O 4.1400000000 8.2200000000 3.1400000000 
H 3.8500000000 9.1000000000 2.8400000000 
H 3.3200000000 7.6800000000 3.1100000000 
O 2.7300000000 2.8700000000 0.1900000000 
H 3.2600000000 3.7500000000 0.3000000000 
H 1.8600000000 3.1600000000 9.6500000000 
O 3.8500000000 8.5500000000 0.1300000000 
H 3.6400000000 9.2800000000 0.7800000000 
H 2.9600000000 8.5500000000 9.5300000000 
O 1.3000000000 4.9900000000 5.6300000000 
H 0.4300000000 5.3200000000 5.8400000000 
H 1.8500000000 5.4200000000 6.2600000000 
O 6.4000000000 7.8400000000 9.1600000000 
H 6.5600000000 7.0400000000 9.7800000000 
H 5.4900000000 8.1300000000 9.5000000000 
O 9.4800000000 9.4900000000 2.6400000000 
H 9.4900000000 0.2700000000 1.8500000000 
H 8.5800000000 9.2600000000 2.8000000000 
O 4.2300000000 5.2900000000 0.2900000000 
H 5.2000000000 5.3000000000 0.5700000000 
H 3.7800000000 6.0300000000 0.7800000000 
O 8.1900000000 1.3100000000 6.3900000000 
H 7.9600000000 2.3400000000 6.5200000000 
H 8.9600000000 1.4200000000 5.6800000000 
O 7.1100000000 8.5200000000 3.1700000000 
H 7.0200000000 7.7700000000 3.7700000000 
H 6.1700000000 8.6400000000 2.8000000000 
O 0.3500000000 3.5900000000 9.0300000000 
H 9.4200000000 3.6600000000 8.5100000000 
H 0.5800000000 4.6400000000 9.1000000000 
O 6.4500000000 1.4800000000 3.7200000000 
H 5.9500000000 1.5700000000 4.6100000000 
H 6.6500000000 0.5200000000 3.5700000000 
O 1.3300000000 8.5800000000 8.1400000000 
H 0.3800000000 8.8100000000 8.0300000000 
H 1.7800000000 9.1400000000 7.5100000000 
O 8.6300000000 9.3000000000 8.3500000000 
H 8.3500000000 0.1500000000 7.7600000000 
H 7.8300000000 8.7400000000 8.6300000000 

