&CONTROL
/
&SYSTEM
   ntyp             = 2
   nat              = 96
   ibrav            = 0
/
&ELECTRONS
/
&IONS
/
&CELL
/

ATOMIC_SPECIES
O 15.999 None
H 1.008 None

K_POINTS gamma

CELL_PARAMETERS angstrom
9.86520000000000 0.00000000000000 0.00000000000000
0.00000000000000 9.86520000000000 0.00000000000000
0.00000000000000 0.00000000000000 9.86520000000000

ATOMIC_POSITIONS angstrom
O 4.2200000000 3.1500000000 5.4000000000 
H 4.5400000000 4.0800000000 5.3000000000 
H 4.0800000000 2.8300000000 4.4900000000 
O 0.0300000000 3.1800000000 4.3100000000 
H 9.0400000000 3.4600000000 4.0700000000 
H 0.5300000000 3.0900000000 3.4500000000 
O 4.8800000000 5.8100000000 5.2100000000 
H 5.7000000000 6.4000000000 5.4100000000 
H 4.7300000000 6.1300000000 4.3700000000 
O 0.8700000000 9.3300000000 1.6000000000 
H 0.8900000000 0.4600000000 1.5700000000 
H 0.5900000000 9.1100000000 0.6700000000 
O 7.3600000000 3.8900000000 3.7100000000 
H 7.5700000000 4.1200000000 2.7800000000 
H 6.5400000000 3.3900000000 3.6000000000 
O 4.4400000000 2.5600000000 2.8800000000 
H 4.3100000000 3.0800000000 2.0300000000 
H 4.2500000000 1.6000000000 2.5500000000 
O 8.3800000000 8.9100000000 7.8400000000 
H 9.3900000000 8.9500000000 8.1700000000 
H 8.3200000000 9.4000000000 7.0800000000 
O 6.8500000000 7.7100000000 5.6000000000 
H 7.1200000000 8.4600000000 4.9900000000 
H 6.9600000000 8.1600000000 6.4100000000 
O 0.5400000000 1.3800000000 6.2800000000 
H 0.3000000000 2.0400000000 5.5100000000 
H 1.4500000000 1.1000000000 6.0300000000 
O 2.3700000000 2.2100000000 8.3200000000 
H 2.7400000000 1.7100000000 9.0600000000 
H 1.5400000000 1.7100000000 8.1100000000 
O 4.3700000000 0.4000000000 9.3600000000 
H 5.2000000000 0.0200000000 9.8000000000 
H 4.8000000000 0.7600000000 8.5700000000 
O 9.3100000000 4.7800000000 8.2500000000 
H 8.6200000000 4.8900000000 7.5000000000 
H 0.2900000000 4.6500000000 7.7300000000 
O 8.2100000000 9.3000000000 3.3100000000 
H 8.9900000000 9.1600000000 2.7500000000 
H 7.7200000000 9.8500000000 2.6400000000 
O 1.5000000000 9.1400000000 8.5800000000 
H 2.4300000000 9.0400000000 8.7600000000 
H 1.4800000000 8.7000000000 7.7600000000 
O 6.6800000000 9.0400000000 0.1900000000 
H 7.2800000000 9.0200000000 9.3200000000 
H 6.1900000000 8.1900000000 0.0100000000 
O 1.4200000000 4.5100000000 6.3900000000 
H 1.0700000000 4.1400000000 5.5700000000 
H 2.0800000000 3.8800000000 6.6800000000 
O 7.7200000000 0.8500000000 5.6600000000 
H 8.5700000000 1.2900000000 5.7900000000 
H 7.9000000000 0.3900000000 4.7700000000 
O 9.2700000000 2.1400000000 8.8200000000 
H 9.5000000000 1.7600000000 7.9500000000 
H 9.2200000000 3.1000000000 8.6600000000 
O 1.5000000000 7.2700000000 3.2900000000 
H 1.4400000000 8.1900000000 2.8100000000 
H 1.1700000000 6.5200000000 2.7000000000 
O 4.5800000000 7.2700000000 2.6200000000 
H 4.6300000000 8.2200000000 2.8100000000 
H 3.6200000000 7.1000000000 2.8100000000 
O 1.4400000000 7.4800000000 6.4700000000 
H 1.7100000000 7.4800000000 5.5200000000 
H 1.3300000000 6.5200000000 6.5700000000 
O 3.9200000000 3.7400000000 0.5300000000 
H 3.4700000000 4.3900000000 9.8400000000 
H 3.7800000000 2.9600000000 0.0100000000 
O 5.4600000000 1.2500000000 7.0200000000 
H 5.2100000000 2.0100000000 6.4600000000 
H 6.2600000000 1.0000000000 6.5200000000 
O 4.0100000000 5.4000000000 7.7400000000 
H 4.3500000000 4.5500000000 7.5700000000 
H 4.0100000000 5.6900000000 6.7700000000 
O 0.2200000000 5.6100000000 1.4800000000 
H 9.1300000000 5.6200000000 1.5300000000 
H 0.4100000000 5.5800000000 0.5000000000 
O 7.7600000000 1.4600000000 1.2500000000 
H 7.1400000000 0.8100000000 0.8000000000 
H 8.2700000000 1.7900000000 0.4600000000 
O 3.3000000000 0.4400000000 5.3900000000 
H 3.8600000000 9.7600000000 5.9800000000 
H 3.4200000000 1.3800000000 5.7600000000 
O 3.3400000000 0.1800000000 2.6300000000 
H 2.5400000000 9.6500000000 2.1400000000 
H 3.0500000000 0.1600000000 3.6100000000 
O 8.0700000000 5.2600000000 6.0200000000 
H 7.7800000000 6.2100000000 5.9600000000 
H 7.8800000000 4.8500000000 5.1500000000 
O 7.4000000000 5.7900000000 1.5400000000 
H 6.8900000000 5.5900000000 0.6800000000 
H 7.0900000000 6.7400000000 1.6700000000 
O 0.9000000000 2.4400000000 1.6700000000 
H 0.5600000000 2.4600000000 0.7500000000 
H 1.1800000000 3.3400000000 1.7700000000 
O 5.5100000000 6.8400000000 9.4900000000 
H 4.9600000000 6.5200000000 8.8200000000 
H 4.9100000000 6.8300000000 0.4100000000 

