&CONTROL
/
&SYSTEM
   ntyp             = 2
   nat              = 96
   ibrav            = 0
/
&ELECTRONS
/
&IONS
/
&CELL
/

ATOMIC_SPECIES
O 15.999 None
H 1.008 None

K_POINTS gamma

CELL_PARAMETERS angstrom
9.86520000000000 0.00000000000000 0.00000000000000
0.00000000000000 9.86520000000000 0.00000000000000
0.00000000000000 0.00000000000000 9.86520000000000

ATOMIC_POSITIONS angstrom
O 6.2000000000 7.2100000000 1.8800000000 
H 5.5800000000 6.7200000000 2.5100000000 
H 5.5800000000 7.8900000000 1.5500000000 
O 1.6000000000 8.7700000000 9.3100000000 
H 2.3900000000 8.9100000000 8.7800000000 
H 0.9800000000 9.0400000000 8.6000000000 
O 9.1200000000 2.5400000000 6.4500000000 
H 8.6400000000 2.8400000000 7.2500000000 
H 9.1800000000 3.4700000000 6.0800000000 
O 2.4700000000 2.0300000000 5.4200000000 
H 2.7700000000 1.5300000000 4.6400000000 
H 1.8600000000 2.7500000000 5.1200000000 
O 3.3800000000 2.8000000000 2.5500000000 
H 4.3400000000 2.5600000000 2.4800000000 
H 3.0100000000 2.5600000000 1.6800000000 
O 3.3300000000 5.0000000000 6.1700000000 
H 3.7600000000 5.5500000000 6.9000000000 
H 2.3400000000 4.8600000000 6.4700000000 
O 4.6300000000 5.3300000000 3.6600000000 
H 4.6500000000 4.4100000000 3.3000000000 
H 4.0500000000 5.2900000000 4.4200000000 
O 7.6400000000 7.1800000000 9.3900000000 
H 7.4400000000 7.9700000000 8.8000000000 
H 7.1000000000 7.4800000000 0.2100000000 
O 3.5700000000 8.9000000000 7.5600000000 
H 2.9900000000 8.7600000000 6.7300000000 
H 3.5500000000 0.0400000000 7.7600000000 
O 7.4600000000 4.8500000000 2.0900000000 
H 8.4000000000 5.0500000000 2.2100000000 
H 7.1300000000 5.7200000000 1.7500000000 
O 5.4000000000 7.9600000000 5.3700000000 
H 5.3700000000 8.6900000000 5.9600000000 
H 4.4300000000 7.7800000000 5.2100000000 
O 8.1000000000 4.8200000000 8.1500000000 
H 7.5000000000 4.9200000000 7.4000000000 
H 8.1100000000 5.7200000000 8.5500000000 
O 0.6000000000 9.8600000000 6.8200000000 
H 9.7800000000 0.7600000000 6.7500000000 
H 1.4600000000 0.4600000000 6.7300000000 
O 7.4800000000 2.3100000000 9.3800000000 
H 7.2100000000 2.0800000000 0.4500000000 
H 7.6300000000 3.2400000000 9.4000000000 
O 2.1600000000 3.9500000000 9.5200000000 
H 2.8700000000 4.6000000000 9.3500000000 
H 1.3500000000 4.4700000000 9.4700000000 
O 9.6400000000 7.6500000000 5.5500000000 
H 9.8200000000 8.5600000000 5.9700000000 
H 9.1900000000 7.8500000000 4.7200000000 
O 0.5100000000 2.4500000000 3.2000000000 
H 0.2500000000 3.3700000000 3.1700000000 
H 1.5100000000 2.5000000000 2.9400000000 
O 5.3100000000 3.0500000000 5.6900000000 
H 4.3900000000 3.3400000000 5.9100000000 
H 5.8300000000 3.8700000000 5.7900000000 
O 5.2700000000 9.7200000000 0.6400000000 
H 5.3900000000 0.3200000000 9.6800000000 
H 5.3700000000 0.6100000000 1.2800000000 
O 3.1100000000 1.6900000000 8.0400000000 
H 2.7100000000 2.3400000000 8.6200000000 
H 2.8400000000 2.0900000000 7.1400000000 
O 7.3900000000 9.5400000000 8.4100000000 
H 7.1000000000 9.8600000000 7.4700000000 
H 7.5800000000 0.5600000000 8.7800000000 
O 2.4600000000 8.0000000000 4.9800000000 
H 2.4200000000 8.0600000000 3.9900000000 
H 1.5700000000 7.6900000000 5.2600000000 
O 8.0700000000 1.2500000000 4.0700000000 
H 8.2400000000 1.7600000000 4.8700000000 
H 8.9000000000 1.4700000000 3.6000000000 
O 0.6400000000 5.3500000000 6.4200000000 
H 0.3200000000 5.2400000000 7.3600000000 
H 0.3000000000 6.2900000000 6.2200000000 
O 0.1000000000 5.1000000000 2.6000000000 
H 0.4700000000 5.3300000000 1.6900000000 
H 0.5400000000 5.7800000000 3.2300000000 
O 4.1000000000 6.4400000000 8.4800000000 
H 3.8400000000 7.3400000000 8.1800000000 
H 5.0600000000 6.6000000000 8.7700000000 
O 6.7500000000 5.4700000000 5.6400000000 
H 6.8800000000 5.5500000000 4.6700000000 
H 6.3300000000 6.3900000000 5.7900000000 
O 6.3200000000 0.6100000000 6.1000000000 
H 6.7900000000 0.8700000000 5.3100000000 
H 5.7100000000 1.4300000000 6.1500000000 
O 6.1200000000 2.4700000000 2.2800000000 
H 6.5800000000 3.4100000000 2.2000000000 
H 6.6200000000 2.1800000000 3.1000000000 
O 0.4600000000 6.1400000000 9.5000000000 
H 0.9900000000 6.9600000000 9.6000000000 
H 9.4400000000 6.5300000000 9.7000000000 
O 1.3400000000 7.7200000000 2.3200000000 
H 0.5100000000 8.1700000000 2.5700000000 
H 1.5700000000 8.1300000000 1.4500000000 
O 8.6000000000 8.5100000000 3.0700000000 
H 7.7700000000 8.1000000000 2.7300000000 
H 8.3500000000 9.4800000000 3.1800000000 

