&CONTROL
/
&SYSTEM
   ntyp             = 2
   nat              = 96
   ibrav            = 0
/
&ELECTRONS
/
&IONS
/
&CELL
/

ATOMIC_SPECIES
O 15.999 None
H 1.008 None

K_POINTS gamma

CELL_PARAMETERS angstrom
9.86520000000000 0.00000000000000 0.00000000000000
0.00000000000000 9.86520000000000 0.00000000000000
0.00000000000000 0.00000000000000 9.86520000000000

ATOMIC_POSITIONS angstrom
O 5.9400000000 6.2500000000 6.6500000000 
H 6.7600000000 5.9300000000 6.9900000000 
H 5.3000000000 5.6500000000 7.1800000000 
O 4.7000000000 1.5700000000 2.5600000000 
H 4.1700000000 1.9200000000 3.3600000000 
H 4.6400000000 0.6100000000 2.6300000000 
O 6.5400000000 5.3100000000 4.0500000000 
H 6.3800000000 4.5300000000 4.6000000000 
H 6.6200000000 5.9700000000 4.7200000000 
O 4.7800000000 8.3500000000 9.6600000000 
H 5.2400000000 9.2100000000 9.5600000000 
H 4.9400000000 8.1400000000 0.7800000000 
O 2.0500000000 9.5600000000 3.5700000000 
H 2.8200000000 9.0500000000 3.9300000000 
H 1.7200000000 9.0400000000 2.7800000000 
O 6.7300000000 8.5300000000 5.4400000000 
H 5.9100000000 9.0900000000 5.3000000000 
H 6.3100000000 8.0400000000 6.2200000000 
O 0.5400000000 1.4800000000 4.7300000000 
H 0.8500000000 0.8100000000 4.1100000000 
H 0.0300000000 0.9400000000 5.4000000000 
O 9.0500000000 2.5800000000 7.1400000000 
H 9.0400000000 1.6100000000 7.2400000000 
H 8.1700000000 2.9000000000 6.7900000000 
O 0.4000000000 8.1800000000 1.6000000000 
H 0.0000000000 7.8000000000 2.3800000000 
H 0.5200000000 7.4200000000 1.0700000000 
O 9.2600000000 9.7900000000 6.8000000000 
H 8.5200000000 9.3500000000 6.4800000000 
H 0.1500000000 9.1300000000 6.8300000000 
O 2.0300000000 3.7900000000 7.3000000000 
H 1.3800000000 4.1800000000 6.7000000000 
H 1.6700000000 2.9200000000 7.4700000000 
O 2.1100000000 1.1900000000 9.2800000000 
H 1.2500000000 0.8200000000 9.5800000000 
H 2.5700000000 0.4000000000 8.9200000000 
O 9.3900000000 3.2300000000 1.3500000000 
H 9.6900000000 2.3400000000 1.0000000000 
H 8.4900000000 3.2900000000 1.0400000000 
O 4.6100000000 4.0600000000 7.9700000000 
H 4.4600000000 3.8900000000 8.9300000000 
H 3.6200000000 3.9900000000 7.7200000000 
O 8.8000000000 7.4200000000 3.6400000000 
H 8.9900000000 6.7300000000 4.3500000000 
H 8.1700000000 7.9900000000 4.2200000000 
O 2.2800000000 5.1200000000 2.9600000000 
H 1.4600000000 4.7200000000 3.3200000000 
H 2.5600000000 4.4500000000 2.3000000000 
O 6.3900000000 0.8200000000 0.4000000000 
H 6.6400000000 1.7400000000 0.1800000000 
H 5.9300000000 0.9900000000 1.2700000000 
O 0.1800000000 3.8500000000 3.7800000000 
H 0.1700000000 2.9200000000 4.2000000000 
H 9.8400000000 3.5800000000 2.8500000000 
O 3.5000000000 3.3200000000 0.7000000000 
H 2.9600000000 2.5800000000 0.2600000000 
H 4.0600000000 2.8200000000 1.3800000000 
O 3.0300000000 2.5100000000 4.6000000000 
H 2.8300000000 3.4000000000 5.0400000000 
H 2.0700000000 2.1900000000 4.5100000000 
O 6.7400000000 3.5100000000 0.3300000000 
H 6.5100000000 3.9800000000 9.4000000000 
H 6.7300000000 4.2500000000 1.0200000000 
O 3.4500000000 7.0700000000 4.3200000000 
H 4.2500000000 6.5900000000 4.6600000000 
H 3.0300000000 6.4200000000 3.7500000000 
O 9.4800000000 5.2700000000 5.8400000000 
H 9.3800000000 4.7300000000 4.9900000000 
H 9.4300000000 4.5800000000 6.5500000000 
O 5.1700000000 8.8100000000 2.6600000000 
H 5.9000000000 8.8600000000 3.2300000000 
H 4.4700000000 8.4900000000 3.2700000000 
O 7.4200000000 6.1500000000 1.5900000000 
H 7.1200000000 5.9300000000 2.5900000000 
H 8.3100000000 6.5400000000 1.8100000000 
O 1.3400000000 7.5400000000 6.2900000000 
H 0.7500000000 6.8000000000 6.5300000000 
H 1.8100000000 7.2500000000 5.4900000000 
O 9.4300000000 0.4900000000 0.3100000000 
H 9.5000000000 9.4500000000 0.7600000000 
H 8.4900000000 0.4400000000 0.1000000000 
O 3.3600000000 9.2300000000 7.3700000000 
H 3.8400000000 8.7200000000 8.0600000000 
H 2.5300000000 8.7400000000 7.2500000000 
O 0.6600000000 5.5800000000 0.3300000000 
H 0.6800000000 4.7300000000 0.8500000000 
H 1.4900000000 5.6100000000 9.6600000000 
O 6.3900000000 3.2700000000 5.9300000000 
H 6.0900000000 2.3600000000 5.5700000000 
H 5.7300000000 3.4700000000 6.6300000000 
O 4.7000000000 0.5900000000 5.4900000000 
H 4.2400000000 0.2200000000 6.3100000000 
H 3.9500000000 1.1700000000 5.1400000000 
O 8.3200000000 5.9900000000 8.6300000000 
H 9.1900000000 6.0700000000 9.0400000000 
H 7.7300000000 6.0900000000 9.4100000000 

