&CONTROL
/
&SYSTEM
   ntyp             = 2
   nat              = 96
   ibrav            = 0
/
&ELECTRONS
/
&IONS
/
&CELL
/

ATOMIC_SPECIES
O 15.999 None
H 1.008 None

K_POINTS gamma

CELL_PARAMETERS angstrom
9.86520000000000 0.00000000000000 0.00000000000000
0.00000000000000 9.86520000000000 0.00000000000000
0.00000000000000 0.00000000000000 9.86520000000000

ATOMIC_POSITIONS angstrom
O 1.3500000000 8.5600000000 6.2300000000 
H 1.2800000000 7.7100000000 6.7300000000 
H 0.7900000000 8.2800000000 5.4500000000 
O 4.1000000000 8.3500000000 5.1200000000 
H 4.5900000000 9.0700000000 5.5400000000 
H 3.1600000000 8.5200000000 5.3500000000 
O 8.1000000000 8.3600000000 3.8400000000 
H 8.2700000000 8.6600000000 4.7400000000 
H 7.7600000000 7.4800000000 4.0200000000 
O 7.9700000000 0.0600000000 6.4300000000 
H 8.0000000000 0.3200000000 7.3600000000 
H 7.0100000000 0.2600000000 6.2500000000 
O 0.8300000000 3.4300000000 8.8900000000 
H 0.2300000000 3.1300000000 9.5800000000 
H 1.0700000000 2.6100000000 8.3200000000 
O 7.2100000000 3.4800000000 9.3100000000 
H 7.3800000000 4.3300000000 9.6100000000 
H 7.7200000000 3.2700000000 8.5000000000 
O 4.3000000000 3.4900000000 2.8100000000 
H 3.8000000000 3.6100000000 1.9300000000 
H 5.2400000000 3.1400000000 2.6100000000 
O 6.6500000000 2.5100000000 2.0700000000 
H 6.6200000000 2.7900000000 1.1200000000 
H 6.4500000000 1.5100000000 2.0200000000 
O 5.3100000000 0.7100000000 6.3900000000 
H 5.1200000000 0.9600000000 7.3700000000 
H 4.8100000000 1.3800000000 5.9500000000 
O 0.7000000000 7.6000000000 3.2500000000 
H 0.6200000000 6.6600000000 3.0800000000 
H 9.5800000000 7.8700000000 3.4300000000 
O 5.5700000000 5.7500000000 3.2500000000 
H 5.0300000000 4.8600000000 3.1900000000 
H 6.1800000000 5.7000000000 4.0300000000 
O 6.5400000000 6.3200000000 0.4800000000 
H 5.7200000000 6.8000000000 0.5400000000 
H 6.5100000000 5.8800000000 1.3600000000 
O 1.2000000000 0.3700000000 2.6400000000 
H 0.7000000000 0.7300000000 3.4000000000 
H 1.0500000000 9.2700000000 2.7800000000 
O 0.9600000000 6.0400000000 7.6500000000 
H 0.4100000000 6.4400000000 8.4100000000 
H 0.9300000000 5.1300000000 8.0800000000 
O 1.7500000000 1.4400000000 7.2000000000 
H 2.3000000000 1.9500000000 6.5500000000 
H 1.5800000000 0.5200000000 6.9100000000 
O 3.2000000000 3.6700000000 0.2600000000 
H 2.2400000000 3.4000000000 0.2700000000 
H 3.6300000000 3.0900000000 9.5000000000 
O 4.0500000000 6.2300000000 9.0100000000 
H 3.6800000000 5.7300000000 9.7500000000 
H 4.5500000000 5.5200000000 8.5700000000 
O 4.1200000000 7.7700000000 2.2700000000 
H 3.5400000000 7.9900000000 3.0100000000 
H 4.4100000000 6.9300000000 2.6500000000 
O 3.6800000000 2.6400000000 5.4600000000 
H 3.7800000000 3.5300000000 5.9100000000 
H 3.7300000000 2.8100000000 4.4700000000 
O 6.3500000000 7.3000000000 7.4700000000 
H 5.9100000000 8.1200000000 7.6000000000 
H 6.7400000000 7.0200000000 8.3000000000 
O 1.2600000000 4.3200000000 2.7400000000 
H 0.7100000000 3.7500000000 2.1800000000 
H 1.9400000000 3.7400000000 3.0500000000 
O 6.4700000000 9.7700000000 2.0800000000 
H 5.7400000000 9.0900000000 2.1400000000 
H 7.1600000000 9.3800000000 2.6700000000 
O 9.2900000000 7.3600000000 9.6700000000 
H 8.4100000000 7.4600000000 0.2100000000 
H 9.8000000000 8.1700000000 0.0900000000 
O 9.4900000000 1.4100000000 4.6000000000 
H 8.7600000000 1.0000000000 5.1300000000 
H 9.7700000000 2.1500000000 5.2000000000 
O 3.3500000000 5.5100000000 5.6000000000 
H 2.6800000000 5.6800000000 6.2700000000 
H 3.8100000000 6.3700000000 5.4000000000 
O 9.6700000000 4.3400000000 5.0900000000 
H 0.3200000000 4.5500000000 4.2500000000 
H 0.2800000000 4.7600000000 5.8200000000 
O 4.7200000000 1.6000000000 8.9800000000 
H 4.4100000000 0.6900000000 9.3000000000 
H 5.6000000000 1.7900000000 9.3000000000 
O 7.5800000000 6.0000000000 5.1100000000 
H 7.3100000000 6.3400000000 6.0200000000 
H 8.0300000000 5.1500000000 5.3500000000 
O 7.3600000000 0.3100000000 9.4700000000 
H 7.0100000000 9.8300000000 0.4500000000 
H 8.3100000000 0.4500000000 9.6400000000 
O 0.5500000000 9.8100000000 9.6300000000 
H 1.2500000000 0.0700000000 0.4000000000 
H 1.0700000000 9.5200000000 8.8700000000 
O 9.6600000000 2.4400000000 1.3300000000 
H 0.4100000000 1.6200000000 1.4100000000 
H 8.8700000000 2.2900000000 1.8800000000 
O 3.8900000000 8.8900000000 9.4600000000 
H 3.8400000000 8.0800000000 8.9300000000 
H 3.8400000000 8.5400000000 0.4900000000 

