&CONTROL
/
&SYSTEM
   ntyp             = 2
   nat              = 96
   ibrav            = 0
/
&ELECTRONS
/
&IONS
/
&CELL
/

ATOMIC_SPECIES
O 15.999 None
H 1.008 None

K_POINTS gamma

CELL_PARAMETERS angstrom
9.86520000000000 0.00000000000000 0.00000000000000
0.00000000000000 9.86520000000000 0.00000000000000
0.00000000000000 0.00000000000000 9.86520000000000

ATOMIC_POSITIONS angstrom
O 4.0800000000 6.1200000000 7.7100000000 
H 3.4700000000 5.3500000000 7.8700000000 
H 4.4600000000 6.3400000000 8.6100000000 
O 6.0200000000 7.4700000000 0.6100000000 
H 5.1000000000 7.2500000000 0.8300000000 
H 5.9400000000 7.9800000000 9.6600000000 
O 7.8400000000 2.3800000000 7.0900000000 
H 8.2000000000 2.3400000000 8.0000000000 
H 8.2800000000 3.2400000000 6.7400000000 
O 5.3100000000 9.2400000000 8.4500000000 
H 5.4200000000 9.1600000000 7.4700000000 
H 4.7100000000 0.1700000000 8.6100000000 
O 1.5600000000 0.0400000000 8.3200000000 
H 2.4700000000 0.5200000000 8.3700000000 
H 1.2500000000 0.0900000000 9.2300000000 
O 3.1400000000 2.0000000000 5.3800000000 
H 4.0800000000 1.7700000000 5.0400000000 
H 2.5300000000 1.9400000000 4.5300000000 
O 1.4300000000 2.5400000000 3.1500000000 
H 1.4700000000 2.6800000000 2.1800000000 
H 1.2400000000 3.4000000000 3.5000000000 
O 8.3200000000 8.5800000000 8.6600000000 
H 7.5300000000 9.1600000000 8.4900000000 
H 8.8500000000 8.9200000000 9.4500000000 
O 4.1200000000 3.3800000000 1.2600000000 
H 3.7700000000 2.8900000000 2.0000000000 
H 4.2300000000 4.3200000000 1.7100000000 
O 9.4100000000 4.7700000000 6.1900000000 
H 9.6900000000 5.2700000000 5.4000000000 
H 8.5800000000 5.3200000000 6.3000000000 
O 1.1700000000 5.2800000000 2.4400000000 
H 0.6200000000 5.9300000000 3.0600000000 
H 0.4900000000 5.2200000000 1.6800000000 
O 7.0700000000 3.8100000000 2.5800000000 
H 7.6500000000 4.3600000000 2.0500000000 
H 6.8000000000 4.3500000000 3.3900000000 
O 2.4000000000 3.8500000000 7.1400000000 
H 2.6600000000 3.1700000000 6.4700000000 
H 1.4900000000 4.2300000000 6.8100000000 
O 5.6200000000 1.6800000000 4.1100000000 
H 5.6400000000 1.9700000000 3.1800000000 
H 6.2300000000 2.2700000000 4.5100000000 
O 3.3900000000 6.5000000000 0.6800000000 
H 2.5900000000 6.6100000000 0.0600000000 
H 2.9000000000 6.3400000000 1.4900000000 
O 0.9500000000 9.3000000000 5.7500000000 
H 1.7000000000 8.6700000000 6.0200000000 
H 0.8700000000 9.8000000000 6.6400000000 
O 1.4200000000 3.5300000000 0.4500000000 
H 1.9700000000 3.5200000000 9.4900000000 
H 1.9700000000 4.1100000000 1.0700000000 
O 6.3400000000 4.4200000000 5.5500000000 
H 6.6100000000 3.7000000000 6.1400000000 
H 6.5800000000 5.1700000000 6.1700000000 
O 2.4200000000 8.2600000000 2.8800000000 
H 3.1800000000 7.6300000000 3.0700000000 
H 1.8400000000 8.2100000000 3.7000000000 
O 3.8500000000 1.7500000000 8.5800000000 
H 3.4400000000 2.4600000000 8.0900000000 
H 4.2400000000 2.1900000000 9.3200000000 
O 7.1500000000 7.0600000000 3.2800000000 
H 6.1900000000 7.0400000000 3.4300000000 
H 7.0400000000 7.4800000000 2.4100000000 
O 9.6400000000 6.9600000000 4.6800000000 
H 8.7900000000 7.2500000000 4.4600000000 
H 0.0900000000 7.7700000000 5.1000000000 
O 8.2700000000 5.5900000000 0.6200000000 
H 7.9700000000 4.8300000000 0.0100000000 
H 7.6400000000 6.3100000000 0.5700000000 
O 8.3800000000 1.5800000000 2.6800000000 
H 7.7700000000 2.3900000000 2.7400000000 
H 8.3200000000 1.2200000000 3.6200000000 
O 3.5000000000 7.4500000000 5.3300000000 
H 3.6800000000 7.0300000000 6.1900000000 
H 4.2300000000 8.1500000000 5.2300000000 
O 7.3600000000 6.7800000000 6.6300000000 
H 6.6700000000 7.3700000000 6.1100000000 
H 7.8200000000 7.3800000000 7.3000000000 
O 4.5600000000 5.5300000000 3.7000000000 
H 4.0700000000 6.0600000000 4.3500000000 
H 5.0200000000 4.8200000000 4.2900000000 
O 8.5100000000 0.4300000000 5.1900000000 
H 8.4200000000 1.0000000000 6.0500000000 
H 9.4500000000 0.1800000000 5.3400000000 
O 8.5700000000 2.5900000000 9.7700000000 
H 9.5200000000 2.9000000000 0.0200000000 
H 8.3900000000 2.0600000000 0.7300000000 
O 0.9700000000 6.7500000000 9.4400000000 
H 1.1200000000 7.6100000000 9.0200000000 
H 9.8600000000 6.8000000000 9.7300000000 
O 0.3200000000 9.5600000000 0.9800000000 
H 1.1400000000 9.4000000000 1.5700000000 
H 9.6400000000 0.2800000000 1.5500000000 
O 6.0700000000 9.0700000000 5.3900000000 
H 5.5900000000 9.7800000000 4.8700000000 
H 7.0000000000 9.3900000000 5.3000000000 

