&CONTROL
/
&SYSTEM
   ntyp             = 2
   nat              = 96
   ibrav            = 0
/
&ELECTRONS
/
&IONS
/
&CELL
/

ATOMIC_SPECIES
O 15.999 None
H 1.008 None

K_POINTS gamma

CELL_PARAMETERS angstrom
9.86520000000000 0.00000000000000 0.00000000000000
0.00000000000000 9.86520000000000 0.00000000000000
0.00000000000000 0.00000000000000 9.86520000000000

ATOMIC_POSITIONS angstrom
O 1.3700000000 8.6200000000 6.3000000000 
H 1.2700000000 7.8600000000 6.8900000000 
H 0.9600000000 8.3400000000 5.4600000000 
O 3.7500000000 8.4600000000 4.9600000000 
H 4.3500000000 9.1900000000 5.2900000000 
H 2.8200000000 8.6500000000 5.2800000000 
O 7.2500000000 8.4600000000 4.2700000000 
H 7.7100000000 8.9300000000 4.9700000000 
H 7.0100000000 7.5600000000 4.6900000000 
O 7.3700000000 0.7000000000 6.1100000000 
H 7.5000000000 0.3500000000 7.0500000000 
H 6.5600000000 1.2200000000 6.2700000000 
O 0.3000000000 3.5900000000 8.0500000000 
H 0.4000000000 3.4900000000 8.9900000000 
H 0.8700000000 2.8000000000 7.8200000000 
O 7.2500000000 3.4500000000 9.1400000000 
H 7.1100000000 4.4800000000 8.9900000000 
H 7.9500000000 3.2200000000 8.4300000000 
O 5.0300000000 3.5100000000 3.1400000000 
H 4.5500000000 3.3500000000 2.2800000000 
H 5.9300000000 3.2700000000 2.9100000000 
O 7.3900000000 2.4500000000 1.9500000000 
H 7.2200000000 2.6600000000 1.0100000000 
H 7.4700000000 1.5000000000 1.8800000000 
O 4.4700000000 1.0500000000 6.3300000000 
H 4.0700000000 0.9400000000 7.2900000000 
H 4.0700000000 1.9200000000 6.1000000000 
O 0.3500000000 8.0300000000 3.8600000000 
H 0.8700000000 7.3400000000 3.4500000000 
H 9.2300000000 7.8200000000 3.5900000000 
O 5.6900000000 6.0800000000 2.6800000000 
H 5.4000000000 5.1800000000 2.9000000000 
H 6.2900000000 6.3700000000 3.4000000000 
O 6.6200000000 6.0900000000 0.0900000000 
H 5.7000000000 6.2200000000 9.5700000000 
H 6.5000000000 6.2700000000 1.0000000000 
O 1.3600000000 0.2800000000 2.4500000000 
H 1.8200000000 0.6600000000 3.2300000000 
H 0.7000000000 9.5700000000 2.8700000000 
O 1.1600000000 6.3700000000 7.8300000000 
H 0.7600000000 6.9800000000 8.4600000000 
H 1.0400000000 5.5200000000 8.2500000000 
O 1.4900000000 1.3400000000 7.1200000000 
H 1.6900000000 1.7900000000 6.2300000000 
H 1.3400000000 0.4100000000 6.9100000000 
O 3.6300000000 3.2700000000 0.5800000000 
H 2.6600000000 3.0900000000 0.8400000000 
H 3.7900000000 2.6100000000 9.8100000000 
O 4.2600000000 5.4700000000 8.9400000000 
H 4.1600000000 4.5700000000 9.4100000000 
H 4.0000000000 5.2300000000 8.0200000000 
O 4.5900000000 8.3600000000 2.3500000000 
H 4.1600000000 8.7000000000 3.2300000000 
H 4.8700000000 7.4600000000 2.5500000000 
O 3.2500000000 3.2900000000 5.1000000000 
H 3.1700000000 4.2200000000 5.5100000000 
H 3.8300000000 3.4600000000 4.3300000000 
O 7.5400000000 6.3700000000 7.4700000000 
H 8.0900000000 7.2100000000 7.3800000000 
H 7.2400000000 6.4900000000 8.4100000000 
O 1.4200000000 5.0100000000 3.6700000000 
H 1.0000000000 4.4200000000 2.9500000000 
H 1.8700000000 4.3800000000 4.2300000000 
O 6.9600000000 9.5600000000 1.5200000000 
H 6.0800000000 9.0900000000 1.7500000000 
H 7.2300000000 9.3800000000 2.4100000000 
O 9.4300000000 7.5300000000 9.6500000000 
H 8.6000000000 7.4100000000 0.3000000000 
H 9.6400000000 8.5100000000 9.6600000000 
O 9.3500000000 1.5600000000 4.3800000000 
H 8.8200000000 1.2300000000 5.1300000000 
H 9.3100000000 2.5100000000 4.6600000000 
O 3.3100000000 5.7900000000 6.3300000000 
H 2.7000000000 6.4400000000 6.7800000000 
H 3.9200000000 6.4700000000 5.9600000000 
O 9.4100000000 4.1500000000 5.6200000000 
H 0.2000000000 4.8700000000 5.5000000000 
H 9.6600000000 3.8200000000 6.4900000000 
O 4.1900000000 0.8000000000 9.1400000000 
H 3.9400000000 9.6900000000 9.1100000000 
H 5.2000000000 0.8000000000 9.2800000000 
O 7.2600000000 5.8700000000 4.7900000000 
H 7.0600000000 5.9200000000 5.7800000000 
H 7.8100000000 5.0900000000 4.6600000000 
O 7.6800000000 9.7200000000 8.7000000000 
H 7.4500000000 9.8500000000 9.7100000000 
H 8.6200000000 0.0300000000 8.7900000000 
O 0.5500000000 0.1500000000 9.5200000000 
H 1.2100000000 0.1300000000 0.4000000000 
H 1.0900000000 0.1700000000 8.6700000000 
O 0.3600000000 2.7300000000 1.6900000000 
H 0.4500000000 1.7400000000 1.7500000000 
H 9.3100000000 2.8700000000 2.0500000000 
O 3.7300000000 8.1700000000 9.5700000000 
H 3.7800000000 7.2600000000 9.1400000000 
H 3.9300000000 8.0800000000 0.7200000000 

