&CONTROL
/
&SYSTEM
   ntyp             = 2
   nat              = 96
   ibrav            = 0
/
&ELECTRONS
/
&IONS
/
&CELL
/

ATOMIC_SPECIES
O 15.999 None
H 1.008 None

K_POINTS gamma

CELL_PARAMETERS angstrom
9.86520000000000 0.00000000000000 0.00000000000000
0.00000000000000 9.86520000000000 0.00000000000000
0.00000000000000 0.00000000000000 9.86520000000000

ATOMIC_POSITIONS angstrom
O 8.3200000000 8.1200000000 6.0900000000 
H 8.8200000000 7.8900000000 6.9100000000 
H 8.3100000000 9.1500000000 6.1400000000 
O 1.9100000000 9.0200000000 5.7300000000 
H 1.6200000000 9.8300000000 5.2400000000 
H 1.3600000000 9.1700000000 6.5900000000 
O 0.2500000000 9.0000000000 8.1800000000 
H 0.6300000000 8.2100000000 8.6200000000 
H 9.6800000000 9.3100000000 9.0600000000 
O 5.5700000000 6.8900000000 4.5400000000 
H 4.6000000000 6.8000000000 4.3900000000 
H 5.6900000000 6.8100000000 5.5500000000 
O 3.0100000000 4.7900000000 0.4200000000 
H 3.9200000000 5.0700000000 0.3900000000 
H 3.0500000000 3.9000000000 0.1100000000 
O 1.3800000000 1.7800000000 2.0400000000 
H 2.2000000000 2.1400000000 1.5500000000 
H 0.7100000000 2.3100000000 1.5900000000 
O 3.1200000000 2.3300000000 9.5000000000 
H 2.5100000000 2.3800000000 8.7400000000 
H 3.9500000000 1.8600000000 9.1500000000 
O 7.8000000000 1.4400000000 5.0300000000 
H 7.3900000000 0.6300000000 4.6900000000 
H 7.0500000000 2.0100000000 5.3700000000 
O 2.9300000000 4.7000000000 3.4300000000 
H 3.4700000000 3.8900000000 3.5000000000 
H 2.6300000000 4.6600000000 2.5000000000 
O 4.2600000000 4.6700000000 7.0400000000 
H 3.3900000000 4.5600000000 6.8700000000 
H 4.7100000000 3.8300000000 6.7500000000 
O 7.4200000000 6.3500000000 2.5000000000 
H 6.7400000000 6.8100000000 3.0400000000 
H 7.7400000000 7.0100000000 1.8400000000 
O 5.8300000000 4.5200000000 1.2500000000 
H 6.0500000000 3.6200000000 1.5500000000 
H 6.2900000000 5.0900000000 1.8500000000 
O 9.3400000000 5.8100000000 4.5800000000 
H 8.5200000000 6.0900000000 5.0600000000 
H 8.9100000000 5.6100000000 3.7000000000 
O 1.3700000000 6.0700000000 8.7100000000 
H 1.6900000000 5.7300000000 7.8600000000 
H 1.9500000000 5.4600000000 9.2300000000 
O 7.2100000000 3.4300000000 8.4500000000 
H 7.8100000000 4.1700000000 8.2500000000 
H 6.8800000000 3.6600000000 9.3800000000 
O 4.5600000000 9.4200000000 7.1700000000 
H 5.0600000000 8.5800000000 6.9300000000 
H 3.6700000000 9.1800000000 6.6900000000 
O 5.6600000000 6.9600000000 7.1700000000 
H 6.5500000000 6.5200000000 7.2200000000 
H 5.0400000000 6.2300000000 7.3700000000 
O 5.0700000000 2.1800000000 5.9700000000 
H 4.8500000000 1.3100000000 6.4200000000 
H 4.6000000000 2.0700000000 5.0800000000 
O 1.7200000000 4.6800000000 5.9700000000 
H 0.7900000000 4.9300000000 5.7300000000 
H 2.2600000000 5.0300000000 5.2400000000 
O 3.6900000000 8.8800000000 2.6900000000 
H 3.8500000000 8.9100000000 1.7400000000 
H 2.8600000000 8.2900000000 2.7300000000 
O 0.5400000000 1.2200000000 4.6000000000 
H 0.6700000000 1.2500000000 3.6300000000 
H 9.5400000000 1.6600000000 4.7000000000 
O 1.3400000000 7.5000000000 3.5000000000 
H 1.6600000000 7.7900000000 4.4500000000 
H 0.7500000000 6.7500000000 3.7600000000 
O 8.4600000000 5.9700000000 8.5700000000 
H 8.1100000000 6.8600000000 8.8500000000 
H 9.4600000000 5.9500000000 8.7300000000 
O 6.3500000000 9.2800000000 3.6800000000 
H 6.2300000000 8.3300000000 3.9900000000 
H 5.5000000000 9.3200000000 3.3500000000 
O 7.1600000000 1.6400000000 1.7100000000 
H 7.8400000000 1.5700000000 2.4400000000 
H 6.6900000000 0.8200000000 1.7600000000 
O 9.4900000000 9.3200000000 1.7800000000 
H 0.1000000000 8.8700000000 2.5400000000 
H 9.8400000000 0.3600000000 1.8300000000 
O 7.3100000000 0.6500000000 8.2900000000 
H 6.4700000000 0.4200000000 7.8100000000 
H 7.2900000000 1.6300000000 8.3300000000 
O 9.1800000000 3.3400000000 1.2100000000 
H 8.3300000000 2.9300000000 1.2900000000 
H 8.9700000000 4.0800000000 0.5600000000 
O 7.5300000000 8.3800000000 0.2200000000 
H 7.4900000000 9.0700000000 9.4000000000 
H 8.3300000000 8.7100000000 0.7200000000 
O 3.4200000000 1.4900000000 3.9100000000 
H 2.5900000000 1.6500000000 3.4700000000 
H 3.5400000000 0.5700000000 3.4800000000 
O 1.3100000000 2.4500000000 7.5000000000 
H 0.6100000000 1.9000000000 7.0400000000 
H 1.6200000000 3.1700000000 6.8800000000 
O 4.7700000000 9.3600000000 0.2200000000 
H 4.4200000000 9.1600000000 9.1800000000 
H 5.6400000000 8.8900000000 0.3500000000 

