&CONTROL
/
&SYSTEM
   ntyp             = 2
   nat              = 96
   ibrav            = 0
/
&ELECTRONS
/
&IONS
/
&CELL
/

ATOMIC_SPECIES
O 15.999 None
H 1.008 None

K_POINTS gamma

CELL_PARAMETERS angstrom
9.86520000000000 0.00000000000000 0.00000000000000
0.00000000000000 9.86520000000000 0.00000000000000
0.00000000000000 0.00000000000000 9.86520000000000

ATOMIC_POSITIONS angstrom
O 5.4100000000 5.4200000000 5.4800000000 
H 4.8100000000 4.9900000000 6.1600000000 
H 5.6600000000 4.6200000000 4.9000000000 
O 6.3400000000 9.1000000000 2.1700000000 
H 5.3900000000 9.0900000000 2.2300000000 
H 6.6400000000 8.1600000000 2.4100000000 
O 6.0300000000 3.1300000000 3.9700000000 
H 6.0300000000 3.1000000000 2.9900000000 
H 5.3200000000 2.5900000000 4.2800000000 
O 5.6200000000 8.5700000000 8.1400000000 
H 6.2500000000 9.1000000000 8.7100000000 
H 4.7300000000 8.5200000000 8.6600000000 
O 3.5600000000 8.8300000000 2.7200000000 
H 3.7600000000 8.2500000000 3.5000000000 
H 2.5800000000 8.7700000000 2.8700000000 
O 6.2600000000 8.3700000000 5.5900000000 
H 6.0700000000 8.3900000000 6.5900000000 
H 6.1000000000 7.3900000000 5.4900000000 
O 0.9500000000 0.7900000000 5.1300000000 
H 1.2600000000 9.8200000000 5.4200000000 
H 0.1300000000 0.5600000000 4.6700000000 
O 0.4600000000 2.2400000000 7.4300000000 
H 1.2600000000 1.9100000000 7.8800000000 
H 0.5300000000 1.6700000000 6.6100000000 
O 0.4900000000 8.3000000000 2.8100000000 
H 9.6700000000 8.4200000000 3.4400000000 
H 0.8200000000 7.4000000000 2.9500000000 
O 8.3900000000 9.6900000000 4.1400000000 
H 7.5300000000 9.4900000000 3.7000000000 
H 8.0800000000 9.4900000000 4.9600000000 
O 0.3900000000 5.1000000000 7.6600000000 
H 9.3700000000 5.5800000000 7.7100000000 
H 0.1700000000 4.1500000000 7.7700000000 
O 4.1700000000 4.4200000000 9.5500000000 
H 3.3800000000 3.8200000000 9.6100000000 
H 3.9500000000 5.0800000000 0.3800000000 
O 2.2600000000 2.8000000000 0.5700000000 
H 1.5700000000 2.2400000000 0.2800000000 
H 2.2300000000 2.6600000000 1.5300000000 
O 3.1800000000 4.8000000000 6.6800000000 
H 2.4700000000 4.9500000000 7.3600000000 
H 2.9600000000 3.9500000000 6.3900000000 
O 8.8800000000 6.4400000000 5.0300000000 
H 8.3400000000 6.2000000000 5.7700000000 
H 8.2700000000 6.6000000000 4.3600000000 
O 1.4500000000 5.4000000000 3.6700000000 
H 0.4600000000 5.2800000000 3.8900000000 
H 1.6100000000 4.4500000000 3.6000000000 
O 7.6400000000 0.2100000000 9.7100000000 
H 8.6200000000 0.3100000000 9.8200000000 
H 7.5100000000 9.6100000000 0.6800000000 
O 8.7100000000 2.9600000000 3.4900000000 
H 7.8900000000 2.9700000000 3.9900000000 
H 8.6900000000 2.0400000000 3.2200000000 
O 6.3400000000 2.9500000000 1.2700000000 
H 5.6800000000 3.0400000000 0.5200000000 
H 7.0100000000 2.3800000000 0.8600000000 
O 1.4200000000 2.7300000000 3.1600000000 
H 1.4800000000 2.0500000000 3.8800000000 
H 0.4400000000 3.0000000000 3.2000000000 
O 8.3500000000 3.1900000000 9.1700000000 
H 7.5300000000 3.0900000000 8.6500000000 
H 8.9600000000 2.5700000000 8.7100000000 
O 3.3300000000 7.2300000000 4.9200000000 
H 4.0500000000 6.7400000000 5.2100000000 
H 2.8300000000 6.4900000000 4.4600000000 
O 7.6300000000 6.1600000000 7.4800000000 
H 7.3300000000 5.3100000000 7.1500000000 
H 6.8200000000 6.7300000000 7.5500000000 
O 3.3800000000 8.3500000000 9.5600000000 
H 2.9400000000 7.4700000000 9.7100000000 
H 3.5500000000 8.6600000000 0.6300000000 
O 7.0900000000 6.5100000000 2.6800000000 
H 7.6200000000 5.9300000000 2.0900000000 
H 6.6800000000 5.8100000000 3.2100000000 
O 1.2300000000 8.3000000000 6.0500000000 
H 0.7000000000 7.5200000000 5.7800000000 
H 2.1300000000 7.9600000000 5.7400000000 
O 0.6400000000 0.1300000000 0.5400000000 
H 0.5600000000 9.4100000000 1.3400000000 
H 1.5300000000 9.7600000000 0.1900000000 
O 2.6800000000 0.2900000000 7.7000000000 
H 3.1600000000 9.5800000000 8.4000000000 
H 1.9500000000 9.5600000000 7.4700000000 
O 8.8500000000 4.7900000000 1.4300000000 
H 8.5300000000 4.0400000000 1.9900000000 
H 8.8000000000 4.4400000000 0.5300000000 
O 6.0800000000 3.5500000000 7.7800000000 
H 5.6200000000 2.8300000000 7.3300000000 
H 5.4100000000 3.9600000000 8.4000000000 
O 4.8400000000 1.3000000000 6.4000000000 
H 4.0400000000 0.9100000000 6.7700000000 
H 5.3500000000 0.5000000000 6.1500000000 
O 1.5400000000 6.1000000000 0.3200000000 
H 1.0900000000 5.9400000000 9.2900000000 
H 1.0500000000 5.5900000000 1.0400000000 

