&CONTROL
/
&SYSTEM
   ntyp             = 2
   nat              = 96
   ibrav            = 0
/
&ELECTRONS
/
&IONS
/
&CELL
/

ATOMIC_SPECIES
O 15.999 None
H 1.008 None

K_POINTS gamma

CELL_PARAMETERS angstrom
9.86520000000000 0.00000000000000 0.00000000000000
0.00000000000000 9.86520000000000 0.00000000000000
0.00000000000000 0.00000000000000 9.86520000000000

ATOMIC_POSITIONS angstrom
O 1.4400000000 5.4900000000 7.4900000000 
H 0.9000000000 4.9500000000 6.8800000000 
H 2.2800000000 4.9800000000 7.3400000000 
O 3.6200000000 9.7000000000 1.1100000000 
H 4.5200000000 9.4300000000 0.7100000000 
H 3.8300000000 0.5900000000 1.7800000000 
O 0.6100000000 3.7600000000 5.4700000000 
H 9.5800000000 3.8300000000 4.9900000000 
H 1.1600000000 3.6700000000 4.6800000000 
O 6.2700000000 9.3700000000 9.5300000000 
H 6.7800000000 0.3100000000 9.7100000000 
H 7.0200000000 8.7100000000 9.7700000000 
O 0.5200000000 0.0000000000 6.6800000000 
H 0.8900000000 0.4600000000 7.4400000000 
H 9.4100000000 0.2500000000 6.7600000000 
O 3.3100000000 3.1800000000 7.3600000000 
H 3.3000000000 3.0900000000 6.3900000000 
H 2.7000000000 2.5200000000 7.7100000000 
O 1.1400000000 8.6100000000 1.8200000000 
H 1.8100000000 9.2500000000 1.4000000000 
H 0.8100000000 9.1900000000 2.5400000000 
O 7.0300000000 2.1200000000 0.1000000000 
H 7.9800000000 2.2700000000 9.8300000000 
H 6.9000000000 2.4100000000 1.0500000000 
O 0.8500000000 3.4600000000 0.4200000000 
H 0.6200000000 3.1700000000 9.3700000000 
H 1.2400000000 4.3700000000 0.1900000000 
O 4.3800000000 8.1700000000 7.8700000000 
H 5.1300000000 8.4500000000 8.5200000000 
H 4.6200000000 7.2200000000 7.6400000000 
O 2.2400000000 6.3900000000 0.4400000000 
H 1.7900000000 7.1300000000 0.9300000000 
H 2.1200000000 6.5700000000 9.3900000000 
O 0.1300000000 0.8400000000 3.6400000000 
H 9.7900000000 0.7000000000 4.5800000000 
H 9.1900000000 1.2600000000 3.3100000000 
O 5.5300000000 5.4200000000 8.2700000000 
H 5.7500000000 4.4400000000 8.4000000000 
H 5.3700000000 5.7300000000 9.2100000000 
O 5.8400000000 1.4600000000 4.5700000000 
H 5.2800000000 0.6200000000 4.6900000000 
H 5.6200000000 1.8900000000 5.4100000000 
O 4.9000000000 6.1200000000 1.2000000000 
H 5.0200000000 6.8500000000 1.8400000000 
H 3.9300000000 6.2200000000 1.0700000000 
O 3.7600000000 9.5400000000 5.6500000000 
H 4.0100000000 9.1600000000 6.5400000000 
H 2.8900000000 0.0100000000 5.8600000000 
O 9.3400000000 2.6100000000 7.9400000000 
H 9.6400000000 3.0700000000 7.0900000000 
H 8.6300000000 2.0000000000 7.6300000000 
O 2.5000000000 2.2500000000 2.3100000000 
H 1.9200000000 1.8200000000 2.9600000000 
H 1.8600000000 2.6500000000 1.6200000000 
O 0.0800000000 7.4500000000 4.4900000000 
H 9.1500000000 7.8100000000 4.0000000000 
H 0.1600000000 8.0000000000 5.2600000000 
O 7.6400000000 2.4700000000 2.8300000000 
H 6.9100000000 2.0800000000 3.3600000000 
H 7.7800000000 3.2600000000 3.4300000000 
O 7.4100000000 5.5500000000 2.0300000000 
H 7.9400000000 6.1200000000 1.3700000000 
H 6.4500000000 5.5600000000 1.8400000000 
O 7.2700000000 8.3100000000 4.5100000000 
H 7.3300000000 7.5100000000 5.0800000000 
H 6.3900000000 8.2200000000 4.0800000000 
O 8.2400000000 4.5600000000 4.4500000000 
H 7.9800000000 5.1500000000 5.2500000000 
H 7.8600000000 5.0600000000 3.7300000000 
O 2.4800000000 0.7000000000 8.5100000000 
H 2.6400000000 1.0300000000 9.4300000000 
H 2.6600000000 9.6100000000 8.4900000000 
O 1.7600000000 5.4400000000 3.4400000000 
H 1.2600000000 5.8300000000 2.6800000000 
H 1.5000000000 6.0100000000 4.1700000000 
O 9.4800000000 7.4200000000 7.7400000000 
H 0.3300000000 6.8100000000 7.5300000000 
H 0.0100000000 8.2800000000 7.4200000000 
O 3.5600000000 3.4800000000 4.5200000000 
H 3.1200000000 4.2000000000 4.0200000000 
H 3.8000000000 3.0400000000 3.7100000000 
O 7.6800000000 0.4600000000 6.9900000000 
H 7.4400000000 9.5600000000 6.3800000000 
H 6.9300000000 1.0600000000 6.9700000000 
O 5.8800000000 2.5300000000 7.4600000000 
H 6.2000000000 2.4200000000 8.3600000000 
H 5.0000000000 2.9100000000 7.5700000000 
O 4.5300000000 7.4700000000 3.7000000000 
H 3.6500000000 7.3000000000 3.2600000000 
H 4.2900000000 7.9500000000 4.5000000000 
O 8.5900000000 7.7000000000 0.3800000000 
H 8.9400000000 7.6500000000 9.3100000000 
H 9.3000000000 7.9900000000 0.9200000000 
O 7.3000000000 6.2900000000 6.4400000000 
H 7.9400000000 6.5500000000 7.1600000000 
H 6.5900000000 5.7800000000 7.0200000000 

