&CONTROL
/
&SYSTEM
   ntyp             = 2
   nat              = 96
   ibrav            = 0
/
&ELECTRONS
/
&IONS
/
&CELL
/

ATOMIC_SPECIES
O 15.999 None
H 1.008 None

K_POINTS gamma

CELL_PARAMETERS angstrom
9.86520000000000 0.00000000000000 0.00000000000000
0.00000000000000 9.86520000000000 0.00000000000000
0.00000000000000 0.00000000000000 9.86520000000000

ATOMIC_POSITIONS angstrom
O 9.2900000000 4.6900000000 8.1900000000 
H 8.7900000000 3.9300000000 7.7400000000 
H 8.4900000000 5.3500000000 8.4200000000 
O 2.3000000000 0.8700000000 7.4200000000 
H 3.2900000000 0.9900000000 7.3400000000 
H 2.1600000000 0.7600000000 8.3800000000 
O 1.4900000000 4.2500000000 3.4200000000 
H 1.0200000000 4.0000000000 4.2400000000 
H 1.9600000000 3.4400000000 3.2800000000 
O 6.3100000000 7.4900000000 1.4200000000 
H 5.6600000000 8.2100000000 1.2100000000 
H 5.8700000000 6.9800000000 2.1700000000 
O 1.5700000000 0.4900000000 4.6500000000 
H 1.6600000000 0.5700000000 5.6500000000 
H 1.2500000000 9.4500000000 4.6600000000 
O 1.3700000000 3.6500000000 6.2200000000 
H 1.3900000000 2.7100000000 6.4900000000 
H 0.9300000000 4.1400000000 6.9700000000 
O 1.4700000000 0.9500000000 0.4500000000 
H 0.5300000000 1.2700000000 0.5100000000 
H 1.7300000000 1.3300000000 1.2800000000 
O 5.3400000000 1.8100000000 9.1900000000 
H 5.3700000000 1.6100000000 8.2200000000 
H 4.6800000000 2.5700000000 9.3400000000 
O 3.5700000000 3.6900000000 0.6900000000 
H 3.1800000000 3.1700000000 1.4300000000 
H 3.5800000000 4.6200000000 0.9000000000 
O 0.6900000000 8.2500000000 9.4200000000 
H 0.1400000000 7.8500000000 0.3300000000 
H 0.8500000000 9.1900000000 9.6500000000 
O 1.3800000000 6.3200000000 7.7400000000 
H 1.2500000000 7.0500000000 8.4100000000 
H 0.5500000000 5.7000000000 7.8700000000 
O 8.4600000000 2.1000000000 6.5900000000 
H 7.9900000000 1.3100000000 6.9100000000 
H 8.4000000000 2.1200000000 5.6300000000 
O 4.4700000000 5.1200000000 8.2900000000 
H 3.9600000000 4.6600000000 9.0200000000 
H 3.8100000000 5.7300000000 7.9000000000 
O 5.7800000000 1.3900000000 3.5500000000 
H 6.2100000000 0.5400000000 3.3000000000 
H 6.6100000000 1.8900000000 3.7900000000 
O 4.5500000000 9.5400000000 1.1500000000 
H 5.0600000000 0.2400000000 0.5400000000 
H 4.0500000000 0.3900000000 1.6500000000 
O 2.9100000000 6.1400000000 5.3400000000 
H 2.3200000000 6.2200000000 6.1200000000 
H 2.2700000000 5.7600000000 4.6500000000 
O 0.1500000000 3.7400000000 0.7700000000 
H 9.6200000000 3.9200000000 9.7400000000 
H 0.8700000000 4.3500000000 0.8300000000 
O 2.9000000000 2.1100000000 2.8800000000 
H 2.5600000000 1.5700000000 3.6500000000 
H 3.8900000000 2.1300000000 3.0200000000 
O 3.2400000000 6.4900000000 0.8200000000 
H 2.4500000000 6.9800000000 1.1500000000 
H 3.8200000000 7.2900000000 0.5800000000 
O 8.3700000000 2.2500000000 3.8400000000 
H 8.8600000000 1.4700000000 3.6200000000 
H 8.4600000000 2.7100000000 2.9500000000 
O 7.4100000000 3.3800000000 1.3300000000 
H 8.3300000000 3.6900000000 1.0100000000 
H 6.9000000000 3.7200000000 0.6100000000 
O 7.4300000000 7.1700000000 5.8600000000 
H 6.4400000000 7.3300000000 5.6300000000 
H 7.5000000000 6.1700000000 6.0700000000 
O 0.4000000000 7.7200000000 5.2700000000 
H 0.6900000000 7.3900000000 6.1700000000 
H 9.2800000000 7.7500000000 5.2900000000 
O 5.0200000000 1.1500000000 6.4700000000 
H 4.6800000000 1.9000000000 5.9000000000 
H 5.5200000000 0.7200000000 5.7400000000 
O 0.5000000000 7.3000000000 2.0400000000 
H 0.1500000000 7.9700000000 2.5800000000 
H 0.3800000000 6.4400000000 2.5400000000 
O 8.2800000000 0.7000000000 0.4000000000 
H 7.9500000000 0.6100000000 9.3200000000 
H 7.6600000000 1.3300000000 0.7600000000 
O 4.1900000000 3.4800000000 5.4400000000 
H 4.8600000000 4.0400000000 5.0500000000 
H 3.4100000000 4.0400000000 5.5900000000 
O 7.4800000000 9.4500000000 7.8000000000 
H 7.8200000000 8.6600000000 7.2600000000 
H 6.5300000000 9.1400000000 7.9200000000 
O 6.5900000000 4.8000000000 6.1900000000 
H 6.9600000000 3.9200000000 6.1600000000 
H 5.8100000000 4.7200000000 6.7600000000 
O 5.0600000000 7.4900000000 4.4300000000 
H 4.4100000000 6.7700000000 4.7700000000 
H 4.3300000000 8.0700000000 4.2500000000 
O 8.2700000000 9.1500000000 2.6800000000 
H 7.7500000000 8.3700000000 2.3800000000 
H 8.3900000000 9.7600000000 1.9100000000 
O 7.1200000000 5.5300000000 9.3800000000 
H 7.0600000000 6.2400000000 0.1500000000 
H 6.2600000000 5.4900000000 8.9500000000 

