&CONTROL
/
&SYSTEM
   ntyp             = 2
   nat              = 96
   ibrav            = 0
/
&ELECTRONS
/
&IONS
/
&CELL
/

ATOMIC_SPECIES
O 15.999 None
H 1.008 None

K_POINTS gamma

CELL_PARAMETERS angstrom
9.86520000000000 0.00000000000000 0.00000000000000
0.00000000000000 9.86520000000000 0.00000000000000
0.00000000000000 0.00000000000000 9.86520000000000

ATOMIC_POSITIONS angstrom
O 1.6100000000 4.3300000000 5.3600000000 
H 1.5200000000 3.6300000000 6.0300000000 
H 1.8200000000 5.1100000000 5.8600000000 
O 4.9900000000 9.8300000000 4.5900000000 
H 5.8300000000 9.2500000000 4.7900000000 
H 4.8700000000 0.3800000000 5.4900000000 
O 4.8500000000 6.2900000000 2.9600000000 
H 4.9300000000 6.4100000000 3.9200000000 
H 5.4800000000 6.9700000000 2.6200000000 
O 8.1500000000 9.1900000000 9.6900000000 
H 9.1000000000 9.3100000000 9.4500000000 
H 7.7200000000 0.0300000000 9.1600000000 
O 4.1100000000 6.1000000000 9.1300000000 
H 5.0500000000 6.0500000000 9.2500000000 
H 3.7600000000 5.6800000000 0.0700000000 
O 7.4900000000 1.7000000000 8.4400000000 
H 7.8900000000 1.6500000000 7.5100000000 
H 6.8900000000 2.4800000000 8.4200000000 
O 0.5400000000 8.0400000000 6.8900000000 
H 1.4500000000 7.7200000000 6.5800000000 
H 0.1400000000 8.3900000000 6.0500000000 
O 6.3400000000 8.1200000000 1.5700000000 
H 7.0200000000 8.4900000000 1.0000000000 
H 5.8200000000 8.8700000000 1.6200000000 
O 8.8600000000 1.6800000000 5.9400000000 
H 8.4500000000 2.3700000000 5.3500000000 
H 9.0200000000 0.9500000000 5.3100000000 
O 2.8800000000 6.5900000000 6.4700000000 
H 3.5700000000 7.1000000000 6.0300000000 
H 3.2600000000 6.3600000000 7.3300000000 
O 4.9400000000 1.0400000000 1.2200000000 
H 4.5300000000 1.6000000000 0.4900000000 
H 5.2900000000 1.8000000000 1.8400000000 
O 3.6300000000 2.5300000000 9.0900000000 
H 3.6800000000 3.3800000000 9.6000000000 
H 2.7200000000 2.5000000000 8.7300000000 
O 6.5000000000 5.2800000000 7.3600000000 
H 6.5900000000 5.0500000000 8.3200000000 
H 7.4600000000 5.4500000000 7.2400000000 
O 9.7300000000 8.3600000000 2.1300000000 
H 9.2300000000 8.5600000000 1.3700000000 
H 0.5200000000 7.7100000000 1.7500000000 
O 5.1300000000 8.9500000000 8.6900000000 
H 4.8800000000 8.0500000000 8.7000000000 
H 4.7800000000 9.3100000000 9.5200000000 
O 6.3400000000 3.4700000000 5.3800000000 
H 6.4400000000 4.2300000000 5.9800000000 
H 6.0200000000 2.7300000000 5.8500000000 
O 5.4100000000 7.0800000000 5.8100000000 
H 6.1400000000 7.4600000000 5.3100000000 
H 5.7700000000 6.3100000000 6.3500000000 
O 0.9500000000 2.3600000000 7.6300000000 
H 0.2600000000 1.8900000000 7.0600000000 
H 0.4400000000 2.9900000000 8.2000000000 
O 9.2300000000 3.7100000000 9.5700000000 
H 8.8400000000 4.1500000000 0.4700000000 
H 8.9600000000 2.8000000000 9.7700000000 
O 5.0800000000 1.4600000000 6.9200000000 
H 4.4700000000 2.1000000000 7.3700000000 
H 5.1400000000 0.6900000000 7.5400000000 
O 8.7700000000 3.2900000000 2.5500000000 
H 9.6600000000 2.9200000000 2.6200000000 
H 8.9400000000 4.0700000000 3.1400000000 
O 9.1900000000 5.6400000000 7.1500000000 
H 9.4700000000 6.6200000000 7.0700000000 
H 9.5100000000 5.2000000000 7.9800000000 
O 3.6100000000 4.5700000000 1.3600000000 
H 4.0100000000 4.9200000000 2.1700000000 
H 2.7500000000 4.2800000000 1.7400000000 
O 6.1400000000 2.9700000000 2.5600000000 
H 5.8900000000 2.8500000000 3.5700000000 
H 7.1400000000 2.9700000000 2.5300000000 
O 1.5200000000 2.8300000000 3.0400000000 
H 1.7800000000 3.3400000000 3.8300000000 
H 1.7800000000 1.9500000000 3.1700000000 
O 6.6600000000 5.5200000000 0.5900000000 
H 6.2800000000 4.9300000000 1.3100000000 
H 6.7200000000 6.4000000000 0.9800000000 
O 9.4700000000 5.6100000000 3.9200000000 
H 8.8700000000 5.7400000000 4.6300000000 
H 0.3500000000 5.0600000000 4.2700000000 
O 0.2900000000 9.5600000000 4.4300000000 
H 1.1900000000 0.0900000000 4.2600000000 
H 0.0800000000 9.1600000000 3.5600000000 
O 2.6500000000 0.3200000000 3.0600000000 
H 3.1800000000 0.3600000000 2.2400000000 
H 3.2600000000 9.7000000000 3.6500000000 
O 1.1400000000 9.5200000000 9.0300000000 
H 1.2400000000 0.5800000000 8.7100000000 
H 0.8400000000 8.9900000000 8.2100000000 
O 1.4800000000 6.9500000000 0.3800000000 
H 1.3800000000 7.8800000000 0.1100000000 
H 2.1500000000 6.5600000000 9.6300000000 
O 7.3700000000 8.2300000000 4.0200000000 
H 7.0400000000 8.4800000000 3.0800000000 
H 8.1700000000 7.7400000000 3.8900000000 

