&CONTROL
/
&SYSTEM
   ntyp             = 2
   nat              = 96
   ibrav            = 0
/
&ELECTRONS
/
&IONS
/
&CELL
/

ATOMIC_SPECIES
O 15.999 None
H 1.008 None

K_POINTS gamma

CELL_PARAMETERS angstrom
9.86520000000000 0.00000000000000 0.00000000000000
0.00000000000000 9.86520000000000 0.00000000000000
0.00000000000000 0.00000000000000 9.86520000000000

ATOMIC_POSITIONS angstrom
O 5.2900000000 5.9900000000 5.3000000000 
H 4.5900000000 5.4700000000 5.7400000000 
H 5.7300000000 5.1800000000 4.9700000000 
O 6.3200000000 9.3200000000 2.4500000000 
H 5.3700000000 9.4700000000 2.5500000000 
H 6.4700000000 8.3300000000 2.4700000000 
O 6.0800000000 3.6400000000 4.4500000000 
H 5.7600000000 3.5900000000 3.5100000000 
H 5.7700000000 2.7700000000 4.7700000000 
O 6.3500000000 8.1100000000 8.4200000000 
H 6.8100000000 8.7700000000 9.0400000000 
H 5.4200000000 8.1600000000 8.7400000000 
O 3.3800000000 9.1800000000 2.2400000000 
H 2.8200000000 8.7600000000 2.9000000000 
H 2.9500000000 0.2000000000 2.2000000000 
O 6.5800000000 8.3900000000 5.5200000000 
H 6.6100000000 8.9500000000 6.2700000000 
H 5.9800000000 7.6000000000 5.8000000000 
O 9.4500000000 0.7500000000 6.2200000000 
H 0.2000000000 9.8600000000 6.1400000000 
H 9.1000000000 0.8900000000 5.3300000000 
O 0.0100000000 2.6000000000 8.1700000000 
H 9.6400000000 2.0300000000 8.9400000000 
H 9.6400000000 2.0300000000 7.3500000000 
O 0.2400000000 8.0600000000 2.6600000000 
H 0.1300000000 7.4400000000 3.3900000000 
H 9.8400000000 7.5100000000 1.8600000000 
O 8.4900000000 0.5300000000 3.4500000000 
H 9.0800000000 9.6900000000 3.1300000000 
H 7.6400000000 0.2800000000 3.0300000000 
O 0.8700000000 5.3800000000 7.7300000000 
H 0.1700000000 5.9900000000 8.0800000000 
H 0.6600000000 4.6100000000 8.2200000000 
O 4.4000000000 2.5900000000 8.4200000000 
H 3.9500000000 3.0800000000 7.7000000000 
H 4.2400000000 1.6700000000 8.0300000000 
O 2.3800000000 2.4400000000 1.1800000000 
H 1.7800000000 1.6900000000 1.0800000000 
H 2.7400000000 2.5800000000 0.2600000000 
O 3.2000000000 4.5000000000 6.4700000000 
H 2.5300000000 4.6200000000 7.2300000000 
H 2.5800000000 4.3400000000 5.7600000000 
O 8.2400000000 6.2300000000 4.6900000000 
H 8.0500000000 6.0200000000 5.6400000000 
H 7.8800000000 7.1300000000 4.7800000000 
O 1.2700000000 4.7200000000 4.3600000000 
H 0.6700000000 5.2100000000 4.9300000000 
H 0.5900000000 4.1700000000 3.8700000000 
O 7.2200000000 0.5000000000 0.0400000000 
H 7.0600000000 1.4500000000 0.1400000000 
H 6.9200000000 0.2100000000 0.9200000000 
O 9.2000000000 3.3400000000 3.4500000000 
H 8.3700000000 3.7100000000 3.9400000000 
H 9.0000000000 2.4000000000 3.3800000000 
O 5.3600000000 4.0700000000 1.3700000000 
H 4.7700000000 3.4300000000 1.0100000000 
H 6.2500000000 3.8800000000 1.0500000000 
O 2.5400000000 1.6200000000 3.9400000000 
H 1.7900000000 2.2500000000 4.2500000000 
H 3.0600000000 2.0900000000 3.2500000000 
O 7.6000000000 3.3400000000 0.1700000000 
H 7.4500000000 3.3000000000 9.0700000000 
H 8.5600000000 3.4800000000 0.2900000000 
O 3.0200000000 7.3200000000 4.3200000000 
H 3.9000000000 6.9200000000 4.3600000000 
H 2.5400000000 6.4900000000 4.1200000000 
O 8.1000000000 6.3600000000 7.5300000000 
H 7.4600000000 5.5800000000 7.6100000000 
H 7.4400000000 7.0900000000 7.7600000000 
O 3.6700000000 8.0200000000 9.6400000000 
H 2.7200000000 8.0300000000 9.5900000000 
H 3.8300000000 8.2000000000 0.7700000000 
O 6.4300000000 6.4900000000 2.3400000000 
H 6.8500000000 6.1300000000 3.1600000000 
H 6.0600000000 5.7000000000 2.0000000000 
O 1.2400000000 8.0300000000 6.2300000000 
H 0.7600000000 7.1800000000 6.1800000000 
H 1.9700000000 7.8700000000 5.5200000000 
O 0.5900000000 0.1500000000 0.5600000000 
H 0.4100000000 9.4600000000 1.3200000000 
H 0.0400000000 9.4900000000 9.7700000000 
O 3.4700000000 0.2400000000 7.3300000000 
H 3.4700000000 9.5200000000 8.1300000000 
H 2.6700000000 9.7800000000 6.8200000000 
O 0.4000000000 4.2700000000 1.0300000000 
H 0.1200000000 3.8000000000 1.8600000000 
H 1.4000000000 4.0100000000 0.9400000000 
O 6.4900000000 4.2800000000 7.3500000000 
H 6.5400000000 3.8400000000 6.4700000000 
H 5.8100000000 3.6800000000 7.8300000000 
O 5.3400000000 1.2400000000 5.3600000000 
H 4.5400000000 0.8700000000 5.7400000000 
H 5.8400000000 0.4100000000 5.1200000000 
O 9.2000000000 6.7200000000 0.5600000000 
H 8.4800000000 6.6700000000 9.8600000000 
H 9.3400000000 5.7800000000 0.8900000000 

