&CONTROL
/
&SYSTEM
   ntyp             = 2
   nat              = 96
   ibrav            = 0
/
&ELECTRONS
/
&IONS
/
&CELL
/

ATOMIC_SPECIES
O 15.999 None
H 1.008 None

K_POINTS gamma

CELL_PARAMETERS angstrom
9.86520000000000 0.00000000000000 0.00000000000000
0.00000000000000 9.86520000000000 0.00000000000000
0.00000000000000 0.00000000000000 9.86520000000000

ATOMIC_POSITIONS angstrom
O 9.2200000000 8.2600000000 4.3300000000 
H 0.2300000000 7.8300000000 4.2500000000 
H 8.6700000000 7.4800000000 4.3700000000 
O 1.4600000000 4.4200000000 7.8500000000 
H 1.2500000000 5.3500000000 7.8300000000 
H 2.2400000000 4.4900000000 8.5100000000 
O 6.7900000000 9.0300000000 9.1700000000 
H 6.8800000000 9.5000000000 0.1500000000 
H 5.8600000000 9.1500000000 8.9000000000 
O 2.7100000000 6.5500000000 5.8500000000 
H 1.9100000000 6.5200000000 6.3800000000 
H 2.5300000000 6.1700000000 4.9900000000 
O 5.3700000000 6.7100000000 7.3000000000 
H 4.5800000000 6.4300000000 6.6900000000 
H 5.1500000000 7.6000000000 7.6000000000 
O 5.4200000000 3.4500000000 1.1200000000 
H 6.2900000000 3.0800000000 1.0700000000 
H 4.9100000000 2.6200000000 0.9500000000 
O 4.3500000000 2.6700000000 7.2700000000 
H 3.9300000000 2.7600000000 6.4200000000 
H 3.5500000000 2.3800000000 7.7800000000 
O 5.4100000000 7.7000000000 2.5300000000 
H 5.3300000000 6.8700000000 3.0400000000 
H 6.2900000000 7.6200000000 2.1100000000 
O 3.6200000000 2.8100000000 4.5000000000 
H 2.7800000000 2.7900000000 4.0800000000 
H 4.1000000000 2.0400000000 4.0500000000 
O 3.4600000000 1.5000000000 1.2700000000 
H 2.7800000000 2.2100000000 1.3900000000 
H 2.9200000000 0.8400000000 0.8000000000 
O 9.2000000000 0.5400000000 2.7500000000 
H 9.0300000000 9.6500000000 3.4100000000 
H 0.3000000000 0.5700000000 2.6300000000 
O 5.5600000000 5.0900000000 3.2500000000 
H 5.2600000000 4.4300000000 2.6400000000 
H 5.4200000000 4.7300000000 4.1900000000 
O 1.4600000000 6.5900000000 3.2300000000 
H 0.9600000000 5.9600000000 2.7200000000 
H 1.9900000000 6.9900000000 2.5300000000 
O 0.7700000000 2.9800000000 5.1600000000 
H 1.2000000000 3.6700000000 5.6700000000 
H 0.9300000000 2.2100000000 5.7700000000 
O 9.2900000000 5.1900000000 1.1800000000 
H 9.3700000000 4.5300000000 0.4500000000 
H 8.6000000000 5.7200000000 0.7300000000 
O 4.1900000000 9.1800000000 8.3500000000 
H 3.3200000000 8.9200000000 8.6600000000 
H 3.9300000000 9.6800000000 7.5200000000 
O 2.9400000000 7.3300000000 1.2700000000 
H 2.9600000000 6.4800000000 0.7500000000 
H 3.9100000000 7.3800000000 1.5600000000 
O 7.2800000000 2.6000000000 7.4600000000 
H 6.3300000000 2.3900000000 7.6000000000 
H 7.7500000000 1.7900000000 7.1000000000 
O 2.9500000000 9.2100000000 5.1900000000 
H 3.2900000000 9.5400000000 4.3300000000 
H 3.3300000000 8.3200000000 5.2600000000 
O 9.2800000000 3.3100000000 9.0800000000 
H 0.1800000000 3.5700000000 8.4700000000 
H 8.4500000000 3.2500000000 8.5200000000 
O 7.5300000000 1.6000000000 0.8700000000 
H 8.0500000000 1.1600000000 1.6700000000 
H 8.2400000000 2.0800000000 0.3800000000 
O 0.7500000000 6.9600000000 7.6000000000 
H 9.8400000000 6.3900000000 7.4700000000 
H 0.4300000000 7.9000000000 7.6000000000 
O 7.5600000000 6.4900000000 9.3600000000 
H 7.0700000000 6.0400000000 8.6500000000 
H 7.3900000000 7.3800000000 9.1700000000 
O 1.5500000000 3.3000000000 2.3200000000 
H 1.0100000000 3.3000000000 3.2100000000 
H 0.9200000000 3.7100000000 1.6600000000 
O 3.6700000000 5.1600000000 9.4700000000 
H 4.1900000000 4.4900000000 0.1200000000 
H 4.4100000000 5.5000000000 8.9000000000 
O 8.5800000000 5.3800000000 6.3100000000 
H 8.2500000000 4.4500000000 6.4700000000 
H 8.5700000000 5.3900000000 5.3000000000 
O 1.7400000000 1.0800000000 7.0300000000 
H 1.9800000000 0.4100000000 6.3400000000 
H 1.4000000000 0.5100000000 7.7700000000 
O 4.9400000000 0.4800000000 3.2500000000 
H 5.3400000000 9.4600000000 3.0200000000 
H 4.7000000000 0.8900000000 2.3500000000 
O 1.6600000000 9.6000000000 0.2000000000 
H 0.8100000000 9.4000000000 9.7000000000 
H 1.9000000000 8.6800000000 0.5400000000 
O 8.1700000000 0.6600000000 5.7400000000 
H 8.2700000000 1.5100000000 5.2400000000 
H 8.5800000000 9.8600000000 5.1200000000 
O 8.2700000000 5.8100000000 3.6600000000 
H 8.6800000000 5.6100000000 2.7800000000 
H 7.3600000000 5.5500000000 3.5000000000 
O 9.3200000000 9.3300000000 7.9600000000 
H 9.0600000000 9.8400000000 7.1700000000 
H 8.4900000000 9.1700000000 8.4200000000 

