&CONTROL
/
&SYSTEM
   ntyp             = 2
   nat              = 96
   ibrav            = 0
/
&ELECTRONS
/
&IONS
/
&CELL
/

ATOMIC_SPECIES
O 15.999 None
H 1.008 None

K_POINTS gamma

CELL_PARAMETERS angstrom
9.86520000000000 0.00000000000000 0.00000000000000
0.00000000000000 9.86520000000000 0.00000000000000
0.00000000000000 0.00000000000000 9.86520000000000

ATOMIC_POSITIONS angstrom
O 2.8600000000 7.0500000000 0.4500000000 
H 3.1500000000 7.3900000000 9.4300000000 
H 2.4900000000 6.1100000000 0.1600000000 
O 1.7800000000 4.5800000000 9.7800000000 
H 2.2800000000 4.3900000000 8.9300000000 
H 1.6800000000 3.7000000000 0.3600000000 
O 8.2500000000 1.3100000000 5.9800000000 
H 7.9800000000 0.4500000000 6.5000000000 
H 8.7500000000 1.7500000000 6.6900000000 
O 0.4700000000 7.4800000000 7.8400000000 
H 0.1900000000 8.3300000000 8.2900000000 
H 0.5300000000 6.7800000000 8.5400000000 
O 7.3100000000 1.6400000000 9.8200000000 
H 7.1200000000 1.5100000000 0.8800000000 
H 6.8100000000 0.8500000000 9.5300000000 
O 9.5000000000 5.8600000000 0.5200000000 
H 8.6800000000 5.4000000000 0.6500000000 
H 0.3000000000 5.2400000000 0.1600000000 
O 4.0100000000 6.2000000000 5.8700000000 
H 3.2400000000 6.3900000000 5.3200000000 
H 4.4900000000 5.5500000000 5.3600000000 
O 9.1600000000 2.6600000000 8.2300000000 
H 8.7500000000 3.4300000000 7.7800000000 
H 8.4800000000 2.2300000000 8.7800000000 
O 5.3200000000 4.1400000000 0.4200000000 
H 5.6500000000 3.3800000000 0.8100000000 
H 4.9600000000 3.8600000000 9.4300000000 
O 1.7800000000 2.1400000000 6.8300000000 
H 1.8600000000 1.1300000000 7.0600000000 
H 1.0300000000 2.5100000000 7.4700000000 
O 3.1600000000 9.8300000000 1.0400000000 
H 2.6900000000 0.4000000000 0.3200000000 
H 2.6800000000 9.0300000000 1.0300000000 
O 1.6000000000 9.1600000000 6.0800000000 
H 1.6900000000 8.6500000000 5.2700000000 
H 1.0700000000 8.4600000000 6.5300000000 
O 6.3400000000 6.4300000000 8.5600000000 
H 6.2700000000 5.6400000000 7.9400000000 
H 6.2900000000 6.0300000000 9.4300000000 
O 2.4500000000 8.0600000000 3.4900000000 
H 3.2700000000 7.7800000000 3.0000000000 
H 1.7400000000 7.8300000000 2.8300000000 
O 6.3100000000 8.8400000000 6.8300000000 
H 5.6700000000 9.0800000000 7.5600000000 
H 6.4600000000 7.8900000000 7.0500000000 
O 0.3800000000 0.1500000000 9.1700000000 
H 0.3600000000 9.5900000000 0.1700000000 
H 9.8000000000 1.0500000000 9.2300000000 
O 1.1400000000 2.4100000000 1.6400000000 
H 1.8200000000 2.1800000000 2.3100000000 
H 0.3200000000 1.8800000000 1.9300000000 
O 3.6700000000 8.4200000000 7.9300000000 
H 4.0900000000 7.8500000000 7.2500000000 
H 2.8700000000 8.8200000000 7.4000000000 
O 2.5200000000 1.4000000000 3.9700000000 
H 2.1500000000 0.6900000000 4.5900000000 
H 2.9700000000 0.7900000000 3.2800000000 
O 8.7600000000 1.7200000000 3.3700000000 
H 8.5200000000 1.7200000000 4.3300000000 
H 8.9700000000 0.7900000000 3.2600000000 
O 7.2000000000 8.2500000000 2.2400000000 
H 6.5700000000 8.6000000000 2.9600000000 
H 6.6500000000 8.4200000000 1.4200000000 
O 4.5200000000 6.1800000000 2.2600000000 
H 3.8100000000 6.5700000000 1.6500000000 
H 4.8900000000 5.6200000000 1.6100000000 
O 3.5300000000 4.0500000000 7.6000000000 
H 3.0600000000 3.2900000000 7.2300000000 
H 3.6000000000 4.7200000000 6.8800000000 
O 6.2100000000 2.2000000000 2.4700000000 
H 5.5000000000 2.6100000000 2.9600000000 
H 7.0500000000 2.1700000000 3.0100000000 
O 5.4100000000 8.9900000000 4.2500000000 
H 4.6700000000 8.3600000000 4.4500000000 
H 5.9100000000 9.2300000000 5.0200000000 
O 7.9200000000 4.5300000000 6.5600000000 
H 7.8700000000 4.1900000000 5.6000000000 
H 7.8800000000 5.5100000000 6.3400000000 
O 1.8700000000 4.1000000000 4.2800000000 
H 2.3800000000 4.0500000000 3.4700000000 
H 1.9700000000 3.1300000000 4.6000000000 
O 8.1300000000 4.4600000000 3.6800000000 
H 8.6000000000 3.7100000000 3.1900000000 
H 8.8500000000 5.1100000000 3.7200000000 
O 0.2100000000 6.3500000000 4.5900000000 
H 0.5600000000 5.4600000000 4.4600000000 
H 0.3400000000 6.6300000000 5.5100000000 
O 5.3000000000 4.4300000000 4.2700000000 
H 5.0400000000 5.1100000000 3.5900000000 
H 6.2600000000 4.3900000000 4.0100000000 
O 0.1900000000 8.4700000000 1.5600000000 
H 9.0500000000 8.4400000000 1.8100000000 
H 0.2100000000 7.5300000000 1.3000000000 
O 5.7000000000 9.0800000000 9.8400000000 
H 4.7200000000 9.1900000000 0.1400000000 
H 5.6800000000 8.3400000000 9.2300000000 

