&CONTROL
/
&SYSTEM
   ntyp             = 2
   nat              = 96
   ibrav            = 0
/
&ELECTRONS
/
&IONS
/
&CELL
/

ATOMIC_SPECIES
O 15.999 None
H 1.008 None

K_POINTS gamma

CELL_PARAMETERS angstrom
9.86520000000000 0.00000000000000 0.00000000000000
0.00000000000000 9.86520000000000 0.00000000000000
0.00000000000000 0.00000000000000 9.86520000000000

ATOMIC_POSITIONS angstrom
O 4.7900000000 4.1400000000 5.7900000000 
H 4.6100000000 4.6800000000 5.0200000000 
H 5.7900000000 4.2500000000 5.8100000000 
O 0.6300000000 3.1100000000 4.4600000000 
H 9.6900000000 3.3700000000 4.0400000000 
H 1.2100000000 3.0000000000 3.6300000000 
O 3.5800000000 6.4100000000 4.3300000000 
H 4.1100000000 7.2300000000 4.6900000000 
H 3.5100000000 6.6700000000 3.3300000000 
O 0.5500000000 9.7000000000 1.7500000000 
H 0.0700000000 0.7100000000 1.6300000000 
H 0.6800000000 9.4300000000 0.7600000000 
O 8.0700000000 3.6900000000 3.5000000000 
H 8.6800000000 3.9800000000 2.7600000000 
H 7.1900000000 3.6800000000 2.9900000000 
O 5.3200000000 2.8500000000 2.4000000000 
H 5.7500000000 2.5900000000 1.5800000000 
H 4.4000000000 3.1900000000 2.1600000000 
O 8.4400000000 9.0600000000 7.5600000000 
H 9.3100000000 8.7100000000 7.8000000000 
H 8.7600000000 9.7600000000 6.9000000000 
O 6.4600000000 7.4200000000 6.3500000000 
H 5.9700000000 8.0700000000 5.9600000000 
H 7.1100000000 7.9200000000 6.9600000000 
O 8.9800000000 1.1000000000 5.7100000000 
H 8.1500000000 1.4100000000 5.2100000000 
H 9.7000000000 1.7600000000 5.2800000000 
O 2.0400000000 2.1500000000 9.3200000000 
H 2.0900000000 2.6200000000 8.4100000000 
H 2.5700000000 1.2400000000 9.2600000000 
O 3.9300000000 0.0100000000 8.3400000000 
H 4.6500000000 9.7200000000 9.0600000000 
H 4.5200000000 0.3000000000 7.5900000000 
O 0.8400000000 5.6900000000 8.4700000000 
H 0.9000000000 6.1500000000 7.6300000000 
H 0.9000000000 4.7300000000 8.1300000000 
O 6.5900000000 8.4700000000 3.3800000000 
H 5.9400000000 7.8500000000 3.0900000000 
H 7.5000000000 8.0700000000 3.5000000000 
O 1.8800000000 8.2800000000 9.3900000000 
H 2.5800000000 8.5900000000 8.8200000000 
H 1.7300000000 7.4000000000 9.1000000000 
O 6.4700000000 9.1200000000 9.4900000000 
H 7.1400000000 9.0300000000 8.7700000000 
H 6.2200000000 8.1500000000 9.7000000000 
O 1.9900000000 3.6500000000 7.0100000000 
H 1.5200000000 3.5200000000 6.2100000000 
H 2.8200000000 4.0200000000 6.6000000000 
O 6.3900000000 1.2700000000 4.4800000000 
H 6.0300000000 1.8300000000 3.7700000000 
H 6.2800000000 0.3400000000 4.0100000000 
O 8.4400000000 3.3700000000 8.4700000000 
H 8.5400000000 2.5800000000 7.8200000000 
H 8.1700000000 4.1100000000 7.8900000000 
O 9.6800000000 7.5900000000 3.6100000000 
H 9.7600000000 8.5300000000 3.1500000000 
H 9.8500000000 6.9400000000 2.8700000000 
O 3.3600000000 8.1600000000 2.0700000000 
H 3.0200000000 8.8700000000 2.6800000000 
H 2.8600000000 8.4900000000 1.2200000000 
O 1.1200000000 7.4300000000 6.3200000000 
H 1.0200000000 7.9400000000 5.5000000000 
H 1.6300000000 6.7000000000 5.9300000000 
O 6.6800000000 1.7000000000 0.2700000000 
H 6.4200000000 1.8800000000 9.2000000000 
H 6.7200000000 0.7000000000 0.2500000000 
O 5.4500000000 1.8000000000 7.0200000000 
H 5.0000000000 2.5300000000 6.6000000000 
H 5.8700000000 1.3800000000 6.1500000000 
O 4.4700000000 6.2200000000 7.8600000000 
H 4.8200000000 5.3600000000 7.4000000000 
H 4.6200000000 6.9100000000 7.2200000000 
O 0.6800000000 5.6000000000 1.3400000000 
H 9.6500000000 5.1800000000 1.3000000000 
H 0.9400000000 5.6800000000 0.3800000000 
O 9.2500000000 2.3100000000 1.2900000000 
H 9.6600000000 2.7000000000 0.5000000000 
H 8.3000000000 2.2400000000 0.9800000000 
O 4.3500000000 8.9000000000 5.3200000000 
H 3.4900000000 9.0300000000 5.7400000000 
H 4.3600000000 9.7300000000 4.7000000000 
O 2.4500000000 0.6700000000 3.3400000000 
H 1.5900000000 0.2500000000 3.0200000000 
H 2.4500000000 1.3900000000 2.6400000000 
O 7.4400000000 4.7100000000 6.1600000000 
H 7.9600000000 5.5600000000 6.1200000000 
H 7.6700000000 4.3100000000 5.2600000000 
O 7.9600000000 4.9800000000 0.9600000000 
H 7.9700000000 4.4400000000 0.1000000000 
H 7.1700000000 5.5500000000 0.9000000000 
O 2.8000000000 3.4000000000 1.7500000000 
H 2.4400000000 3.1000000000 0.8200000000 
H 2.5600000000 4.3600000000 1.7100000000 
O 5.6700000000 6.5400000000 0.8100000000 
H 5.3000000000 6.0300000000 0.1100000000 
H 4.8400000000 6.9700000000 1.1700000000 

