&CONTROL
/
&SYSTEM
   ntyp             = 2
   nat              = 96
   ibrav            = 0
/
&ELECTRONS
/
&IONS
/
&CELL
/

ATOMIC_SPECIES
O 15.999 None
H 1.008 None

K_POINTS gamma

CELL_PARAMETERS angstrom
9.86520000000000 0.00000000000000 0.00000000000000
0.00000000000000 9.86520000000000 0.00000000000000
0.00000000000000 0.00000000000000 9.86520000000000

ATOMIC_POSITIONS angstrom
O 0.6900000000 5.0500000000 9.5700000000 
H 0.9500000000 5.2300000000 0.6200000000 
H 9.6200000000 5.2700000000 9.6500000000 
O 9.4300000000 0.8000000000 3.6900000000 
H 9.4100000000 0.8000000000 4.6900000000 
H 9.5300000000 1.7700000000 3.4600000000 
O 4.2800000000 9.0100000000 7.4700000000 
H 3.8500000000 9.2500000000 8.2900000000 
H 5.1400000000 9.4900000000 7.4300000000 
O 2.2000000000 0.3100000000 5.9000000000 
H 2.8700000000 9.6500000000 6.2800000000 
H 1.4000000000 9.6300000000 6.1300000000 
O 3.9900000000 1.0500000000 3.7200000000 
H 4.4800000000 0.2400000000 3.4700000000 
H 3.2300000000 0.7100000000 4.2700000000 
O 2.8100000000 8.0400000000 1.2800000000 
H 2.7300000000 8.7500000000 0.6800000000 
H 2.0300000000 8.1700000000 1.8000000000 
O 4.7600000000 2.2600000000 9.5700000000 
H 5.2200000000 2.4800000000 8.7300000000 
H 4.6700000000 3.1900000000 0.1600000000 
O 0.3600000000 7.5300000000 5.3800000000 
H 0.9800000000 6.7700000000 5.3400000000 
H 9.6500000000 7.2800000000 6.1500000000 
O 2.3700000000 6.4000000000 7.5900000000 
H 1.8100000000 7.2100000000 7.8100000000 
H 2.0000000000 5.7000000000 8.2100000000 
O 7.7400000000 9.6700000000 1.5700000000 
H 6.8500000000 9.3800000000 1.9400000000 
H 8.3100000000 0.1500000000 2.2900000000 
O 7.2500000000 3.3300000000 1.1000000000 
H 7.7400000000 3.6200000000 1.9300000000 
H 6.3800000000 3.1200000000 1.5200000000 
O 2.5800000000 5.4600000000 5.0500000000 
H 2.8500000000 4.6100000000 5.3900000000 
H 2.6900000000 6.0500000000 5.8800000000 
O 5.4200000000 3.3400000000 3.3300000000 
H 4.6800000000 2.7000000000 3.4400000000 
H 6.1100000000 3.1800000000 4.0400000000 
O 9.1700000000 4.5500000000 6.0800000000 
H 8.9500000000 4.1500000000 6.9700000000 
H 8.3200000000 5.0600000000 6.0500000000 
O 0.7100000000 8.2300000000 2.8800000000 
H 0.4100000000 7.9700000000 3.7600000000 
H 0.3000000000 9.1600000000 2.9300000000 
O 6.9400000000 6.1100000000 5.4800000000 
H 6.5900000000 6.5000000000 6.3100000000 
H 6.2200000000 6.3100000000 4.7900000000 
O 5.2200000000 6.1000000000 7.6500000000 
H 5.2100000000 5.9000000000 8.6300000000 
H 4.3100000000 6.3900000000 7.5400000000 
O 2.6300000000 0.5500000000 9.4300000000 
H 2.0300000000 1.2400000000 8.9800000000 
H 3.3800000000 1.1600000000 9.5200000000 
O 9.5800000000 3.6700000000 3.5900000000 
H 0.3400000000 4.0900000000 2.9600000000 
H 9.8100000000 4.1100000000 4.4800000000 
O 0.7100000000 2.4400000000 8.3300000000 
H 1.2400000000 2.6800000000 7.5200000000 
H 0.5400000000 3.3500000000 8.7500000000 
O 4.7900000000 5.8600000000 3.6100000000 
H 5.1600000000 4.9900000000 3.4000000000 
H 4.1100000000 5.7000000000 4.1700000000 
O 4.3800000000 4.7500000000 0.6700000000 
H 4.6000000000 4.7200000000 1.7100000000 
H 3.6100000000 5.3600000000 0.6700000000 
O 8.0400000000 3.6500000000 8.4200000000 
H 7.6900000000 3.7000000000 9.3400000000 
H 8.4000000000 2.7400000000 8.3400000000 
O 9.4500000000 0.8200000000 6.4800000000 
H 8.8100000000 0.5700000000 7.1400000000 
H 0.1300000000 1.5500000000 6.9500000000 
O 0.9000000000 8.5800000000 8.3000000000 
H 1.3700000000 9.3400000000 8.6000000000 
H 0.1700000000 8.4700000000 8.8700000000 
O 1.4500000000 5.4600000000 2.3000000000 
H 2.0700000000 5.3200000000 3.0500000000 
H 1.1400000000 6.3400000000 2.4500000000 
O 7.5700000000 0.7400000000 8.6100000000 
H 7.9300000000 0.1700000000 9.3400000000 
H 6.8100000000 1.2900000000 9.0100000000 
O 8.2600000000 7.5000000000 0.0700000000 
H 7.4500000000 7.2900000000 9.4500000000 
H 8.0200000000 8.1500000000 0.7700000000 
O 5.4900000000 3.5000000000 6.8000000000 
H 6.1300000000 3.3500000000 6.0900000000 
H 5.6200000000 4.4200000000 7.1400000000 
O 5.2800000000 8.3300000000 2.5100000000 
H 4.4400000000 8.1500000000 1.9900000000 
H 5.4100000000 7.4500000000 3.0400000000 
O 7.4100000000 2.4500000000 5.0900000000 
H 8.1900000000 2.8800000000 4.7200000000 
H 7.6700000000 1.5500000000 5.0900000000 
O 2.7000000000 3.0400000000 6.5400000000 
H 3.6200000000 2.8100000000 6.7500000000 
H 2.4400000000 2.3600000000 5.8600000000 

