&CONTROL
/
&SYSTEM
   ntyp             = 2
   nat              = 96
   ibrav            = 0
/
&ELECTRONS
/
&IONS
/
&CELL
/

ATOMIC_SPECIES
O 15.999 None
H 1.008 None

K_POINTS gamma

CELL_PARAMETERS angstrom
9.86520000000000 0.00000000000000 0.00000000000000
0.00000000000000 9.86520000000000 0.00000000000000
0.00000000000000 0.00000000000000 9.86520000000000

ATOMIC_POSITIONS angstrom
O 4.3600000000 5.5400000000 7.2100000000 
H 4.5900000000 4.6000000000 7.3500000000 
H 3.6700000000 5.7200000000 7.8900000000 
O 4.5100000000 8.3000000000 1.4200000000 
H 3.7100000000 7.7900000000 1.2100000000 
H 4.6400000000 8.7100000000 0.5700000000 
O 8.4000000000 1.4700000000 7.8400000000 
H 8.5900000000 1.4600000000 8.8100000000 
H 9.0800000000 2.1900000000 7.5200000000 
O 4.7200000000 8.5300000000 8.4400000000 
H 3.9100000000 8.0000000000 8.3500000000 
H 4.4300000000 9.4700000000 8.2000000000 
O 2.0800000000 9.3900000000 8.6400000000 
H 2.7000000000 9.8000000000 8.0100000000 
H 1.9200000000 0.2900000000 9.2400000000 
O 4.0400000000 1.5200000000 8.0200000000 
H 4.8100000000 2.1800000000 8.0100000000 
H 3.4400000000 2.1000000000 7.5300000000 
O 1.8000000000 4.2900000000 3.2800000000 
H 1.2100000000 3.5600000000 3.4100000000 
H 1.2600000000 4.7200000000 2.6200000000 
O 7.3700000000 8.0400000000 8.6600000000 
H 6.3400000000 8.0700000000 8.6700000000 
H 7.4900000000 8.9600000000 8.2600000000 
O 3.3900000000 3.1100000000 1.2900000000 
H 3.4400000000 2.2200000000 1.8100000000 
H 2.9900000000 3.5900000000 2.0300000000 
O 9.4600000000 3.8200000000 6.6600000000 
H 9.3100000000 3.6300000000 5.6900000000 
H 8.6900000000 4.3700000000 6.8800000000 
O 0.7000000000 5.5500000000 1.4500000000 
H 0.2100000000 6.2900000000 1.8300000000 
H 9.8400000000 5.3400000000 0.7800000000 
O 7.5800000000 3.3700000000 2.0500000000 
H 7.5900000000 4.1500000000 1.4400000000 
H 8.1500000000 2.7500000000 1.5200000000 
O 2.4100000000 3.3600000000 6.4300000000 
H 2.6900000000 3.8600000000 5.6700000000 
H 1.4200000000 3.5900000000 6.4100000000 
O 5.5900000000 2.5000000000 3.9200000000 
H 6.1000000000 2.9900000000 3.2300000000 
H 5.5500000000 3.1900000000 4.6300000000 
O 2.8900000000 6.3300000000 9.4100000000 
H 2.0900000000 6.8000000000 9.0500000000 
H 2.4600000000 5.9500000000 0.3200000000 
O 0.4700000000 7.7400000000 5.5300000000 
H 1.4200000000 8.1000000000 5.4100000000 
H 0.3100000000 7.4000000000 6.4500000000 
O 1.5300000000 2.5100000000 9.0800000000 
H 1.6200000000 3.3200000000 8.4900000000 
H 2.2800000000 2.7400000000 9.7000000000 
O 6.2300000000 3.2200000000 6.5800000000 
H 6.8200000000 2.4600000000 6.8200000000 
H 6.6500000000 4.0300000000 6.9600000000 
O 3.2500000000 0.6100000000 2.5500000000 
H 3.0900000000 0.5900000000 3.5000000000 
H 3.9500000000 9.6600000000 2.4800000000 
O 5.4200000000 3.3000000000 9.3100000000 
H 4.6900000000 3.3700000000 0.1400000000 
H 6.1600000000 3.3500000000 0.0100000000 
O 6.4200000000 6.5100000000 2.7500000000 
H 5.6600000000 6.2400000000 3.3300000000 
H 6.0700000000 7.4500000000 2.3700000000 
O 9.1800000000 7.6600000000 3.1000000000 
H 8.3100000000 7.1900000000 3.2200000000 
H 9.5600000000 7.6100000000 4.0400000000 
O 7.8600000000 5.5900000000 0.5000000000 
H 7.6600000000 6.1200000000 9.5200000000 
H 7.2500000000 5.9800000000 1.2100000000 
O 9.4200000000 2.5100000000 4.0300000000 
H 8.6000000000 2.8600000000 3.5200000000 
H 9.2000000000 1.5900000000 4.2000000000 
O 3.0000000000 8.3200000000 4.6100000000 
H 3.4600000000 7.5800000000 4.1700000000 
H 3.7700000000 8.9400000000 4.7100000000 
O 7.5300000000 5.7500000000 7.1100000000 
H 6.6000000000 5.8900000000 7.3100000000 
H 7.9600000000 6.4300000000 7.5800000000 
O 4.4300000000 5.7900000000 4.5100000000 
H 3.5200000000 5.5000000000 4.2400000000 
H 4.3800000000 5.7700000000 5.5100000000 
O 8.4100000000 0.1200000000 5.3800000000 
H 8.2800000000 0.5500000000 6.2400000000 
H 9.0300000000 9.2200000000 5.5400000000 
O 9.0700000000 1.6900000000 0.5800000000 
H 0.0400000000 1.8900000000 0.0900000000 
H 9.3000000000 0.7500000000 0.9800000000 
O 0.2900000000 7.4600000000 8.4400000000 
H 0.8500000000 8.2300000000 8.7200000000 
H 9.1900000000 7.7300000000 8.5100000000 
O 0.5900000000 9.4700000000 1.5500000000 
H 1.4900000000 9.6000000000 1.9100000000 
H 0.1600000000 8.8200000000 2.1400000000 
O 5.6500000000 9.7300000000 4.2400000000 
H 5.7200000000 0.8600000000 3.9800000000 
H 6.5700000000 9.6500000000 4.5300000000 

