&CONTROL
/
&SYSTEM
   ntyp             = 2
   nat              = 96
   ibrav            = 0
/
&ELECTRONS
/
&IONS
/
&CELL
/

ATOMIC_SPECIES
O 15.999 None
H 1.008 None

K_POINTS gamma

CELL_PARAMETERS angstrom
9.86520000000000 0.00000000000000 0.00000000000000
0.00000000000000 9.86520000000000 0.00000000000000
0.00000000000000 0.00000000000000 9.86520000000000

ATOMIC_POSITIONS angstrom
O 2.3000000000 4.2000000000 0.3400000000 
H 2.7900000000 3.7400000000 9.4100000000 
H 2.1900000000 5.0500000000 9.7400000000 
O 3.6100000000 3.3600000000 2.7600000000 
H 3.0600000000 3.9600000000 3.2600000000 
H 3.3500000000 3.5900000000 1.8000000000 
O 6.1200000000 0.2400000000 5.5500000000 
H 6.2600000000 9.3200000000 4.9700000000 
H 6.6500000000 9.8400000000 6.3200000000 
O 1.4400000000 1.6900000000 2.5900000000 
H 1.1500000000 1.3700000000 1.6600000000 
H 2.3100000000 2.1900000000 2.5000000000 
O 3.5100000000 6.9100000000 3.0000000000 
H 2.6200000000 6.9900000000 2.5600000000 
H 3.2700000000 6.3600000000 3.8000000000 
O 8.3800000000 2.3100000000 2.3300000000 
H 8.9800000000 1.5000000000 2.4500000000 
H 7.5300000000 1.8700000000 2.5600000000 
O 1.0500000000 6.8900000000 1.8600000000 
H 0.2600000000 7.4500000000 1.4400000000 
H 0.7400000000 6.6000000000 2.8100000000 
O 0.8700000000 0.4600000000 0.2900000000 
H 1.0200000000 0.7300000000 9.2200000000 
H 0.2900000000 9.5400000000 0.2300000000 
O 4.7600000000 3.1400000000 9.2300000000 
H 5.4200000000 3.5400000000 9.8300000000 
H 5.2600000000 3.2800000000 8.4200000000 
O 7.6500000000 6.3300000000 4.5100000000 
H 8.5000000000 6.7800000000 4.5000000000 
H 7.0600000000 7.0300000000 4.2200000000 
O 2.2600000000 5.0500000000 4.4800000000 
H 2.4400000000 4.5300000000 5.2600000000 
H 1.2400000000 4.9700000000 4.4400000000 
O 5.0400000000 6.7300000000 8.5400000000 
H 4.1500000000 7.1600000000 8.5400000000 
H 4.9700000000 6.1100000000 9.2800000000 
O 8.1400000000 6.1800000000 9.2800000000 
H 7.6800000000 5.9000000000 8.4600000000 
H 8.7400000000 5.4400000000 9.4300000000 
O 9.4900000000 4.2800000000 4.3300000000 
H 8.7100000000 4.8200000000 4.6500000000 
H 9.1800000000 3.7700000000 3.5800000000 
O 5.4700000000 1.3800000000 2.9200000000 
H 4.7700000000 2.1900000000 3.0000000000 
H 5.7800000000 1.3200000000 3.8700000000 
O 8.8500000000 8.3000000000 0.9200000000 
H 8.0400000000 8.8700000000 1.0500000000 
H 8.4700000000 7.6500000000 0.2200000000 
O 2.8200000000 4.0000000000 6.8500000000 
H 3.7400000000 4.0900000000 7.0200000000 
H 2.8200000000 3.1500000000 6.4400000000 
O 4.1000000000 0.5300000000 8.8200000000 
H 4.3100000000 1.5100000000 8.9200000000 
H 3.1300000000 0.5300000000 8.9300000000 
O 5.8000000000 4.4300000000 6.6500000000 
H 6.6400000000 4.4300000000 6.1800000000 
H 5.7300000000 5.3600000000 6.7900000000 
O 0.4200000000 1.7000000000 5.2100000000 
H 9.8600000000 2.5900000000 5.0600000000 
H 1.0000000000 1.6000000000 4.3900000000 
O 0.6700000000 5.8400000000 7.2400000000 
H 9.7400000000 5.3000000000 7.0400000000 
H 1.4200000000 5.1800000000 7.0700000000 
O 5.7700000000 8.4400000000 3.5800000000 
H 5.4900000000 9.1600000000 3.0000000000 
H 5.0400000000 7.7900000000 3.4600000000 
O 7.4800000000 8.2800000000 7.6700000000 
H 6.6000000000 8.1300000000 8.2000000000 
H 8.1300000000 7.6700000000 8.0500000000 
O 9.4100000000 3.9100000000 0.3900000000 
H 9.0000000000 3.3400000000 0.9900000000 
H 0.4300000000 4.0500000000 0.7000000000 
O 6.1900000000 9.6900000000 0.7200000000 
H 5.8700000000 0.4300000000 1.3600000000 
H 5.4800000000 9.7400000000 0.0500000000 
O 2.3300000000 6.6800000000 9.2100000000 
H 1.7800000000 7.1300000000 0.0100000000 
H 1.6800000000 6.7200000000 8.5100000000 
O 0.2500000000 7.3600000000 4.7300000000 
H 0.5600000000 6.9500000000 5.5500000000 
H 0.7400000000 8.1600000000 4.7100000000 
O 3.5700000000 1.6400000000 5.6600000000 
H 4.1800000000 1.2300000000 6.2400000000 
H 4.0800000000 1.4100000000 4.8500000000 
O 1.5100000000 0.5800000000 7.5500000000 
H 0.5500000000 0.9400000000 7.6400000000 
H 1.9000000000 0.8400000000 6.7000000000 
O 5.3400000000 5.6000000000 1.2700000000 
H 4.6100000000 5.9700000000 1.8200000000 
H 5.7600000000 6.4300000000 1.0100000000 
O 8.3300000000 0.8200000000 8.0700000000 
H 7.4400000000 1.1700000000 8.2900000000 
H 8.2800000000 9.6800000000 7.9100000000 
O 8.8900000000 3.5300000000 7.6700000000 
H 8.9600000000 2.5800000000 7.6000000000 
H 9.3600000000 3.7200000000 8.5600000000 

