&CONTROL
/
&SYSTEM
   ntyp             = 2
   nat              = 96
   ibrav            = 0
/
&ELECTRONS
/
&IONS
/
&CELL
/

ATOMIC_SPECIES
O 15.999 None
H 1.008 None

K_POINTS gamma

CELL_PARAMETERS angstrom
9.86520000000000 0.00000000000000 0.00000000000000
0.00000000000000 9.86520000000000 0.00000000000000
0.00000000000000 0.00000000000000 9.86520000000000

ATOMIC_POSITIONS angstrom
O 8.0200000000 8.2500000000 0.4300000000 
H 8.1700000000 9.0300000000 9.6400000000 
H 8.9400000000 8.0200000000 0.7500000000 
O 5.0200000000 1.3200000000 7.6100000000 
H 5.9000000000 0.8700000000 7.4800000000 
H 4.3900000000 0.4900000000 7.5600000000 
O 5.7600000000 1.7000000000 0.4500000000 
H 5.8700000000 1.7200000000 9.3600000000 
H 6.6800000000 1.4600000000 0.7900000000 
O 3.3300000000 7.6900000000 2.8300000000 
H 4.3100000000 7.6300000000 2.6900000000 
H 3.0900000000 7.0000000000 3.4200000000 
O 7.4500000000 5.0000000000 1.2100000000 
H 8.1200000000 5.6800000000 1.4000000000 
H 7.7200000000 4.4300000000 0.4500000000 
O 3.3700000000 5.7400000000 4.5900000000 
H 3.0100000000 5.1600000000 5.2900000000 
H 3.9400000000 5.0100000000 4.2000000000 
O 6.2100000000 6.6800000000 8.6700000000 
H 6.7500000000 6.5700000000 7.7900000000 
H 6.8500000000 7.2600000000 9.1700000000 
O 7.4300000000 0.1400000000 7.3900000000 
H 7.4600000000 9.5000000000 6.5200000000 
H 8.0300000000 0.9200000000 7.3900000000 
O 1.5900000000 5.6600000000 7.6100000000 
H 1.7700000000 6.6400000000 7.5600000000 
H 2.4600000000 5.2700000000 7.3900000000 
O 2.6100000000 9.4000000000 8.2900000000 
H 2.9700000000 8.5000000000 8.6800000000 
H 1.9700000000 9.7100000000 9.0200000000 
O 0.5100000000 6.9600000000 1.2400000000 
H 1.2600000000 7.5400000000 1.5600000000 
H 0.9400000000 6.0500000000 1.1700000000 
O 3.5500000000 7.3600000000 9.7000000000 
H 4.4200000000 6.9000000000 9.4500000000 
H 3.4300000000 7.0100000000 0.7900000000 
O 6.0800000000 7.4800000000 2.2100000000 
H 6.8000000000 7.9600000000 1.7600000000 
H 6.3600000000 6.5300000000 2.1000000000 
O 3.7900000000 4.2700000000 6.9500000000 
H 4.6900000000 4.7500000000 6.7700000000 
H 4.1800000000 3.5100000000 7.5100000000 
O 8.1800000000 0.9800000000 1.3500000000 
H 8.9900000000 1.5700000000 1.3400000000 
H 8.3500000000 0.6800000000 2.2900000000 
O 0.8800000000 3.5300000000 4.4300000000 
H 0.5000000000 3.0900000000 3.6400000000 
H 0.7100000000 4.4900000000 4.2700000000 
O 4.4500000000 3.3900000000 3.7500000000 
H 5.4400000000 3.3200000000 3.7800000000 
H 4.2300000000 3.5300000000 2.8000000000 
O 1.7400000000 9.4700000000 4.0700000000 
H 2.1300000000 9.1600000000 3.2500000000 
H 2.4100000000 0.2500000000 4.4500000000 
O 3.5100000000 1.3500000000 5.2100000000 
H 4.3600000000 1.3900000000 5.7300000000 
H 3.5800000000 2.1800000000 4.6900000000 
O 0.7200000000 2.1500000000 1.3700000000 
H 1.1300000000 2.9400000000 0.9300000000 
H 1.4800000000 1.4900000000 1.2900000000 
O 7.0600000000 3.1300000000 3.4900000000 
H 7.3900000000 3.3800000000 2.6100000000 
H 7.5500000000 2.2600000000 3.6300000000 
O 2.9400000000 0.4200000000 1.0500000000 
H 3.3500000000 9.5500000000 0.6100000000 
H 3.7300000000 0.8300000000 1.5000000000 
O 1.6700000000 4.3300000000 0.1600000000 
H 1.5200000000 4.7500000000 9.2300000000 
H 2.6400000000 4.2700000000 0.2100000000 
O 9.5700000000 1.9300000000 6.7600000000 
H 9.4600000000 2.7900000000 6.3300000000 
H 0.6100000000 1.7700000000 6.5900000000 
O 4.2100000000 7.9600000000 6.1200000000 
H 3.7300000000 8.8100000000 5.8700000000 
H 3.7700000000 7.2800000000 5.5800000000 
O 4.5700000000 4.2800000000 0.4400000000 
H 4.7600000000 3.3900000000 0.1500000000 
H 5.4600000000 4.7000000000 0.6200000000 
O 9.0600000000 6.0500000000 6.5400000000 
H 9.8000000000 5.7300000000 7.0800000000 
H 9.3400000000 7.0000000000 6.4800000000 
O 8.6000000000 0.1800000000 3.8800000000 
H 9.4500000000 9.7400000000 4.2800000000 
H 7.9400000000 9.5300000000 4.3900000000 
O 0.5600000000 8.3500000000 6.4600000000 
H 1.2100000000 8.7500000000 7.0600000000 
H 0.8900000000 8.7000000000 5.6100000000 
O 6.6500000000 8.5300000000 4.9500000000 
H 5.9900000000 8.1400000000 5.5400000000 
H 6.7100000000 7.8500000000 4.1800000000 
O 7.8700000000 3.4500000000 8.6200000000 
H 8.6500000000 2.9200000000 8.2500000000 
H 7.4700000000 4.1000000000 7.9800000000 
O 6.5700000000 5.0700000000 5.7500000000 
H 7.4600000000 5.5200000000 6.0200000000 
H 6.8500000000 4.5600000000 4.9700000000 

