&CONTROL
/
&SYSTEM
   ntyp             = 2
   nat              = 96
   ibrav            = 0
/
&ELECTRONS
/
&IONS
/
&CELL
/

ATOMIC_SPECIES
O 15.999 None
H 1.008 None

K_POINTS gamma

CELL_PARAMETERS angstrom
9.86520000000000 0.00000000000000 0.00000000000000
0.00000000000000 9.86520000000000 0.00000000000000
0.00000000000000 0.00000000000000 9.86520000000000

ATOMIC_POSITIONS angstrom
O 8.4300000000 6.3800000000 5.4400000000 
H 7.4700000000 6.1700000000 5.6900000000 
H 8.8100000000 5.4900000000 5.3000000000 
O 3.4400000000 2.9700000000 2.4800000000 
H 3.4000000000 3.9500000000 2.6900000000 
H 2.5900000000 2.8900000000 2.0100000000 
O 8.6000000000 3.5000000000 4.4100000000 
H 8.7100000000 3.1000000000 3.5400000000 
H 7.5600000000 3.5100000000 4.3700000000 
O 1.7100000000 4.4600000000 0.2000000000 
H 1.0900000000 3.8100000000 0.6500000000 
H 2.5100000000 3.9100000000 0.0600000000 
O 2.6300000000 7.7700000000 6.4600000000 
H 2.1800000000 7.0700000000 6.9700000000 
H 2.2900000000 7.4600000000 5.6300000000 
O 6.1000000000 9.1000000000 4.3900000000 
H 5.9400000000 9.7200000000 3.7300000000 
H 5.9000000000 9.6400000000 5.2100000000 
O 4.0000000000 3.1800000000 9.3000000000 
H 4.0300000000 3.4800000000 8.3900000000 
H 4.2600000000 2.2500000000 9.1800000000 
O 0.7400000000 2.3700000000 1.6000000000 
H 9.6700000000 2.4300000000 1.8500000000 
H 0.9500000000 1.3700000000 1.5700000000 
O 1.0500000000 9.3800000000 2.0200000000 
H 0.1700000000 8.9600000000 2.4100000000 
H 1.3900000000 8.6400000000 1.5300000000 
O 8.7900000000 8.4800000000 7.3000000000 
H 8.5900000000 7.6800000000 6.7300000000 
H 9.0700000000 7.9100000000 8.1000000000 
O 3.1800000000 2.5000000000 5.4400000000 
H 2.9000000000 2.5200000000 4.4700000000 
H 2.3000000000 2.8000000000 5.9200000000 
O 0.6300000000 2.9700000000 6.3100000000 
H 0.1000000000 2.3900000000 6.8300000000 
H 0.0400000000 3.0500000000 5.5000000000 
O 5.3400000000 7.3000000000 6.2600000000 
H 4.4800000000 7.6900000000 6.3800000000 
H 5.6500000000 7.7800000000 5.4200000000 
O 5.6800000000 4.5400000000 7.2100000000 
H 5.4300000000 5.4900000000 7.2800000000 
H 5.6100000000 4.3700000000 6.2800000000 
O 8.2900000000 8.4300000000 2.7400000000 
H 8.1800000000 7.5400000000 2.2400000000 
H 7.8700000000 8.3000000000 3.5800000000 
O 1.5900000000 7.2200000000 0.6200000000 
H 1.5200000000 6.3900000000 0.0800000000 
H 2.5300000000 7.2900000000 0.8100000000 
O 4.8400000000 0.5000000000 2.4300000000 
H 4.5300000000 0.6600000000 1.5200000000 
H 4.4400000000 1.3500000000 2.7600000000 
O 1.4700000000 5.5100000000 7.5300000000 
H 1.8000000000 5.1700000000 8.4100000000 
H 1.5400000000 4.6500000000 7.0500000000 
O 1.5300000000 9.7400000000 8.1900000000 
H 1.9300000000 9.2000000000 7.4200000000 
H 0.6000000000 9.5400000000 8.0500000000 
O 8.0800000000 1.5800000000 2.4000000000 
H 7.2000000000 1.8000000000 2.0000000000 
H 8.0500000000 0.5800000000 2.4700000000 
O 4.7600000000 7.3500000000 1.7000000000 
H 4.8600000000 8.1900000000 2.0800000000 
H 5.4100000000 7.4200000000 0.9700000000 
O 5.8000000000 3.8900000000 4.1900000000 
H 4.8600000000 3.7600000000 4.2900000000 
H 5.8600000000 3.9900000000 3.2300000000 
O 1.0900000000 7.2000000000 4.0700000000 
H 0.2300000000 6.8600000000 4.3000000000 
H 0.9200000000 8.0400000000 3.6000000000 
O 7.5200000000 3.4500000000 8.8200000000 
H 8.0800000000 2.7400000000 8.5700000000 
H 6.8100000000 3.5000000000 8.1500000000 
O 6.1800000000 3.7000000000 1.3700000000 
H 6.7600000000 3.5900000000 0.5500000000 
H 5.3000000000 3.6600000000 1.0100000000 
O 8.2700000000 6.1300000000 1.2700000000 
H 8.4000000000 6.0900000000 0.2800000000 
H 8.2800000000 5.1800000000 1.5100000000 
O 8.3300000000 1.2800000000 7.2100000000 
H 7.6500000000 1.2500000000 6.5200000000 
H 8.4600000000 0.2800000000 7.3100000000 
O 4.2900000000 0.5600000000 8.6700000000 
H 4.6600000000 9.5100000000 8.8000000000 
H 3.3500000000 0.4400000000 8.4000000000 
O 3.2900000000 5.4200000000 3.2900000000 
H 3.8700000000 5.9700000000 2.6900000000 
H 2.4600000000 5.8900000000 3.2100000000 
O 8.8100000000 6.0800000000 8.6000000000 
H 8.2500000000 5.3000000000 8.3500000000 
H 9.6500000000 5.7900000000 8.2300000000 
O 5.3600000000 1.2200000000 6.2700000000 
H 4.4700000000 1.6300000000 5.9300000000 
H 5.1600000000 1.1100000000 7.2000000000 
O 6.3900000000 8.3700000000 9.4900000000 
H 7.1400000000 8.7200000000 0.2000000000 
H 6.7800000000 8.3100000000 8.5700000000 

