&CONTROL
/
&SYSTEM
   ntyp             = 2
   nat              = 96
   ibrav            = 0
/
&ELECTRONS
/
&IONS
/
&CELL
/

ATOMIC_SPECIES
O 15.999 None
H 1.008 None

K_POINTS gamma

CELL_PARAMETERS angstrom
9.86520000000000 0.00000000000000 0.00000000000000
0.00000000000000 9.86520000000000 0.00000000000000
0.00000000000000 0.00000000000000 9.86520000000000

ATOMIC_POSITIONS angstrom
O 9.6400000000 8.2000000000 3.8800000000 
H 9.3100000000 8.9700000000 4.4300000000 
H 0.1700000000 8.7200000000 3.1600000000 
O 5.1900000000 1.0000000000 8.2600000000 
H 5.7200000000 1.7300000000 7.7900000000 
H 4.2100000000 1.0500000000 8.0100000000 
O 5.2500000000 9.2000000000 0.5100000000 
H 5.9700000000 9.7500000000 1.0100000000 
H 5.3200000000 9.6400000000 9.4800000000 
O 5.2800000000 6.5100000000 1.8800000000 
H 5.0500000000 5.8200000000 1.2400000000 
H 4.9800000000 7.2900000000 1.4400000000 
O 6.3400000000 4.3800000000 0.2500000000 
H 6.3300000000 4.9000000000 9.2700000000 
H 6.8800000000 3.6200000000 9.7800000000 
O 6.5000000000 1.8900000000 5.7100000000 
H 6.4200000000 2.8400000000 5.4700000000 
H 5.7600000000 1.4900000000 5.1900000000 
O 4.5000000000 9.5500000000 4.6300000000 
H 4.0300000000 9.7000000000 3.7900000000 
H 3.7900000000 9.6600000000 5.2900000000 
O 2.6800000000 5.1900000000 6.7000000000 
H 2.8400000000 4.9900000000 5.7900000000 
H 3.1400000000 6.0400000000 6.8600000000 
O 7.6300000000 2.2100000000 9.4900000000 
H 8.1800000000 1.7600000000 8.7600000000 
H 7.5300000000 1.4600000000 0.2600000000 
O 1.6800000000 6.7100000000 9.3400000000 
H 2.2600000000 7.0600000000 8.6700000000 
H 2.1300000000 5.9200000000 9.5600000000 
O 1.1200000000 8.5500000000 1.4000000000 
H 1.6900000000 9.3600000000 1.2000000000 
H 1.2700000000 7.8700000000 0.6700000000 
O 3.6600000000 7.7900000000 7.2600000000 
H 4.5800000000 8.2000000000 7.2900000000 
H 2.9900000000 8.5600000000 7.1500000000 
O 7.3400000000 0.6300000000 1.9600000000 
H 7.9500000000 9.8300000000 2.2600000000 
H 7.8300000000 1.4400000000 2.3300000000 
O 5.6400000000 4.5600000000 5.0900000000 
H 5.6700000000 5.5500000000 4.8100000000 
H 4.8800000000 4.2700000000 4.5700000000 
O 1.4800000000 1.5800000000 3.3500000000 
H 0.5100000000 1.6800000000 3.3500000000 
H 1.7200000000 1.2700000000 2.4700000000 
O 3.2300000000 3.6000000000 4.1500000000 
H 2.5700000000 4.1900000000 3.6800000000 
H 2.7100000000 2.7100000000 3.9300000000 
O 4.6600000000 2.5200000000 1.2400000000 
H 5.4000000000 1.9600000000 1.6100000000 
H 5.1900000000 3.1900000000 0.8000000000 
O 2.3300000000 0.6200000000 6.4200000000 
H 1.6500000000 0.8000000000 5.8200000000 
H 2.5300000000 1.5900000000 6.7900000000 
O 2.5700000000 2.9000000000 8.0900000000 
H 2.6800000000 3.7900000000 7.7300000000 
H 2.4000000000 3.1200000000 9.0400000000 
O 9.2700000000 0.4900000000 8.5100000000 
H 0.3500000000 0.7700000000 8.7400000000 
H 9.3000000000 9.4000000000 8.5700000000 
O 8.0700000000 5.3900000000 2.5200000000 
H 8.0900000000 6.3400000000 2.8200000000 
H 7.2400000000 5.3500000000 1.9800000000 
O 2.5200000000 0.8400000000 0.6900000000 
H 3.3000000000 0.4600000000 0.2100000000 
H 3.0800000000 1.5400000000 1.0700000000 
O 1.2200000000 5.3000000000 2.5600000000 
H 0.3500000000 4.8000000000 2.3500000000 
H 0.8800000000 5.9400000000 3.1500000000 
O 9.2200000000 0.4800000000 5.6600000000 
H 8.6200000000 1.2200000000 5.5900000000 
H 9.2300000000 0.3100000000 6.6900000000 
O 5.9200000000 7.2200000000 4.4900000000 
H 5.4600000000 8.0600000000 4.7400000000 
H 5.5300000000 7.0900000000 3.6400000000 
O 2.5700000000 4.1600000000 0.5500000000 
H 2.0500000000 4.4300000000 1.3300000000 
H 3.2800000000 3.7100000000 1.0800000000 
O 5.7000000000 5.4900000000 7.5900000000 
H 5.5300000000 6.3700000000 7.2400000000 
H 5.6000000000 4.9900000000 6.7100000000 
O 8.5300000000 6.2700000000 5.5100000000 
H 7.6000000000 6.2700000000 5.2500000000 
H 8.8900000000 6.9300000000 4.8900000000 
O 9.6500000000 3.8600000000 5.3300000000 
H 9.2000000000 4.7800000000 5.4000000000 
H 0.3800000000 3.9200000000 6.1200000000 
O 8.9200000000 2.7500000000 3.0000000000 
H 9.2000000000 3.0300000000 3.8700000000 
H 8.4300000000 3.6000000000 2.7300000000 
O 8.8900000000 7.3100000000 8.0700000000 
H 8.8800000000 6.9300000000 7.1300000000 
H 9.5700000000 6.7500000000 8.5400000000 
O 6.3800000000 8.3400000000 7.4900000000 
H 7.2700000000 7.9100000000 7.7100000000 
H 6.2700000000 9.0300000000 8.1800000000 

