&CONTROL
/
&SYSTEM
   ntyp             = 2
   nat              = 96
   ibrav            = 0
/
&ELECTRONS
/
&IONS
/
&CELL
/

ATOMIC_SPECIES
O 15.999 None
H 1.008 None

K_POINTS gamma

CELL_PARAMETERS angstrom
9.86520000000000 0.00000000000000 0.00000000000000
0.00000000000000 9.86520000000000 0.00000000000000
0.00000000000000 0.00000000000000 9.86520000000000

ATOMIC_POSITIONS angstrom
O 6.6300000000 4.1600000000 6.8000000000 
H 6.8200000000 3.2300000000 6.7100000000 
H 6.9000000000 4.5100000000 5.9200000000 
O 3.3100000000 5.3900000000 0.7200000000 
H 3.2400000000 4.6400000000 0.1000000000 
H 2.5900000000 5.3700000000 1.3200000000 
O 0.8500000000 1.9000000000 4.1500000000 
H 1.3000000000 2.0900000000 3.2600000000 
H 9.8400000000 1.5100000000 3.8200000000 
O 1.0200000000 5.1800000000 2.6100000000 
H 1.4500000000 4.6700000000 3.3200000000 
H 0.1500000000 4.7600000000 2.5100000000 
O 0.8900000000 0.2000000000 6.3600000000 
H 1.0700000000 0.7500000000 5.5900000000 
H 0.6200000000 9.2000000000 5.9500000000 
O 3.4300000000 7.5800000000 3.4500000000 
H 4.3200000000 7.6300000000 3.9600000000 
H 3.3200000000 6.7100000000 2.9700000000 
O 3.8500000000 2.9600000000 9.1500000000 
H 3.2400000000 2.2800000000 9.6700000000 
H 4.1900000000 2.3600000000 8.4200000000 
O 2.1700000000 1.2800000000 0.5900000000 
H 2.4500000000 1.2800000000 1.5200000000 
H 1.5700000000 0.5300000000 0.4400000000 
O 2.6600000000 8.3700000000 9.0400000000 
H 2.1900000000 7.6300000000 9.5600000000 
H 3.5900000000 8.3400000000 9.3600000000 
O 9.6700000000 9.3300000000 9.0200000000 
H 0.3500000000 9.7300000000 8.2900000000 
H 0.2700000000 8.4700000000 9.1700000000 
O 2.3000000000 4.2500000000 6.6100000000 
H 1.8200000000 3.6600000000 5.9200000000 
H 2.2300000000 3.7400000000 7.4600000000 
O 0.7200000000 2.4300000000 8.3200000000 
H 1.1300000000 2.1300000000 9.2000000000 
H 0.9800000000 1.7200000000 7.7000000000 
O 4.7700000000 6.2400000000 7.4300000000 
H 4.1100000000 5.5700000000 7.5800000000 
H 5.4800000000 5.5700000000 7.4100000000 
O 7.4500000000 1.4900000000 6.2500000000 
H 6.9000000000 1.0300000000 5.5900000000 
H 8.3700000000 1.2700000000 6.0500000000 
O 5.3000000000 8.3200000000 5.9400000000 
H 4.9900000000 7.5500000000 6.4700000000 
H 6.0500000000 8.6400000000 6.5100000000 
O 0.3500000000 7.0500000000 0.6400000000 
H 9.7800000000 6.4200000000 0.0500000000 
H 0.7700000000 6.4600000000 1.3800000000 
O 5.8900000000 2.8900000000 1.2100000000 
H 6.5600000000 2.4000000000 0.6600000000 
H 5.1400000000 3.3000000000 0.6200000000 
O 0.2000000000 6.0200000000 6.8400000000 
H 1.0800000000 5.5400000000 6.8500000000 
H 0.1400000000 6.4500000000 5.9900000000 
O 3.7800000000 0.6600000000 7.4100000000 
H 4.3500000000 0.0800000000 6.8100000000 
H 3.0100000000 0.0400000000 7.4400000000 
O 8.4500000000 0.5800000000 3.2800000000 
H 7.5500000000 0.9400000000 3.0400000000 
H 8.4500000000 9.6100000000 2.7400000000 
O 5.8400000000 6.4200000000 1.8000000000 
H 5.0000000000 5.8900000000 1.6000000000 
H 5.6800000000 7.0300000000 1.0500000000 
O 6.5800000000 4.7800000000 4.0000000000 
H 7.4900000000 4.5300000000 3.7500000000 
H 6.4200000000 5.4400000000 3.3200000000 
O 0.7300000000 7.7600000000 4.5400000000 
H 1.5400000000 7.6900000000 3.9600000000 
H 0.0500000000 8.1400000000 3.9600000000 
O 9.5600000000 4.6100000000 9.2200000000 
H 9.7700000000 3.8000000000 8.8100000000 
H 9.5900000000 5.2600000000 8.5100000000 
O 8.4400000000 4.0800000000 2.1600000000 
H 8.8700000000 3.9200000000 1.2500000000 
H 7.5000000000 3.8700000000 1.9800000000 
O 8.4600000000 7.7800000000 2.5000000000 
H 7.5800000000 7.6600000000 2.1500000000 
H 9.0600000000 7.5600000000 1.7000000000 
O 5.5700000000 0.7700000000 4.5000000000 
H 4.6900000000 1.1800000000 4.3100000000 
H 5.3000000000 9.7000000000 4.7200000000 
O 7.5700000000 1.2900000000 9.4300000000 
H 7.3600000000 1.4800000000 8.5200000000 
H 8.5000000000 0.9700000000 9.3800000000 
O 3.6700000000 4.6000000000 4.3900000000 
H 3.3400000000 4.5700000000 5.3500000000 
H 4.5700000000 4.9700000000 4.4100000000 
O 7.6800000000 8.2700000000 7.4000000000 
H 8.2300000000 7.4800000000 7.1400000000 
H 8.2800000000 8.7100000000 8.0200000000 
O 3.5900000000 2.2700000000 3.1000000000 
H 4.4800000000 2.4400000000 2.7900000000 
H 3.4600000000 3.0400000000 3.6400000000 
O 5.4200000000 8.4100000000 9.4300000000 
H 5.8300000000 9.2700000000 9.5000000000 
H 5.6800000000 8.1100000000 8.5000000000 

