&CONTROL
/
&SYSTEM
   ntyp             = 2
   nat              = 96
   ibrav            = 0
/
&ELECTRONS
/
&IONS
/
&CELL
/

ATOMIC_SPECIES
O 15.999 None
H 1.008 None

K_POINTS gamma

CELL_PARAMETERS angstrom
9.86520000000000 0.00000000000000 0.00000000000000
0.00000000000000 9.86520000000000 0.00000000000000
0.00000000000000 0.00000000000000 9.86520000000000

ATOMIC_POSITIONS angstrom
O 2.1100000000 4.2000000000 9.6900000000 
H 2.0500000000 4.9900000000 9.1700000000 
H 3.0100000000 4.2500000000 0.2700000000 
O 6.7600000000 4.3600000000 3.4600000000 
H 6.7400000000 3.4800000000 3.0700000000 
H 5.8600000000 4.5100000000 3.8400000000 
O 6.4700000000 9.4100000000 5.5200000000 
H 6.6600000000 9.4900000000 4.5700000000 
H 5.7100000000 0.2400000000 5.6000000000 
O 7.2800000000 9.4900000000 2.6200000000 
H 7.3900000000 8.8200000000 1.8600000000 
H 8.0300000000 9.3700000000 3.2200000000 
O 8.6600000000 6.2000000000 9.4200000000 
H 9.4800000000 6.6100000000 9.3100000000 
H 8.1500000000 6.9100000000 9.8200000000 
O 3.6600000000 7.1200000000 4.3400000000 
H 4.2500000000 7.6100000000 4.9400000000 
H 2.7400000000 7.1100000000 4.7100000000 
O 1.1300000000 7.4400000000 1.3100000000 
H 1.7200000000 6.6400000000 1.4500000000 
H 1.1300000000 7.5600000000 0.3400000000 
O 4.2200000000 0.7000000000 1.4300000000 
H 4.1100000000 9.6300000000 1.3100000000 
H 3.3200000000 1.0400000000 1.4500000000 
O 8.1300000000 2.6000000000 7.5800000000 
H 8.0600000000 1.6600000000 7.6300000000 
H 9.0800000000 2.7100000000 7.7800000000 
O 3.2700000000 5.7100000000 2.0100000000 
H 3.6700000000 6.3700000000 2.6700000000 
H 4.0500000000 5.2100000000 1.6200000000 
O 5.3000000000 7.0400000000 6.5900000000 
H 6.0500000000 6.4000000000 6.6800000000 
H 5.9000000000 7.8900000000 6.5300000000 
O 5.0400000000 4.1900000000 0.6600000000 
H 5.4700000000 4.1300000000 9.6100000000 
H 5.6400000000 3.5900000000 1.2000000000 
O 8.0000000000 9.1900000000 7.7200000000 
H 7.5100000000 9.3200000000 6.8500000000 
H 8.9700000000 8.9100000000 7.4100000000 
O 8.7700000000 6.1800000000 4.4900000000 
H 8.3800000000 5.6000000000 3.7700000000 
H 8.2200000000 5.9000000000 5.2600000000 
O 6.5300000000 2.0800000000 1.7500000000 
H 7.0200000000 1.3100000000 2.1100000000 
H 5.7700000000 1.4800000000 1.4600000000 
O 1.1700000000 8.0600000000 8.5100000000 
H 1.7000000000 7.3900000000 8.0400000000 
H 1.0500000000 8.7100000000 7.7300000000 
O 3.6100000000 0.9500000000 8.1800000000 
H 4.1300000000 1.2200000000 7.3400000000 
H 4.2600000000 1.2500000000 8.9200000000 
O 1.4500000000 5.5700000000 5.1300000000 
H 0.5400000000 5.9200000000 4.9500000000 
H 1.4700000000 4.7600000000 4.6200000000 
O 5.5400000000 3.5800000000 7.9300000000 
H 5.2000000000 3.8400000000 7.0600000000 
H 6.2800000000 3.0400000000 7.6600000000 
O 0.7000000000 9.3800000000 6.2800000000 
H 1.1300000000 0.3700000000 5.9800000000 
H 0.4600000000 9.0000000000 5.4000000000 
O 2.7000000000 6.1800000000 7.3500000000 
H 2.3300000000 5.8500000000 6.5200000000 
H 3.6400000000 6.1700000000 7.1300000000 
O 1.2900000000 0.3600000000 1.3400000000 
H 0.7600000000 9.4000000000 1.1100000000 
H 0.9000000000 0.9700000000 0.7100000000 
O 4.0500000000 4.3200000000 4.6800000000 
H 3.2500000000 4.0100000000 4.2000000000 
H 3.9000000000 5.2600000000 4.6800000000 
O 0.8600000000 1.9700000000 8.8800000000 
H 1.6000000000 1.2900000000 8.8200000000 
H 1.1800000000 2.8700000000 9.2100000000 
O 7.4400000000 8.3300000000 0.2600000000 
H 6.4600000000 8.4800000000 0.0500000000 
H 7.8300000000 8.7100000000 9.3100000000 
O 1.5900000000 3.6500000000 3.1100000000 
H 0.8100000000 3.7200000000 2.4600000000 
H 2.2100000000 4.2500000000 2.5800000000 
O 9.5300000000 8.4700000000 3.4800000000 
H 0.1300000000 8.1600000000 2.7000000000 
H 9.1900000000 7.6500000000 3.9100000000 
O 4.4100000000 1.3800000000 5.4100000000 
H 4.3700000000 2.3000000000 5.1100000000 
H 3.5400000000 1.0200000000 5.1300000000 
O 1.8400000000 1.0900000000 4.3000000000 
H 1.5800000000 1.9600000000 3.9100000000 
H 1.6700000000 0.4200000000 3.5800000000 
O 9.1500000000 3.6800000000 1.5400000000 
H 9.1200000000 4.4900000000 0.9500000000 
H 8.2300000000 3.3400000000 1.5500000000 
O 4.5500000000 8.5000000000 9.3500000000 
H 4.5200000000 7.7600000000 8.6900000000 
H 3.9400000000 9.1500000000 8.9100000000 
O 7.5300000000 5.3100000000 6.8800000000 
H 7.6600000000 4.3200000000 7.0600000000 
H 7.9300000000 5.6000000000 7.7200000000 

