&CONTROL
/
&SYSTEM
   ntyp             = 2
   nat              = 96
   ibrav            = 0
/
&ELECTRONS
/
&IONS
/
&CELL
/

ATOMIC_SPECIES
O 15.999 None
H 1.008 None

K_POINTS gamma

CELL_PARAMETERS angstrom
9.86520000000000 0.00000000000000 0.00000000000000
0.00000000000000 9.86520000000000 0.00000000000000
0.00000000000000 0.00000000000000 9.86520000000000

ATOMIC_POSITIONS angstrom
O 2.6500000000 1.0200000000 1.3700000000 
H 2.9200000000 1.7400000000 0.7600000000 
H 1.9100000000 0.6300000000 0.7900000000 
O 9.2600000000 5.6600000000 1.8300000000 
H 9.6500000000 5.4000000000 0.9500000000 
H 8.3300000000 5.2800000000 1.8200000000 
O 1.4400000000 7.4100000000 2.2200000000 
H 0.9700000000 8.2600000000 2.3900000000 
H 0.6600000000 6.7900000000 2.3200000000 
O 6.6500000000 0.7900000000 6.8800000000 
H 5.6700000000 0.6500000000 6.8200000000 
H 6.8800000000 0.5700000000 5.9300000000 
O 5.4400000000 5.5000000000 2.0800000000 
H 5.8200000000 5.7100000000 2.9700000000 
H 5.9700000000 4.7100000000 1.8400000000 
O 4.3300000000 3.3400000000 7.3700000000 
H 3.9500000000 4.2600000000 7.3400000000 
H 4.0900000000 3.0500000000 8.3000000000 
O 7.9500000000 2.9900000000 7.9600000000 
H 7.5600000000 3.7500000000 7.4700000000 
H 7.6200000000 2.2500000000 7.4100000000 
O 2.3200000000 0.5500000000 4.2800000000 
H 2.5300000000 0.2100000000 3.3500000000 
H 2.7000000000 1.4400000000 4.1800000000 
O 9.2300000000 6.4400000000 7.5600000000 
H 9.3600000000 6.8800000000 6.7000000000 
H 8.4400000000 6.9600000000 7.9800000000 
O 8.8900000000 1.6900000000 0.6500000000 
H 9.5900000000 1.1900000000 0.2100000000 
H 8.3500000000 1.9400000000 9.7500000000 
O 7.6000000000 3.6800000000 2.2200000000 
H 8.0900000000 2.9700000000 1.6700000000 
H 8.1800000000 3.6200000000 2.9900000000 
O 3.3700000000 3.0600000000 4.3600000000 
H 3.2100000000 3.5400000000 3.5400000000 
H 2.7700000000 3.5100000000 4.9400000000 
O 6.3900000000 6.1500000000 4.5800000000 
H 5.8600000000 6.6100000000 5.3000000000 
H 6.5000000000 5.2300000000 4.9700000000 
O 6.4700000000 3.6400000000 5.5400000000 
H 5.6400000000 3.3800000000 5.9900000000 
H 6.7000000000 2.7400000000 5.1700000000 
O 9.3400000000 7.2700000000 5.0200000000 
H 9.3300000000 8.2300000000 5.1300000000 
H 8.6900000000 7.0800000000 4.2500000000 
O 0.5900000000 0.6000000000 6.5300000000 
H 1.3500000000 0.4400000000 5.9100000000 
H 0.3400000000 1.4700000000 6.2500000000 
O 5.2800000000 7.6200000000 6.9200000000 
H 6.0500000000 8.1100000000 7.2800000000 
H 4.6100000000 8.2600000000 6.9700000000 
O 3.0000000000 5.6000000000 7.4300000000 
H 2.6500000000 6.0800000000 8.1000000000 
H 3.7100000000 6.2400000000 7.2600000000 
O 4.0000000000 0.4600000000 6.5300000000 
H 3.3700000000 0.2500000000 5.8100000000 
H 3.9400000000 1.4500000000 6.5800000000 
O 4.1600000000 8.6400000000 2.7000000000 
H 3.8300000000 9.4800000000 2.1000000000 
H 3.3700000000 7.9600000000 2.7200000000 
O 2.5900000000 3.2300000000 9.5500000000 
H 2.6200000000 3.7400000000 0.5500000000 
H 1.6800000000 3.5100000000 9.2500000000 
O 2.6400000000 7.3800000000 9.3900000000 
H 2.1000000000 8.1400000000 9.2200000000 
H 2.5500000000 7.3400000000 0.4800000000 
O 0.8400000000 4.6000000000 5.1400000000 
H 0.4500000000 5.4300000000 4.9200000000 
H 0.8700000000 4.5800000000 6.1300000000 
O 5.6100000000 7.2900000000 0.1500000000 
H 5.6200000000 6.6300000000 0.8200000000 
H 4.8400000000 7.1200000000 9.5000000000 
O 9.6200000000 9.4700000000 2.4500000000 
H 9.1200000000 0.3200000000 1.9900000000 
H 8.8500000000 8.8100000000 2.5900000000 
O 2.7600000000 4.6400000000 2.2100000000 
H 3.5100000000 5.1300000000 1.8600000000 
H 2.1000000000 5.2800000000 2.5300000000 
O 9.5800000000 2.3500000000 4.1300000000 
H 0.0400000000 3.1700000000 4.5400000000 
H 0.3900000000 1.9100000000 3.5600000000 
O 7.0700000000 8.5100000000 2.9400000000 
H 6.7200000000 7.7700000000 3.6000000000 
H 6.3300000000 8.7600000000 2.3800000000 
O 0.1300000000 4.4700000000 9.1900000000 
H 9.2800000000 3.9200000000 8.8300000000 
H 0.0700000000 5.1700000000 8.4600000000 
O 7.2300000000 1.0200000000 4.4400000000 
H 8.0600000000 1.4200000000 4.1300000000 
H 7.1800000000 0.2600000000 3.8100000000 
O 0.5900000000 9.2600000000 9.1700000000 
H 9.5700000000 8.6900000000 9.1900000000 
H 0.5500000000 9.6500000000 8.2300000000 
O 7.5900000000 8.4400000000 8.5300000000 
H 7.3400000000 9.3400000000 8.2700000000 
H 6.9900000000 8.1000000000 9.2800000000 

