&CONTROL
/
&SYSTEM
   ntyp             = 2
   nat              = 96
   ibrav            = 0
/
&ELECTRONS
/
&IONS
/
&CELL
/

ATOMIC_SPECIES
O 15.999 None
H 1.008 None

K_POINTS gamma

CELL_PARAMETERS angstrom
9.86520000000000 0.00000000000000 0.00000000000000
0.00000000000000 9.86520000000000 0.00000000000000
0.00000000000000 0.00000000000000 9.86520000000000

ATOMIC_POSITIONS angstrom
O 6.2700000000 6.4100000000 2.7800000000 
H 5.6200000000 5.6800000000 3.0100000000 
H 5.7000000000 7.1600000000 3.0000000000 
O 2.5400000000 9.7700000000 8.6900000000 
H 2.9400000000 0.8000000000 8.7600000000 
H 2.0700000000 9.8300000000 7.8600000000 
O 8.4000000000 1.1600000000 6.7700000000 
H 8.1000000000 1.4700000000 7.7400000000 
H 8.7400000000 2.0000000000 6.3600000000 
O 3.4200000000 2.6700000000 4.9700000000 
H 2.8300000000 2.6700000000 4.1500000000 
H 2.7900000000 3.1300000000 5.6400000000 
O 3.7500000000 2.2900000000 1.9900000000 
H 4.3700000000 2.0700000000 2.6400000000 
H 3.9400000000 3.2700000000 2.0300000000 
O 1.8400000000 4.6300000000 5.5000000000 
H 1.3700000000 5.5100000000 5.4800000000 
H 1.0200000000 4.0900000000 5.6700000000 
O 3.8900000000 4.9800000000 3.4600000000 
H 3.2100000000 5.5500000000 3.0100000000 
H 3.3500000000 4.7000000000 4.3000000000 
O 7.3900000000 6.5200000000 9.4000000000 
H 6.6800000000 7.0500000000 8.9100000000 
H 7.1000000000 6.4900000000 0.5300000000 
O 5.1200000000 0.7100000000 6.5100000000 
H 4.4500000000 1.2300000000 5.9600000000 
H 5.3300000000 1.3500000000 7.2100000000 
O 8.7000000000 5.3100000000 3.9600000000 
H 9.1800000000 4.6500000000 3.3600000000 
H 7.8700000000 5.5300000000 3.4600000000 
O 3.8400000000 7.7300000000 5.6600000000 
H 3.8700000000 8.5800000000 6.2200000000 
H 4.1900000000 8.0100000000 4.8200000000 
O 6.6300000000 3.6400000000 8.4800000000 
H 6.7700000000 3.7400000000 7.4500000000 
H 6.6600000000 4.5500000000 8.8600000000 
O 1.4700000000 0.4600000000 6.4100000000 
H 0.6100000000 0.8000000000 6.6300000000 
H 1.4900000000 0.7100000000 5.4600000000 
O 7.4400000000 1.1700000000 9.6300000000 
H 7.7300000000 1.4000000000 0.6700000000 
H 7.0300000000 2.0500000000 9.3300000000 
O 1.9800000000 4.5300000000 9.4800000000 
H 2.6100000000 5.1600000000 9.1500000000 
H 1.2100000000 4.9700000000 9.0200000000 
O 0.5800000000 7.3300000000 6.2700000000 
H 1.4300000000 7.7700000000 6.3400000000 
H 0.2300000000 7.6500000000 5.3900000000 
O 0.6900000000 3.3200000000 2.2900000000 
H 1.1500000000 4.2300000000 2.3300000000 
H 1.3200000000 2.6800000000 1.9300000000 
O 6.2900000000 3.3200000000 5.2900000000 
H 5.3200000000 3.2800000000 5.1300000000 
H 6.5000000000 4.2700000000 5.4400000000 
O 4.6400000000 8.5700000000 3.1100000000 
H 5.2400000000 9.3900000000 3.2800000000 
H 4.0900000000 8.8300000000 2.3500000000 
O 3.6300000000 2.3400000000 8.8000000000 
H 2.9800000000 3.0600000000 9.0900000000 
H 4.5200000000 2.7300000000 9.0800000000 
O 5.6600000000 8.7600000000 9.3800000000 
H 5.2300000000 9.5000000000 8.8800000000 
H 6.6200000000 9.2000000000 9.6400000000 
O 1.1900000000 0.4700000000 3.6600000000 
H 1.6600000000 0.2300000000 2.8000000000 
H 0.5900000000 9.5300000000 3.8400000000 
O 8.5800000000 1.4400000000 2.6200000000 
H 9.1000000000 2.2800000000 2.8600000000 
H 9.2900000000 0.7700000000 2.7100000000 
O 9.2400000000 3.8400000000 6.1500000000 
H 9.2100000000 4.4500000000 6.9400000000 
H 8.8000000000 4.3600000000 5.4300000000 
O 1.5800000000 5.6900000000 2.0900000000 
H 1.8600000000 5.4500000000 1.2000000000 
H 1.1400000000 6.5300000000 2.0600000000 
O 3.2600000000 7.0700000000 8.4900000000 
H 3.1700000000 8.0300000000 8.7800000000 
H 3.3000000000 6.9900000000 7.4800000000 
O 6.1600000000 6.0000000000 5.9700000000 
H 6.8200000000 6.6600000000 5.6500000000 
H 5.3500000000 6.5900000000 5.9600000000 
O 7.1800000000 8.8700000000 5.5300000000 
H 7.7800000000 9.6100000000 5.9600000000 
H 6.3800000000 9.1700000000 5.9200000000 
O 6.0800000000 1.2300000000 3.2900000000 
H 6.2600000000 1.8700000000 4.0400000000 
H 7.0300000000 1.0800000000 3.0700000000 
O 9.6900000000 5.6300000000 8.2300000000 
H 9.6900000000 6.1700000000 7.4700000000 
H 8.8000000000 5.8400000000 8.6200000000 
O 2.4300000000 9.7700000000 1.4200000000 
H 3.0500000000 0.6300000000 1.5900000000 
H 2.4600000000 9.6300000000 0.4600000000 
O 9.1000000000 8.2500000000 3.8200000000 
H 8.9100000000 7.3700000000 3.5000000000 
H 8.2400000000 8.3300000000 4.3600000000 

