&CONTROL
/
&SYSTEM
   ntyp             = 2
   nat              = 96
   ibrav            = 0
/
&ELECTRONS
/
&IONS
/
&CELL
/

ATOMIC_SPECIES
O 15.999 None
H 1.008 None

K_POINTS gamma

CELL_PARAMETERS angstrom
9.86520000000000 0.00000000000000 0.00000000000000
0.00000000000000 9.86520000000000 0.00000000000000
0.00000000000000 0.00000000000000 9.86520000000000

ATOMIC_POSITIONS angstrom
O 3.2400000000 5.3200000000 5.3400000000 
H 3.9800000000 5.7700000000 5.7400000000 
H 3.1900000000 5.8200000000 4.4900000000 
O 3.5200000000 9.3100000000 7.5600000000 
H 3.4600000000 8.6300000000 6.8400000000 
H 3.9800000000 0.1700000000 7.1200000000 
O 6.5400000000 4.4800000000 4.6500000000 
H 7.4800000000 4.7400000000 4.9800000000 
H 6.1300000000 5.2200000000 4.2400000000 
O 8.6400000000 9.6700000000 9.3600000000 
H 9.5300000000 0.1400000000 9.0800000000 
H 8.4700000000 0.2600000000 0.3400000000 
O 1.4700000000 7.0200000000 6.6300000000 
H 2.2500000000 6.4300000000 6.7900000000 
H 1.5500000000 7.1100000000 5.6300000000 
O 6.4100000000 4.1500000000 7.3600000000 
H 5.9400000000 4.7300000000 6.7000000000 
H 7.1300000000 4.6700000000 7.5600000000 
O 2.6100000000 2.4000000000 6.0000000000 
H 3.4200000000 1.8900000000 6.1800000000 
H 2.8300000000 3.3600000000 5.6900000000 
O 4.3400000000 7.5200000000 0.3800000000 
H 4.0000000000 6.6600000000 0.0800000000 
H 3.7500000000 8.2600000000 0.0500000000 
O 8.6100000000 1.4500000000 6.3600000000 
H 8.7800000000 2.3700000000 6.7600000000 
H 8.8600000000 0.9600000000 7.1700000000 
O 1.8600000000 8.1600000000 3.7700000000 
H 2.0400000000 7.2800000000 3.2900000000 
H 2.4800000000 8.7900000000 3.3600000000 
O 5.5400000000 1.1800000000 1.4600000000 
H 5.6100000000 1.2400000000 0.4700000000 
H 6.5100000000 1.2400000000 1.8300000000 
O 4.0700000000 5.0500000000 9.2000000000 
H 4.6600000000 4.7100000000 8.4500000000 
H 3.2800000000 4.4700000000 9.1900000000 
O 8.3600000000 6.5000000000 7.0800000000 
H 7.6900000000 7.1800000000 7.3900000000 
H 9.0900000000 7.0500000000 6.8000000000 
O 6.5100000000 8.8500000000 5.0100000000 
H 6.6500000000 9.8100000000 5.1000000000 
H 7.4300000000 8.6400000000 4.6900000000 
O 6.5100000000 8.3400000000 8.4900000000 
H 5.9700000000 8.3600000000 9.3300000000 
H 7.4000000000 8.7200000000 8.7800000000 
O 6.7400000000 1.6400000000 4.4500000000 
H 7.5200000000 1.4800000000 5.0000000000 
H 6.6000000000 2.6200000000 4.4300000000 
O 5.1800000000 6.9400000000 6.4700000000 
H 5.7000000000 7.3200000000 5.7500000000 
H 5.3400000000 7.5500000000 7.2600000000 
O 1.5500000000 3.8500000000 9.0500000000 
H 0.8800000000 3.8500000000 8.2900000000 
H 0.9900000000 4.3100000000 9.7600000000 
O 0.1300000000 5.4200000000 0.9900000000 
H 0.3500000000 6.1900000000 0.4600000000 
H 9.0700000000 5.1400000000 0.6700000000 
O 5.2800000000 1.4800000000 7.2200000000 
H 5.7700000000 2.4000000000 7.2900000000 
H 6.0600000000 0.9400000000 7.2100000000 
O 0.8000000000 1.8600000000 3.3900000000 
H 1.5800000000 2.1300000000 2.7400000000 
H 1.2900000000 1.4700000000 4.1400000000 
O 9.7500000000 4.2200000000 4.3500000000 
H 0.0700000000 3.2300000000 4.0300000000 
H 0.2000000000 4.7300000000 3.6600000000 
O 2.4500000000 5.7800000000 2.6100000000 
H 1.7300000000 5.5900000000 1.9100000000 
H 3.2000000000 5.1600000000 2.1900000000 
O 8.4000000000 1.5300000000 1.8600000000 
H 8.0600000000 1.8900000000 2.7100000000 
H 9.3400000000 1.7100000000 1.9800000000 
O 3.0200000000 2.2300000000 1.7600000000 
H 3.1800000000 2.6700000000 0.9000000000 
H 3.8400000000 1.6900000000 1.9200000000 
O 5.7900000000 6.6600000000 2.9600000000 
H 6.5000000000 7.4000000000 3.1100000000 
H 5.3900000000 6.9500000000 2.0900000000 
O 9.4400000000 4.0700000000 7.1600000000 
H 9.0900000000 4.9800000000 7.2500000000 
H 0.0200000000 4.0400000000 6.2500000000 
O 8.8900000000 8.4100000000 3.4800000000 
H 9.6100000000 8.9700000000 3.8300000000 
H 9.1900000000 8.0200000000 2.6500000000 
O 4.2700000000 9.5700000000 3.3800000000 
H 5.1000000000 9.3900000000 3.9800000000 
H 4.7300000000 0.0600000000 2.6100000000 
O 1.0500000000 0.6000000000 8.5600000000 
H 1.9800000000 0.4400000000 8.2200000000 
H 1.0600000000 1.5500000000 8.5100000000 
O 1.2200000000 7.5500000000 9.3400000000 
H 1.3200000000 7.4100000000 8.3500000000 
H 1.1300000000 8.5700000000 9.2700000000 
O 7.4700000000 4.3200000000 0.3900000000 
H 6.9100000000 4.4300000000 1.1300000000 
H 6.8900000000 3.8400000000 9.5900000000 

