&CONTROL
/
&SYSTEM
   ntyp             = 2
   nat              = 96
   ibrav            = 0
/
&ELECTRONS
/
&IONS
/
&CELL
/

ATOMIC_SPECIES
O 15.999 None
H 1.008 None

K_POINTS gamma

CELL_PARAMETERS angstrom
9.86520000000000 0.00000000000000 0.00000000000000
0.00000000000000 9.86520000000000 0.00000000000000
0.00000000000000 0.00000000000000 9.86520000000000

ATOMIC_POSITIONS angstrom
O 4.3600000000 8.7600000000 8.1900000000 
H 3.9400000000 8.1500000000 7.5300000000 
H 4.6900000000 9.5900000000 7.6300000000 
O 9.3200000000 5.5800000000 0.7000000000 
H 0.3300000000 5.9900000000 0.5000000000 
H 8.8700000000 5.3300000000 9.7100000000 
O 3.0100000000 4.8700000000 5.0900000000 
H 3.0600000000 5.8000000000 5.2500000000 
H 2.8200000000 4.8700000000 4.1300000000 
O 6.3400000000 6.6000000000 8.3700000000 
H 5.6100000000 7.1600000000 8.0400000000 
H 5.9800000000 6.5300000000 9.3000000000 
O 5.5200000000 3.3400000000 9.4400000000 
H 6.3600000000 3.7900000000 9.2500000000 
H 5.3300000000 3.4700000000 0.5500000000 
O 5.3900000000 1.4600000000 7.5200000000 
H 5.4900000000 2.1300000000 8.2600000000 
H 4.6100000000 1.9200000000 7.0500000000 
O 8.3100000000 8.6600000000 8.3200000000 
H 7.8900000000 7.7700000000 8.0800000000 
H 8.4100000000 9.1500000000 7.4500000000 
O 0.9300000000 1.6900000000 7.5100000000 
H 0.9400000000 2.0900000000 8.3700000000 
H 0.0300000000 1.8900000000 7.2600000000 
O 8.1400000000 8.3300000000 1.3500000000 
H 8.4200000000 8.7400000000 0.5100000000 
H 8.9400000000 8.3300000000 1.9400000000 
O 3.1300000000 7.8100000000 3.5700000000 
H 3.7400000000 8.2300000000 2.9200000000 
H 2.2200000000 8.1200000000 3.2200000000 
O 9.7200000000 4.5400000000 3.3600000000 
H 9.2200000000 5.0200000000 2.6400000000 
H 0.0200000000 5.3300000000 3.9700000000 
O 0.5800000000 9.3600000000 5.5400000000 
H 0.4400000000 0.3100000000 5.9600000000 
H 0.8600000000 9.5700000000 4.6100000000 
O 6.9200000000 2.7000000000 3.4700000000 
H 6.9900000000 3.3400000000 4.2200000000 
H 6.3400000000 3.2600000000 2.8200000000 
O 7.4500000000 4.4800000000 5.5000000000 
H 8.2300000000 5.1000000000 5.2800000000 
H 6.6700000000 5.0700000000 5.7300000000 
O 9.3600000000 6.7000000000 5.1600000000 
H 8.5500000000 7.1400000000 5.5000000000 
H 9.8400000000 7.5500000000 4.9100000000 
O 1.4500000000 9.0600000000 9.3600000000 
H 0.9800000000 9.6700000000 8.7900000000 
H 2.3600000000 9.1100000000 9.0600000000 
O 3.3300000000 4.8600000000 8.1800000000 
H 4.0400000000 4.2800000000 8.5700000000 
H 3.2200000000 4.6000000000 7.2400000000 
O 2.4400000000 4.3700000000 2.4900000000 
H 1.5500000000 3.8800000000 2.6500000000 
H 2.2500000000 5.1600000000 1.9200000000 
O 4.2800000000 9.0800000000 1.1600000000 
H 4.0200000000 0.1900000000 1.1700000000 
H 4.3800000000 8.9300000000 0.1600000000 
O 0.4100000000 2.4700000000 0.3800000000 
H 9.7600000000 1.8800000000 0.9400000000 
H 9.7100000000 3.3400000000 0.4100000000 
O 8.2200000000 1.1800000000 6.8700000000 
H 7.5700000000 1.4700000000 6.2100000000 
H 7.6800000000 0.8500000000 7.6100000000 
O 9.4200000000 1.7500000000 2.9200000000 
H 8.4400000000 1.8300000000 3.2200000000 
H 9.8200000000 2.6400000000 3.0900000000 
O 1.0700000000 9.0100000000 2.5000000000 
H 1.3200000000 8.7200000000 1.6100000000 
H 0.8800000000 0.1200000000 2.3900000000 
O 6.9400000000 7.9600000000 5.4700000000 
H 6.5200000000 8.7800000000 5.3400000000 
H 7.0100000000 7.6500000000 4.5300000000 
O 2.9000000000 1.7400000000 0.9200000000 
H 3.2400000000 2.5900000000 1.2700000000 
H 2.0000000000 1.8700000000 0.7200000000 
O 5.8800000000 6.8700000000 1.5600000000 
H 5.1700000000 7.5400000000 1.8100000000 
H 6.7600000000 7.2800000000 1.5100000000 
O 3.3900000000 2.2100000000 5.6600000000 
H 3.0700000000 3.1300000000 5.4500000000 
H 2.5700000000 1.8800000000 6.0800000000 
O 7.9300000000 4.2600000000 8.4700000000 
H 8.1600000000 3.9100000000 7.5800000000 
H 7.3800000000 5.0700000000 8.3400000000 
O 3.0900000000 7.3600000000 6.3300000000 
H 3.4700000000 7.6600000000 5.4600000000 
H 2.1300000000 7.5800000000 6.2900000000 
O 5.7900000000 0.4900000000 5.0200000000 
H 5.5300000000 0.9600000000 5.8700000000 
H 6.0800000000 1.1700000000 4.3300000000 
O 5.3900000000 4.4900000000 2.1400000000 
H 5.6600000000 5.4100000000 1.9900000000 
H 4.4500000000 4.6400000000 2.4400000000 
O 2.2400000000 6.5200000000 0.4100000000 
H 2.1000000000 7.3400000000 9.8100000000 
H 2.5900000000 5.9300000000 9.5700000000 

