&CONTROL
/
&SYSTEM
   ntyp             = 2
   nat              = 96
   ibrav            = 0
/
&ELECTRONS
/
&IONS
/
&CELL
/

ATOMIC_SPECIES
O 15.999 None
H 1.008 None

K_POINTS gamma

CELL_PARAMETERS angstrom
9.86520000000000 0.00000000000000 0.00000000000000
0.00000000000000 9.86520000000000 0.00000000000000
0.00000000000000 0.00000000000000 9.86520000000000

ATOMIC_POSITIONS angstrom
O 8.2900000000 5.8000000000 5.3700000000 
H 7.3800000000 5.5000000000 5.0900000000 
H 8.8500000000 5.0000000000 5.2200000000 
O 3.2900000000 2.8700000000 2.8300000000 
H 3.2000000000 3.7600000000 2.4200000000 
H 2.5100000000 2.4300000000 2.3700000000 
O 9.2600000000 3.5400000000 3.9800000000 
H 9.0000000000 4.3800000000 3.5300000000 
H 8.8600000000 2.8000000000 3.4300000000 
O 1.9200000000 4.1700000000 9.8200000000 
H 1.6400000000 3.2600000000 0.1800000000 
H 2.9600000000 4.0900000000 9.8400000000 
O 2.7200000000 7.5600000000 6.3400000000 
H 2.1800000000 6.8000000000 6.7400000000 
H 2.2300000000 7.8200000000 5.4600000000 
O 6.3400000000 9.1100000000 4.8000000000 
H 5.9000000000 9.5300000000 4.0500000000 
H 6.0200000000 9.6700000000 5.5500000000 
O 4.4300000000 3.7000000000 9.4100000000 
H 4.8900000000 3.9700000000 8.5200000000 
H 4.4500000000 2.7500000000 9.4800000000 
O 1.0600000000 1.5800000000 1.3100000000 
H 0.2000000000 1.7200000000 1.6300000000 
H 1.2400000000 0.6300000000 1.4200000000 
O 1.5200000000 8.7200000000 0.6300000000 
H 0.8900000000 7.9600000000 0.9600000000 
H 1.0500000000 8.8900000000 9.5900000000 
O 8.8800000000 8.3500000000 6.6200000000 
H 9.2100000000 7.5800000000 7.1500000000 
H 8.3500000000 7.9400000000 5.9100000000 
O 2.9900000000 2.6600000000 5.6200000000 
H 2.9000000000 2.6400000000 4.6500000000 
H 2.2900000000 3.2700000000 5.9000000000 
O 0.4500000000 3.2500000000 6.3100000000 
H 9.5700000000 2.6800000000 6.5800000000 
H 0.2100000000 3.4500000000 5.3700000000 
O 5.2600000000 7.0900000000 6.8600000000 
H 4.3200000000 7.1900000000 6.7500000000 
H 5.5600000000 7.6000000000 6.1100000000 
O 5.9300000000 4.4700000000 7.3200000000 
H 5.6400000000 5.3700000000 7.0600000000 
H 5.8700000000 4.1500000000 6.3700000000 
O 8.4600000000 8.6400000000 3.5300000000 
H 8.2900000000 7.7100000000 3.0800000000 
H 7.6700000000 8.8300000000 4.0900000000 
O 0.1800000000 6.2300000000 0.2500000000 
H 9.6700000000 6.1000000000 9.2000000000 
H 0.8400000000 5.4700000000 0.4000000000 
O 5.3400000000 0.3600000000 2.4000000000 
H 4.8100000000 9.4500000000 2.1700000000 
H 4.8200000000 1.0400000000 1.8800000000 
O 1.2400000000 5.6200000000 7.5000000000 
H 1.9500000000 5.3700000000 8.1700000000 
H 0.9300000000 4.7600000000 7.3400000000 
O 3.1200000000 0.5400000000 7.3100000000 
H 2.7500000000 9.5600000000 6.8400000000 
H 2.9600000000 1.3100000000 6.6800000000 
O 8.1800000000 1.3900000000 2.4300000000 
H 7.2900000000 1.4300000000 2.1500000000 
H 8.3000000000 0.3900000000 2.6600000000 
O 3.8600000000 7.7500000000 1.4500000000 
H 3.1000000000 8.1000000000 1.0100000000 
H 4.6600000000 7.9200000000 0.8500000000 
O 5.4100000000 4.7600000000 4.5200000000 
H 4.4900000000 5.0600000000 4.3100000000 
H 5.6500000000 4.3200000000 3.6600000000 
O 0.9400000000 7.5300000000 4.3600000000 
H 0.2600000000 7.9800000000 3.8600000000 
H 0.4300000000 7.3500000000 5.1500000000 
O 7.7700000000 3.4200000000 9.0900000000 
H 8.2800000000 2.6600000000 8.7400000000 
H 6.9000000000 3.3900000000 8.6800000000 
O 6.3100000000 4.4600000000 1.4000000000 
H 6.7400000000 3.6600000000 1.0000000000 
H 5.4600000000 4.4600000000 0.9300000000 
O 8.4500000000 5.9900000000 2.4100000000 
H 9.0800000000 5.9500000000 1.6800000000 
H 7.5900000000 5.5200000000 2.1100000000 
O 8.5900000000 1.2500000000 7.2000000000 
H 7.6300000000 0.9700000000 7.2400000000 
H 9.0700000000 0.4800000000 6.9700000000 
O 4.7300000000 1.1500000000 9.5000000000 
H 5.4100000000 0.4100000000 9.5300000000 
H 4.1400000000 0.9100000000 8.7500000000 
O 3.0800000000 5.7500000000 3.3500000000 
H 3.4700000000 6.3300000000 2.6900000000 
H 2.2500000000 6.2200000000 3.7400000000 
O 7.9300000000 6.2900000000 8.1900000000 
H 7.7000000000 5.3800000000 8.5500000000 
H 7.7100000000 6.3300000000 7.1800000000 
O 5.7300000000 1.5300000000 6.5300000000 
H 5.5400000000 2.4500000000 6.2200000000 
H 4.8300000000 1.2500000000 6.7900000000 
O 5.8500000000 8.1400000000 9.3600000000 
H 6.7400000000 7.7400000000 9.5300000000 
H 5.7200000000 7.7200000000 8.5000000000 

