&CONTROL
/
&SYSTEM
   ntyp             = 2
   nat              = 96
   ibrav            = 0
/
&ELECTRONS
/
&IONS
/
&CELL
/

ATOMIC_SPECIES
O 15.999 None
H 1.008 None

K_POINTS gamma

CELL_PARAMETERS angstrom
9.86520000000000 0.00000000000000 0.00000000000000
0.00000000000000 9.86520000000000 0.00000000000000
0.00000000000000 0.00000000000000 9.86520000000000

ATOMIC_POSITIONS angstrom
O 3.0200000000 8.0100000000 2.6500000000 
H 3.7200000000 7.7300000000 3.2400000000 
H 2.9300000000 8.9100000000 3.0200000000 
O 6.9900000000 4.3700000000 8.3600000000 
H 7.2900000000 4.7800000000 9.1800000000 
H 6.5300000000 3.5400000000 8.6600000000 
O 8.5300000000 5.2100000000 4.7800000000 
H 8.4900000000 4.2900000000 4.4700000000 
H 9.4700000000 5.5700000000 4.7400000000 
O 5.4300000000 5.3700000000 4.4000000000 
H 6.4100000000 5.3000000000 4.4400000000 
H 5.3400000000 6.3100000000 4.7800000000 
O 2.5500000000 2.2700000000 1.2900000000 
H 2.4900000000 2.6300000000 0.3800000000 
H 3.4700000000 1.8500000000 1.3700000000 
O 3.6500000000 2.8300000000 5.9000000000 
H 4.5900000000 2.7100000000 6.0400000000 
H 3.3300000000 1.9800000000 5.7800000000 
O 2.5200000000 3.4200000000 8.5000000000 
H 2.8400000000 3.3900000000 7.5900000000 
H 1.8700000000 2.7100000000 8.4700000000 
O 6.1700000000 9.0800000000 3.1600000000 
H 7.0900000000 8.7800000000 3.1000000000 
H 5.8600000000 8.6900000000 4.0100000000 
O 5.2200000000 7.8100000000 5.5300000000 
H 4.3600000000 7.9100000000 6.1400000000 
H 5.7700000000 7.5300000000 6.2600000000 
O 4.6900000000 0.5200000000 1.2400000000 
H 5.2800000000 9.7600000000 1.6700000000 
H 4.5200000000 0.1200000000 0.2800000000 
O 1.5700000000 0.7800000000 3.5700000000 
H 2.0100000000 1.2800000000 2.8200000000 
H 0.6900000000 0.5300000000 3.1600000000 
O 5.8100000000 2.1400000000 9.4900000000 
H 5.5200000000 1.6600000000 0.4400000000 
H 5.2700000000 1.7300000000 8.8800000000 
O 8.5100000000 0.7600000000 0.6600000000 
H 8.8000000000 1.6900000000 0.6500000000 
H 9.0500000000 0.3200000000 1.3600000000 
O 1.4200000000 0.9600000000 7.2300000000 
H 1.2400000000 1.5600000000 6.5300000000 
H 0.6300000000 0.3500000000 7.3200000000 
O 7.1900000000 7.3900000000 0.4300000000 
H 7.6300000000 6.7500000000 0.9800000000 
H 7.5200000000 8.2400000000 0.8600000000 
O 3.0600000000 4.2600000000 3.7700000000 
H 3.1400000000 3.8100000000 4.6500000000 
H 3.9200000000 4.7200000000 3.8000000000 
O 7.7000000000 4.7500000000 1.4800000000 
H 7.2900000000 4.3800000000 2.3400000000 
H 8.5800000000 4.7900000000 1.8600000000 
O 2.5400000000 8.5400000000 6.4900000000 
H 2.0400000000 8.2600000000 7.3000000000 
H 1.9500000000 9.3200000000 6.3100000000 
O 8.9500000000 8.5100000000 2.9400000000 
H 9.6800000000 7.9700000000 2.5300000000 
H 8.9000000000 8.3500000000 3.9100000000 
O 4.1900000000 0.4400000000 8.0100000000 
H 4.4600000000 9.3500000000 7.9900000000 
H 3.2600000000 0.4300000000 7.7800000000 
O 8.4200000000 0.2000000000 7.8000000000 
H 8.2200000000 1.0500000000 7.3200000000 
H 8.1400000000 0.4300000000 8.7400000000 
O 1.1300000000 8.2400000000 8.7300000000 
H 0.2700000000 8.1300000000 9.2400000000 
H 1.7300000000 7.7900000000 9.3600000000 
O 3.1400000000 5.4200000000 0.5800000000 
H 3.4300000000 4.7200000000 1.2100000000 
H 2.7500000000 4.9900000000 9.6800000000 
O 0.4300000000 2.8400000000 5.3400000000 
H 0.9000000000 2.5500000000 4.4900000000 
H 0.5800000000 3.8600000000 5.4400000000 
O 7.5300000000 2.3900000000 3.6600000000 
H 7.4000000000 2.2600000000 4.6600000000 
H 7.0400000000 1.6600000000 3.2300000000 
O 8.4400000000 8.4400000000 5.5800000000 
H 8.4200000000 9.2300000000 6.1600000000 
H 7.8900000000 7.7800000000 6.0900000000 
O 0.7000000000 4.3300000000 2.3900000000 
H 1.3500000000 4.5800000000 3.1100000000 
H 1.2000000000 3.5900000000 1.8900000000 
O 0.8700000000 6.9400000000 1.5700000000 
H 1.7800000000 7.3000000000 1.7400000000 
H 1.0800000000 6.0100000000 1.4900000000 
O 6.9100000000 7.1000000000 7.4100000000 
H 6.8900000000 6.1100000000 7.5300000000 
H 6.7700000000 7.4600000000 8.2900000000 
O 7.6900000000 2.6000000000 6.3500000000 
H 8.6200000000 2.8700000000 6.1800000000 
H 7.4300000000 3.4100000000 6.8500000000 
O 1.1600000000 5.5600000000 5.4300000000 
H 1.8200000000 5.9900000000 4.9300000000 
H 1.4100000000 6.0100000000 6.2400000000 
O 4.4700000000 7.8700000000 9.6400000000 
H 3.9500000000 7.0900000000 0.1400000000 
H 5.2800000000 7.8000000000 0.3200000000 

