&CONTROL
/
&SYSTEM
   ntyp             = 2
   nat              = 96
   ibrav            = 0
/
&ELECTRONS
/
&IONS
/
&CELL
/

ATOMIC_SPECIES
O 15.999 None
H 1.008 None

K_POINTS gamma

CELL_PARAMETERS angstrom
9.86520000000000 0.00000000000000 0.00000000000000
0.00000000000000 9.86520000000000 0.00000000000000
0.00000000000000 0.00000000000000 9.86520000000000

ATOMIC_POSITIONS angstrom
O 6.5000000000 4.3000000000 7.2800000000 
H 6.8600000000 3.3900000000 7.0500000000 
H 6.1400000000 4.6500000000 6.4100000000 
O 3.3600000000 5.6100000000 0.3400000000 
H 3.2500000000 4.6100000000 0.1900000000 
H 2.3900000000 5.8800000000 0.5300000000 
O 0.4200000000 2.7600000000 3.3900000000 
H 0.8300000000 2.5400000000 2.5200000000 
H 9.5700000000 1.9700000000 3.4000000000 
O 1.4200000000 5.5200000000 2.8400000000 
H 2.2500000000 5.5400000000 3.3700000000 
H 0.9700000000 4.6600000000 3.1900000000 
O 2.1800000000 1.0400000000 5.2400000000 
H 2.4800000000 1.1900000000 4.3200000000 
H 1.4900000000 0.4600000000 4.9200000000 
O 3.2100000000 8.2900000000 3.5600000000 
H 3.8900000000 7.6300000000 3.3700000000 
H 2.9500000000 8.5100000000 2.6200000000 
O 3.8000000000 2.6200000000 9.5800000000 
H 3.6900000000 1.9200000000 0.4200000000 
H 3.4100000000 2.1200000000 8.8600000000 
O 1.4400000000 1.3800000000 0.9700000000 
H 2.1900000000 1.6400000000 1.5400000000 
H 1.8400000000 0.5200000000 0.5100000000 
O 2.3300000000 8.5700000000 0.9400000000 
H 1.6100000000 7.9300000000 0.8300000000 
H 3.0000000000 8.4300000000 0.1900000000 
O 0.1400000000 9.3500000000 7.3500000000 
H 0.5600000000 8.4100000000 7.5900000000 
H 9.8600000000 9.2400000000 6.3900000000 
O 0.7300000000 4.3000000000 6.2700000000 
H 0.8000000000 3.8200000000 5.4400000000 
H 0.5400000000 3.5900000000 6.9200000000 
O 0.5600000000 2.3200000000 8.5100000000 
H 0.6300000000 2.1700000000 9.4900000000 
H 0.5700000000 1.4000000000 8.0500000000 
O 5.4500000000 6.6300000000 8.4800000000 
H 4.5300000000 6.4700000000 8.8300000000 
H 5.7200000000 5.6700000000 8.2100000000 
O 6.8800000000 1.9700000000 6.0500000000 
H 6.1300000000 1.5200000000 5.5900000000 
H 7.5400000000 1.9100000000 5.4000000000 
O 7.2900000000 8.4700000000 4.6700000000 
H 7.9200000000 8.0600000000 3.9700000000 
H 7.6800000000 8.0100000000 5.3900000000 
O 0.5900000000 6.3000000000 0.4500000000 
H 9.4900000000 6.0100000000 0.1700000000 
H 0.6300000000 5.9500000000 1.3700000000 
O 6.6100000000 1.7200000000 1.0000000000 
H 7.0700000000 1.1200000000 0.3400000000 
H 5.8600000000 1.9700000000 0.4200000000 
O 1.9300000000 6.7400000000 7.4600000000 
H 1.9200000000 6.4600000000 8.4200000000 
H 1.5600000000 6.0100000000 6.9400000000 
O 3.0100000000 0.5200000000 7.9500000000 
H 3.1700000000 0.8900000000 7.0100000000 
H 2.6700000000 9.5600000000 7.5900000000 
O 8.0000000000 1.3400000000 3.5700000000 
H 7.3900000000 1.3800000000 2.8000000000 
H 7.8500000000 0.4400000000 3.9300000000 
O 5.1200000000 6.8900000000 2.2600000000 
H 4.5200000000 6.5500000000 1.6000000000 
H 5.7200000000 7.4500000000 1.7500000000 
O 6.2100000000 4.9500000000 4.4900000000 
H 7.1700000000 4.7400000000 4.3900000000 
H 6.0400000000 5.3500000000 3.6200000000 
O 0.6200000000 8.0600000000 4.3400000000 
H 1.6500000000 8.0400000000 4.2600000000 
H 0.3500000000 7.5600000000 3.5100000000 
O 8.2600000000 4.5200000000 9.3300000000 
H 8.8500000000 3.7700000000 9.0900000000 
H 7.5000000000 4.5400000000 8.7100000000 
O 7.7300000000 4.4500000000 2.0700000000 
H 8.0000000000 4.5400000000 1.1500000000 
H 7.2000000000 3.6100000000 2.0600000000 
O 8.2000000000 7.0600000000 2.5800000000 
H 7.5100000000 7.2600000000 1.9500000000 
H 8.0900000000 6.0800000000 2.5500000000 
O 5.1200000000 0.2900000000 4.5800000000 
H 4.4800000000 9.4700000000 4.2200000000 
H 5.8800000000 9.5400000000 4.6800000000 
O 7.6600000000 0.2300000000 9.0400000000 
H 7.1900000000 0.5300000000 8.2400000000 
H 8.4200000000 9.7500000000 8.6700000000 
O 3.4200000000 4.1400000000 4.6200000000 
H 3.2600000000 4.0200000000 5.5900000000 
H 4.3600000000 4.4900000000 4.4700000000 
O 8.1300000000 7.1100000000 6.9300000000 
H 7.2400000000 7.1000000000 7.3400000000 
H 8.3900000000 6.1600000000 7.0100000000 
O 3.4800000000 2.0400000000 2.6700000000 
H 4.4500000000 1.9300000000 2.6700000000 
H 3.4200000000 2.7300000000 3.3600000000 
O 6.4900000000 8.1300000000 0.5200000000 
H 6.9900000000 8.8300000000 0.0300000000 
H 6.0600000000 7.6900000000 9.6600000000 

