&CONTROL
/
&SYSTEM
   ntyp             = 2
   nat              = 96
   ibrav            = 0
/
&ELECTRONS
/
&IONS
/
&CELL
/

ATOMIC_SPECIES
O 15.999 None
H 1.008 None

K_POINTS gamma

CELL_PARAMETERS angstrom
9.86520000000000 0.00000000000000 0.00000000000000
0.00000000000000 9.86520000000000 0.00000000000000
0.00000000000000 0.00000000000000 9.86520000000000

ATOMIC_POSITIONS angstrom
O 5.2800000000 5.3900000000 5.6800000000 
H 5.3700000000 6.0200000000 6.4100000000 
H 5.4900000000 4.5200000000 6.0300000000 
O 4.0600000000 1.7100000000 2.7900000000 
H 4.0000000000 2.1400000000 3.7100000000 
H 3.4700000000 0.9000000000 2.9500000000 
O 7.2200000000 2.7000000000 4.0100000000 
H 7.0900000000 3.4500000000 3.4500000000 
H 6.8000000000 2.8400000000 4.9000000000 
O 5.5900000000 8.7200000000 0.3000000000 
H 5.8100000000 9.5900000000 0.6700000000 
H 5.7800000000 8.1400000000 1.0600000000 
O 2.3600000000 9.4900000000 3.3500000000 
H 2.7600000000 8.9100000000 3.9600000000 
H 1.8200000000 8.8800000000 2.8900000000 
O 6.5800000000 8.5900000000 5.3600000000 
H 5.9900000000 9.3100000000 5.6000000000 
H 6.4800000000 7.9300000000 6.1000000000 
O 0.6100000000 1.7300000000 4.6500000000 
H 0.9500000000 0.7700000000 4.5800000000 
H 9.6900000000 1.5300000000 5.2800000000 
O 9.2500000000 3.5500000000 7.3900000000 
H 8.8900000000 2.6500000000 7.0800000000 
H 8.5000000000 3.9300000000 7.8900000000 
O 0.2200000000 8.3200000000 1.1400000000 
H 9.7500000000 7.6400000000 1.8500000000 
H 0.5500000000 7.7000000000 0.5000000000 
O 8.5700000000 0.4100000000 6.4800000000 
H 7.8100000000 9.8200000000 6.1800000000 
H 8.6500000000 0.4900000000 7.4300000000 
O 2.0800000000 3.0000000000 7.4500000000 
H 1.1300000000 3.3800000000 7.4100000000 
H 1.9500000000 2.4100000000 8.2000000000 
O 1.6500000000 1.1500000000 9.5400000000 
H 1.2900000000 0.6200000000 0.4700000000 
H 2.1700000000 0.5000000000 9.0400000000 
O 9.4300000000 3.4500000000 0.6200000000 
H 9.7900000000 2.6500000000 0.2400000000 
H 8.4500000000 3.4600000000 0.5400000000 
O 4.6300000000 4.2500000000 8.3900000000 
H 4.2700000000 4.0300000000 9.3000000000 
H 3.8300000000 4.5700000000 7.9500000000 
O 9.2300000000 7.6200000000 3.6800000000 
H 9.8100000000 7.0400000000 4.2600000000 
H 8.8000000000 8.1300000000 4.3600000000 
O 2.6600000000 5.7300000000 2.5100000000 
H 2.0000000000 5.1300000000 2.8400000000 
H 2.4800000000 5.7900000000 1.5900000000 
O 6.1700000000 1.2500000000 1.3300000000 
H 6.8300000000 1.5000000000 2.0400000000 
H 5.3100000000 1.5200000000 1.8200000000 
O 0.0900000000 4.0900000000 3.2600000000 
H 9.5600000000 3.2800000000 3.6300000000 
H 9.7100000000 3.9700000000 2.2900000000 
O 3.2000000000 3.3100000000 0.5500000000 
H 2.7600000000 2.5000000000 0.2100000000 
H 3.5800000000 2.9900000000 1.3500000000 
O 3.2900000000 2.2100000000 5.2400000000 
H 2.8900000000 2.5800000000 6.0600000000 
H 2.4400000000 2.3200000000 4.8100000000 
O 7.1900000000 4.7400000000 9.2200000000 
H 7.1300000000 5.2200000000 0.2200000000 
H 6.2200000000 4.6600000000 8.9900000000 
O 3.5300000000 7.1600000000 4.5100000000 
H 4.2100000000 6.5600000000 4.7300000000 
H 3.0600000000 6.6300000000 3.8000000000 
O 0.3900000000 5.4000000000 5.5600000000 
H 0.3400000000 4.9500000000 4.6700000000 
H 9.5200000000 5.0400000000 6.1200000000 
O 5.7300000000 7.6600000000 2.7600000000 
H 6.0900000000 8.0400000000 3.6700000000 
H 4.8500000000 7.3000000000 2.9600000000 
O 7.2700000000 5.7200000000 1.7500000000 
H 8.0600000000 5.9900000000 2.3000000000 
H 6.6600000000 6.4300000000 2.0000000000 
O 2.4600000000 6.1700000000 7.2300000000 
H 1.7600000000 5.7100000000 6.7200000000 
H 3.1100000000 6.5300000000 6.5200000000 
O 8.4300000000 0.5000000000 9.3600000000 
H 8.9000000000 9.6800000000 0.0700000000 
H 7.7900000000 0.9600000000 0.0300000000 
O 3.2500000000 8.7600000000 8.5000000000 
H 3.9300000000 8.6200000000 9.2100000000 
H 3.0200000000 7.8000000000 8.4200000000 
O 1.1500000000 6.1700000000 9.6900000000 
H 0.6300000000 5.3600000000 9.7200000000 
H 1.4400000000 6.1700000000 8.7000000000 
O 6.0500000000 2.6700000000 6.5200000000 
H 5.6200000000 1.7700000000 6.6000000000 
H 5.5600000000 3.1800000000 7.2000000000 
O 4.7400000000 0.3100000000 6.5600000000 
H 4.2400000000 9.6800000000 7.2800000000 
H 4.0600000000 0.9500000000 6.1900000000 
O 6.3000000000 7.2100000000 7.7900000000 
H 6.7600000000 6.5300000000 8.3000000000 
H 6.0600000000 7.8900000000 8.4900000000 

