&CONTROL
/
&SYSTEM
   ntyp             = 2
   nat              = 96
   ibrav            = 0
/
&ELECTRONS
/
&IONS
/
&CELL
/

ATOMIC_SPECIES
O 15.999 None
H 1.008 None

K_POINTS gamma

CELL_PARAMETERS angstrom
9.86520000000000 0.00000000000000 0.00000000000000
0.00000000000000 9.86520000000000 0.00000000000000
0.00000000000000 0.00000000000000 9.86520000000000

ATOMIC_POSITIONS angstrom
O 6.5400000000 2.3900000000 2.6700000000 
H 6.1100000000 3.1900000000 2.3200000000 
H 6.4100000000 2.6800000000 3.5700000000 
O 7.4900000000 8.7700000000 9.3100000000 
H 7.5200000000 9.2600000000 8.4700000000 
H 6.8400000000 9.3500000000 9.7200000000 
O 2.1400000000 5.4500000000 6.5700000000 
H 1.3400000000 5.2200000000 7.0900000000 
H 1.7900000000 6.1600000000 5.9300000000 
O 2.5300000000 1.6400000000 5.6400000000 
H 2.3200000000 2.5900000000 5.3700000000 
H 3.3600000000 1.4700000000 5.1700000000 
O 7.1700000000 1.7700000000 9.7600000000 
H 7.0100000000 2.1600000000 0.8300000000 
H 8.0800000000 2.1200000000 9.4700000000 
O 3.2700000000 4.5900000000 9.1300000000 
H 4.2000000000 4.9500000000 8.9800000000 
H 2.8500000000 5.0500000000 8.4300000000 
O 8.4300000000 4.2800000000 1.3000000000 
H 9.1300000000 4.0300000000 1.9900000000 
H 8.9000000000 3.8500000000 0.5100000000 
O 9.4900000000 7.3700000000 0.6700000000 
H 8.8500000000 7.9100000000 0.1500000000 
H 8.9800000000 7.4700000000 1.5200000000 
O 4.6000000000 8.0900000000 0.6700000000 
H 3.9600000000 7.8600000000 1.4100000000 
H 5.4900000000 7.9200000000 1.0500000000 
O 0.5500000000 3.5400000000 3.2400000000 
H 1.0000000000 2.6700000000 3.0100000000 
H 1.2700000000 4.1200000000 2.9600000000 
O 4.5400000000 8.0500000000 5.3800000000 
H 3.5700000000 7.7900000000 5.3800000000 
H 5.0300000000 7.1900000000 5.1300000000 
O 5.8100000000 5.9100000000 8.9800000000 
H 6.0100000000 6.7300000000 8.5300000000 
H 6.6900000000 5.4900000000 8.8400000000 
O 8.4000000000 0.7300000000 7.2800000000 
H 8.2800000000 1.1000000000 8.2200000000 
H 8.5100000000 1.4600000000 6.7200000000 
O 5.4800000000 1.8200000000 7.3900000000 
H 5.1200000000 0.9600000000 7.6300000000 
H 6.1200000000 1.9500000000 8.1300000000 
O 4.4300000000 0.4500000000 4.0300000000 
H 4.4100000000 9.5300000000 4.5500000000 
H 5.0800000000 0.1700000000 3.3800000000 
O 0.4400000000 9.5500000000 5.6200000000 
H 1.1700000000 0.3800000000 5.8000000000 
H 9.6300000000 0.0100000000 6.2100000000 
O 8.9400000000 2.5900000000 5.4600000000 
H 9.4000000000 2.9600000000 4.6900000000 
H 8.0100000000 2.7800000000 5.2700000000 
O 2.0600000000 5.4800000000 2.2100000000 
H 1.5000000000 6.2700000000 2.0600000000 
H 2.2800000000 5.1400000000 1.2900000000 
O 2.1300000000 1.6700000000 2.3100000000 
H 2.9800000000 1.4500000000 2.8100000000 
H 2.3700000000 1.9400000000 1.3700000000 
O 2.7100000000 1.7900000000 9.3300000000 
H 3.1900000000 2.5900000000 9.0100000000 
H 2.8700000000 1.1900000000 8.5200000000 
O 4.4000000000 9.3500000000 8.2000000000 
H 3.8800000000 8.6400000000 7.7100000000 
H 4.3900000000 9.1000000000 9.1300000000 
O 7.6600000000 5.2500000000 7.2400000000 
H 7.5000000000 6.1000000000 6.8500000000 
H 7.2200000000 4.6100000000 6.5900000000 
O 6.3100000000 3.3100000000 5.3400000000 
H 5.7200000000 4.1200000000 5.1900000000 
H 5.8200000000 2.9500000000 6.1300000000 
O 9.0700000000 8.2000000000 3.6800000000 
H 8.7400000000 7.6500000000 4.4800000000 
H 9.7300000000 8.8200000000 4.0900000000 
O 9.6400000000 2.5500000000 9.1300000000 
H 0.1200000000 3.2100000000 8.5400000000 
H 0.6500000000 2.0700000000 9.3900000000 
O 1.9800000000 7.6400000000 4.6900000000 
H 1.6300000000 8.4900000000 4.9900000000 
H 1.9800000000 7.8200000000 3.7300000000 
O 4.4200000000 5.2100000000 4.7400000000 
H 4.0700000000 5.1000000000 3.8300000000 
H 3.6600000000 5.2000000000 5.3900000000 
O 7.0900000000 7.6600000000 6.0300000000 
H 7.5100000000 8.4700000000 6.2700000000 
H 6.1800000000 7.9300000000 5.7300000000 
O 5.5700000000 4.6800000000 1.7700000000 
H 5.1200000000 4.6600000000 0.9700000000 
H 6.4500000000 4.9500000000 1.5300000000 
O 0.2000000000 5.3800000000 8.2800000000 
H 0.2300000000 6.0900000000 8.9200000000 
H 9.1200000000 5.3100000000 8.2300000000 
O 1.9500000000 8.6000000000 2.1200000000 
H 2.1300000000 9.5200000000 2.0500000000 
H 1.1800000000 8.4000000000 1.5600000000 
O 6.6300000000 9.4600000000 2.6000000000 
H 7.5700000000 9.4700000000 2.7900000000 
H 6.5400000000 0.5700000000 2.6000000000 

