&CONTROL
/
&SYSTEM
   ntyp             = 2
   nat              = 96
   ibrav            = 0
/
&ELECTRONS
/
&IONS
/
&CELL
/

ATOMIC_SPECIES
O 15.999 None
H 1.008 None

K_POINTS gamma

CELL_PARAMETERS angstrom
9.86520000000000 0.00000000000000 0.00000000000000
0.00000000000000 9.86520000000000 0.00000000000000
0.00000000000000 0.00000000000000 9.86520000000000

ATOMIC_POSITIONS angstrom
O 7.3600000000 8.8900000000 5.1000000000 
H 8.1300000000 8.5600000000 4.6000000000 
H 6.7300000000 8.2600000000 4.8000000000 
O 1.7400000000 5.4100000000 7.4800000000 
H 1.2400000000 6.2100000000 7.2400000000 
H 2.2400000000 5.5500000000 8.2900000000 
O 6.7000000000 0.2000000000 0.2300000000 
H 7.5200000000 9.8100000000 0.6200000000 
H 7.0100000000 0.8600000000 9.4400000000 
O 2.7000000000 7.2100000000 3.6900000000 
H 3.3600000000 6.6500000000 4.2800000000 
H 2.0600000000 6.5500000000 3.4700000000 
O 5.4000000000 5.8500000000 7.4500000000 
H 4.9000000000 5.1000000000 7.8400000000 
H 4.7400000000 6.5500000000 7.4100000000 
O 4.7200000000 2.1500000000 1.4600000000 
H 5.5300000000 1.6100000000 1.3200000000 
H 4.0500000000 1.4500000000 1.7100000000 
O 4.2400000000 2.6700000000 7.2900000000 
H 4.9700000000 2.7200000000 6.5500000000 
H 3.4300000000 2.4100000000 6.8100000000 
O 5.8100000000 7.0100000000 3.7100000000 
H 5.4900000000 6.1000000000 3.9200000000 
H 5.7300000000 6.9800000000 2.7400000000 
O 6.7300000000 2.2500000000 5.5300000000 
H 6.3300000000 1.3700000000 5.2000000000 
H 7.3900000000 2.5600000000 4.9000000000 
O 2.8000000000 0.6100000000 2.6200000000 
H 2.3400000000 1.4400000000 2.8300000000 
H 2.3400000000 0.2000000000 1.9000000000 
O 9.4200000000 9.3100000000 2.4700000000 
H 9.5800000000 8.4000000000 2.8800000000 
H 9.8300000000 9.1500000000 1.5800000000 
O 5.2900000000 4.2100000000 3.4700000000 
H 5.2200000000 3.7100000000 2.6200000000 
H 5.4200000000 3.4800000000 4.1400000000 
O 1.7500000000 4.8600000000 2.0300000000 
H 1.0400000000 4.8700000000 1.3700000000 
H 2.5200000000 5.0200000000 1.4700000000 
O 0.4800000000 3.3400000000 6.0700000000 
H 9.5800000000 3.9100000000 6.1100000000 
H 1.2000000000 3.8200000000 6.5400000000 
O 8.3900000000 5.6200000000 1.0100000000 
H 9.1100000000 5.1200000000 0.5800000000 
H 8.1800000000 6.4300000000 0.4500000000 
O 4.5600000000 8.3700000000 0.7300000000 
H 4.7300000000 8.7900000000 1.5900000000 
H 5.2500000000 8.9400000000 0.2000000000 
O 2.8200000000 6.4900000000 9.8600000000 
H 3.4600000000 5.7600000000 9.8000000000 
H 3.3900000000 7.1500000000 0.3900000000 
O 8.2500000000 2.5800000000 8.0900000000 
H 7.7100000000 2.7300000000 7.3300000000 
H 7.7800000000 2.9800000000 8.8600000000 
O 1.3800000000 9.4200000000 4.9700000000 
H 1.5700000000 0.1900000000 4.3100000000 
H 1.6100000000 8.6200000000 4.4000000000 
O 0.4300000000 4.1600000000 9.3800000000 
H 0.8200000000 4.2400000000 8.4900000000 
H 9.8100000000 3.3400000000 9.2900000000 
O 7.3700000000 3.1100000000 0.7200000000 
H 7.7900000000 2.7300000000 1.4900000000 
H 7.4600000000 4.1100000000 0.9000000000 
O 0.3300000000 7.6000000000 6.7000000000 
H 9.8600000000 8.1600000000 7.3600000000 
H 0.6200000000 8.3000000000 5.9500000000 
O 7.6800000000 7.3700000000 9.0200000000 
H 7.2700000000 6.9700000000 8.2400000000 
H 7.5900000000 8.2700000000 8.8000000000 
O 1.2600000000 2.7200000000 3.5000000000 
H 0.9800000000 3.1400000000 4.3500000000 
H 1.5000000000 3.6000000000 3.0200000000 
O 4.1600000000 4.1900000000 9.5700000000 
H 4.5500000000 3.5300000000 0.3800000000 
H 4.0900000000 3.5200000000 8.8200000000 
O 8.4000000000 5.3700000000 6.1700000000 
H 8.8600000000 6.1000000000 6.5600000000 
H 7.4500000000 5.5400000000 6.4000000000 
O 1.0900000000 0.4800000000 7.6100000000 
H 1.2000000000 0.2900000000 6.6300000000 
H 0.7300000000 1.4000000000 7.5900000000 
O 4.9900000000 0.4100000000 4.4400000000 
H 5.2800000000 9.3300000000 4.4300000000 
H 4.2000000000 0.4800000000 3.9000000000 
O 1.4600000000 9.0500000000 0.3800000000 
H 1.3700000000 9.2500000000 9.3300000000 
H 1.9400000000 8.1500000000 0.3600000000 
O 8.4400000000 2.2200000000 3.0400000000 
H 9.2300000000 2.6000000000 3.3900000000 
H 8.7400000000 1.3000000000 2.8800000000 
O 9.3700000000 6.7300000000 3.5300000000 
H 8.9700000000 6.2300000000 2.7800000000 
H 9.1700000000 6.2100000000 4.3100000000 
O 7.8500000000 9.7000000000 7.6300000000 
H 7.3600000000 9.6800000000 6.8000000000 
H 8.4100000000 0.6600000000 7.5100000000 

