&CONTROL
/
&SYSTEM
   ntyp             = 2
   nat              = 96
   ibrav            = 0
/
&ELECTRONS
/
&IONS
/
&CELL
/

ATOMIC_SPECIES
O 15.999 None
H 1.008 None

K_POINTS gamma

CELL_PARAMETERS angstrom
9.86520000000000 0.00000000000000 0.00000000000000
0.00000000000000 9.86520000000000 0.00000000000000
0.00000000000000 0.00000000000000 9.86520000000000

ATOMIC_POSITIONS angstrom
O 4.5400000000 7.6600000000 7.9400000000 
H 3.9800000000 7.3900000000 7.1400000000 
H 5.4600000000 7.4700000000 7.6900000000 
O 0.3300000000 4.6600000000 7.5100000000 
H 0.9400000000 4.9400000000 8.2600000000 
H 0.8900000000 4.0000000000 7.1000000000 
O 7.1600000000 7.5200000000 7.1900000000 
H 7.0900000000 6.5400000000 7.1700000000 
H 7.7200000000 7.7000000000 7.9500000000 
O 9.8600000000 0.0200000000 9.5800000000 
H 0.6400000000 0.4900000000 0.2200000000 
H 9.0500000000 0.6300000000 9.6600000000 
O 2.1400000000 1.2800000000 1.0700000000 
H 2.1900000000 2.2000000000 1.3700000000 
H 2.7100000000 1.3700000000 0.3000000000 
O 7.0600000000 5.1600000000 0.6000000000 
H 6.9700000000 5.6400000000 9.6100000000 
H 7.8500000000 4.6100000000 0.5500000000 
O 8.4200000000 6.5600000000 4.3800000000 
H 8.7500000000 7.0100000000 5.2000000000 
H 8.4600000000 5.6000000000 4.6100000000 
O 8.3500000000 1.8900000000 5.1800000000 
H 9.1200000000 1.6400000000 5.6400000000 
H 7.6600000000 1.3700000000 5.6300000000 
O 6.1500000000 2.3100000000 8.2100000000 
H 6.7700000000 2.0200000000 8.8600000000 
H 6.2300000000 1.6200000000 7.5300000000 
O 9.3500000000 1.4400000000 2.6000000000 
H 9.5800000000 0.5100000000 2.6600000000 
H 8.8900000000 1.6800000000 3.4100000000 
O 2.2600000000 9.3300000000 3.1000000000 
H 1.4100000000 8.9100000000 2.7800000000 
H 2.6800000000 9.6700000000 2.2500000000 
O 4.4200000000 9.0400000000 4.9900000000 
H 4.3700000000 8.0300000000 4.9900000000 
H 3.6300000000 9.4000000000 4.4600000000 
O 6.3000000000 7.0400000000 2.3000000000 
H 6.9200000000 7.0400000000 3.0900000000 
H 6.5800000000 6.2600000000 1.7900000000 
O 3.7700000000 6.3500000000 5.4300000000 
H 3.6200000000 5.9400000000 4.5600000000 
H 3.7900000000 5.4600000000 5.9000000000 
O 7.3700000000 4.8700000000 7.6200000000 
H 7.1700000000 4.0800000000 8.1300000000 
H 8.4300000000 4.8800000000 7.6200000000 
O 0.6500000000 0.0800000000 6.8000000000 
H 0.7400000000 9.8600000000 7.7600000000 
H 0.5000000000 8.9400000000 6.6100000000 
O 2.6500000000 2.2000000000 3.9000000000 
H 2.2700000000 1.3600000000 3.5200000000 
H 3.5800000000 2.1700000000 3.6000000000 
O 1.9900000000 2.4600000000 6.5400000000 
H 2.0400000000 2.5900000000 5.6100000000 
H 1.6800000000 1.5000000000 6.5300000000 
O 4.6100000000 4.4400000000 7.1600000000 
H 4.8100000000 3.4900000000 7.3800000000 
H 5.5100000000 4.8100000000 7.2200000000 
O 8.6800000000 7.4300000000 9.3300000000 
H 9.1300000000 8.2400000000 9.1600000000 
H 9.0400000000 7.1500000000 0.3300000000 
O 4.9900000000 1.1800000000 2.9100000000 
H 5.2600000000 0.8800000000 3.7500000000 
H 5.2200000000 0.3800000000 2.2800000000 
O 3.5400000000 6.1000000000 2.7300000000 
H 4.1800000000 6.8800000000 2.6300000000 
H 3.8800000000 5.3800000000 2.1000000000 
O 2.7400000000 5.4400000000 9.5900000000 
H 3.2500000000 6.1000000000 9.0600000000 
H 3.2400000000 4.5900000000 9.4200000000 
O 7.4700000000 1.2200000000 0.4700000000 
H 6.5800000000 0.7000000000 0.5900000000 
H 7.8800000000 1.4500000000 1.3400000000 
O 6.4300000000 0.1900000000 6.6600000000 
H 5.5600000000 0.0600000000 6.1700000000 
H 6.7400000000 9.1700000000 6.9100000000 
O 0.9400000000 6.0400000000 2.0100000000 
H 0.8500000000 5.4700000000 2.8500000000 
H 1.9500000000 6.1900000000 1.9400000000 
O 0.4000000000 3.9300000000 4.3600000000 
H 9.6600000000 3.1600000000 4.5100000000 
H 1.2700000000 3.4900000000 4.1700000000 
O 9.5100000000 3.8700000000 0.6300000000 
H 0.3000000000 4.5300000000 0.8900000000 
H 0.0400000000 3.0200000000 0.8100000000 
O 0.4100000000 7.2000000000 6.3800000000 
H 1.2100000000 6.9300000000 5.8600000000 
H 0.2100000000 6.4200000000 6.8300000000 
O 4.6100000000 3.5200000000 1.3500000000 
H 5.2400000000 4.1800000000 1.0300000000 
H 4.9600000000 2.9900000000 2.1100000000 
O 9.6500000000 8.5100000000 2.4600000000 
H 9.1200000000 8.2700000000 3.2800000000 
H 0.0600000000 7.5900000000 2.1300000000 
O 5.5200000000 9.3000000000 0.9500000000 
H 5.2900000000 9.1100000000 0.0100000000 
H 5.7900000000 8.4800000000 1.3700000000 

