&CONTROL
/
&SYSTEM
   ntyp             = 2
   nat              = 96
   ibrav            = 0
/
&ELECTRONS
/
&IONS
/
&CELL
/

ATOMIC_SPECIES
O 15.999 None
H 1.008 None

K_POINTS gamma

CELL_PARAMETERS angstrom
9.86520000000000 0.00000000000000 0.00000000000000
0.00000000000000 9.86520000000000 0.00000000000000
0.00000000000000 0.00000000000000 9.86520000000000

ATOMIC_POSITIONS angstrom
O 4.2600000000 7.5500000000 5.4200000000 
H 3.7200000000 8.3000000000 4.9800000000 
H 3.9900000000 7.6900000000 6.3700000000 
O 9.4100000000 8.8600000000 7.2400000000 
H 9.3000000000 9.8300000000 7.2400000000 
H 8.4000000000 8.5800000000 7.2200000000 
O 7.1600000000 7.4600000000 6.6000000000 
H 7.5600000000 6.6700000000 7.0200000000 
H 6.2500000000 7.1100000000 6.5600000000 
O 5.4600000000 1.8900000000 3.7500000000 
H 6.0600000000 1.6100000000 2.9700000000 
H 5.9100000000 2.5900000000 4.2300000000 
O 2.6900000000 4.9600000000 9.4100000000 
H 1.8100000000 4.5100000000 9.2800000000 
H 2.6000000000 5.4500000000 0.3700000000 
O 6.0400000000 1.0700000000 7.3200000000 
H 5.6600000000 1.9600000000 7.4200000000 
H 5.1900000000 0.6300000000 7.6100000000 
O 4.9000000000 3.5800000000 8.2600000000 
H 5.1100000000 3.3600000000 9.2200000000 
H 4.1300000000 4.0300000000 8.5000000000 
O 7.1800000000 9.3400000000 4.5200000000 
H 6.4900000000 0.1800000000 4.7800000000 
H 7.0700000000 8.6900000000 5.2600000000 
O 0.7400000000 3.1100000000 8.2500000000 
H 1.0200000000 3.2800000000 7.2500000000 
H 0.0100000000 2.4600000000 8.2000000000 
O 3.7300000000 3.3500000000 5.5600000000 
H 4.2300000000 3.0000000000 4.8000000000 
H 4.4300000000 3.7500000000 6.0900000000 
O 9.3400000000 0.2300000000 1.5000000000 
H 0.4200000000 0.5900000000 1.7800000000 
H 8.7100000000 0.9200000000 1.7600000000 
O 3.4600000000 0.5400000000 8.1900000000 
H 3.0000000000 9.5400000000 8.4400000000 
H 3.0700000000 1.2500000000 8.7100000000 
O 9.8500000000 3.7900000000 3.5200000000 
H 9.6900000000 4.5000000000 2.8400000000 
H 0.1800000000 4.2700000000 4.3500000000 
O 1.3500000000 4.5600000000 6.0800000000 
H 2.2500000000 4.1800000000 5.8500000000 
H 1.5600000000 5.5100000000 5.9500000000 
O 7.4400000000 7.7900000000 2.2400000000 
H 8.2300000000 8.3400000000 1.9000000000 
H 7.2700000000 8.2600000000 3.1300000000 
O 4.9100000000 2.6600000000 1.0300000000 
H 4.2300000000 2.0500000000 0.7700000000 
H 4.5800000000 3.2000000000 1.7500000000 
O 4.5400000000 5.6000000000 3.0800000000 
H 4.3600000000 6.3500000000 3.6700000000 
H 5.5100000000 5.4400000000 3.2300000000 
O 5.2300000000 7.9800000000 0.6100000000 
H 6.0800000000 7.9500000000 1.0800000000 
H 5.4300000000 7.5300000000 9.6600000000 
O 0.1600000000 1.4700000000 5.2300000000 
H 9.6400000000 0.7400000000 4.7100000000 
H 0.1500000000 2.2400000000 4.5900000000 
O 0.7800000000 7.3500000000 5.6100000000 
H 0.3100000000 7.8900000000 6.3300000000 
H 1.4900000000 7.9900000000 5.4500000000 
O 2.6600000000 3.7800000000 2.4200000000 
H 3.2300000000 4.4300000000 2.9800000000 
H 1.8100000000 3.5800000000 2.8800000000 
O 3.1600000000 7.4100000000 8.0800000000 
H 3.3500000000 6.4700000000 8.2900000000 
H 2.3700000000 7.6100000000 8.6700000000 
O 2.5000000000 7.4400000000 1.4400000000 
H 1.9400000000 8.1300000000 0.9600000000 
H 3.4100000000 7.6800000000 1.1700000000 
O 8.4000000000 1.2800000000 8.5100000000 
H 8.3300000000 1.3300000000 9.5100000000 
H 7.5600000000 1.1400000000 8.0400000000 
O 1.9700000000 1.7300000000 0.6000000000 
H 2.4000000000 2.5000000000 1.1300000000 
H 1.2500000000 2.1300000000 9.8400000000 
O 8.2600000000 5.2500000000 1.6900000000 
H 7.5900000000 5.9400000000 1.6100000000 
H 8.8900000000 5.8400000000 2.2000000000 
O 0.3600000000 6.4300000000 3.0000000000 
H 1.1300000000 6.7200000000 2.4000000000 
H 0.4600000000 6.9200000000 3.8300000000 
O 2.5300000000 9.6500000000 5.5400000000 
H 2.0100000000 0.6200000000 5.5200000000 
H 3.1700000000 0.0700000000 6.2600000000 
O 7.1900000000 3.5200000000 5.2200000000 
H 7.9100000000 3.5300000000 4.5800000000 
H 7.5900000000 3.8100000000 6.0700000000 
O 8.6200000000 5.2100000000 7.0600000000 
H 9.2100000000 4.7800000000 7.7500000000 
H 9.3400000000 5.6200000000 6.5100000000 
O 0.9800000000 8.6500000000 9.4800000000 
H 0.4000000000 9.1600000000 0.2200000000 
H 0.5400000000 8.6700000000 8.6400000000 
O 7.6000000000 2.5400000000 1.3200000000 
H 6.6400000000 2.4800000000 1.1300000000 
H 7.8000000000 3.5400000000 1.2800000000 

