&CONTROL
/
&SYSTEM
   ntyp             = 2
   nat              = 96
   ibrav            = 0
/
&ELECTRONS
/
&IONS
/
&CELL
/

ATOMIC_SPECIES
O 15.999 None
H 1.008 None

K_POINTS gamma

CELL_PARAMETERS angstrom
9.86520000000000 0.00000000000000 0.00000000000000
0.00000000000000 9.86520000000000 0.00000000000000
0.00000000000000 0.00000000000000 9.86520000000000

ATOMIC_POSITIONS angstrom
O 2.1600000000 5.2100000000 1.6300000000 
H 2.7300000000 4.9800000000 0.8300000000 
H 2.7100000000 5.1800000000 2.4800000000 
O 0.0400000000 3.3800000000 4.3400000000 
H 0.7400000000 3.9900000000 4.6900000000 
H 9.4300000000 2.9700000000 5.0900000000 
O 9.3600000000 9.2100000000 2.3300000000 
H 9.5400000000 8.4700000000 1.6700000000 
H 0.3700000000 9.5900000000 2.5600000000 
O 7.8600000000 6.9400000000 9.3600000000 
H 7.4100000000 7.7800000000 9.6400000000 
H 8.7400000000 7.0900000000 0.0300000000 
O 6.2000000000 5.3200000000 0.7900000000 
H 6.9700000000 5.6200000000 0.2600000000 
H 6.7400000000 4.8000000000 1.5500000000 
O 3.9200000000 5.6300000000 3.7300000000 
H 4.1300000000 5.1800000000 4.5900000000 
H 2.9500000000 5.9200000000 3.8500000000 
O 1.0400000000 1.7600000000 7.6600000000 
H 1.7500000000 1.7400000000 8.3800000000 
H 0.9300000000 0.8500000000 7.2600000000 
O 4.9100000000 0.2400000000 2.4500000000 
H 4.7400000000 9.3300000000 1.8600000000 
H 3.9300000000 0.5600000000 2.4700000000 
O 7.8100000000 2.3600000000 9.5400000000 
H 8.7900000000 2.4500000000 9.4800000000 
H 7.6400000000 2.3700000000 0.6200000000 
O 0.4000000000 7.1200000000 0.7500000000 
H 1.0500000000 6.3500000000 1.0700000000 
H 1.0700000000 7.5700000000 0.2300000000 
O 5.6000000000 7.2300000000 7.3400000000 
H 6.0500000000 6.7700000000 6.5600000000 
H 6.2500000000 7.0900000000 8.0400000000 
O 4.6600000000 7.6500000000 1.6000000000 
H 5.3400000000 7.0100000000 1.2700000000 
H 4.6300000000 7.2800000000 2.5000000000 
O 8.6200000000 1.6100000000 6.1000000000 
H 9.2700000000 0.8700000000 5.8100000000 
H 9.0600000000 1.7400000000 6.9700000000 
O 6.8000000000 5.3800000000 5.5500000000 
H 6.0300000000 5.0600000000 6.1200000000 
H 6.6700000000 4.9400000000 4.7100000000 
O 7.2600000000 1.3300000000 2.1000000000 
H 8.0000000000 0.6900000000 2.1300000000 
H 6.3800000000 0.8500000000 2.2300000000 
O 1.3900000000 6.0000000000 4.4300000000 
H 0.8800000000 6.1300000000 5.2400000000 
H 0.8000000000 6.4200000000 3.7400000000 
O 3.6700000000 9.3300000000 7.4500000000 
H 4.2900000000 8.5600000000 7.5900000000 
H 4.1600000000 9.7900000000 6.7200000000 
O 1.8100000000 4.2600000000 6.9300000000 
H 1.5600000000 3.3000000000 7.0900000000 
H 0.9000000000 4.7700000000 6.9000000000 
O 5.7200000000 2.2200000000 7.6400000000 
H 6.5100000000 2.3100000000 8.1600000000 
H 6.0500000000 1.7900000000 6.8000000000 
O 0.4700000000 9.4700000000 6.0600000000 
H 1.3600000000 8.9800000000 5.7500000000 
H 9.6800000000 8.7400000000 5.9700000000 
O 3.7300000000 4.6600000000 9.3000000000 
H 3.2700000000 4.9600000000 8.4900000000 
H 4.6000000000 5.0400000000 9.2800000000 
O 2.3800000000 0.5500000000 1.6000000000 
H 2.2500000000 9.7100000000 0.9600000000 
H 2.5700000000 1.2600000000 0.9600000000 
O 4.2900000000 4.4800000000 6.2700000000 
H 4.5200000000 3.5700000000 6.6100000000 
H 3.3400000000 4.4700000000 6.3400000000 
O 3.4400000000 1.9800000000 9.1200000000 
H 4.3100000000 1.7000000000 8.6300000000 
H 3.7800000000 2.9700000000 9.2400000000 
O 6.4600000000 9.6200000000 9.6500000000 
H 7.0200000000 0.5400000000 0.0100000000 
H 5.7300000000 0.1500000000 9.1800000000 
O 0.4900000000 2.8900000000 1.5100000000 
H 0.2400000000 3.0400000000 2.4800000000 
H 1.1700000000 3.6100000000 1.3500000000 
O 9.0000000000 7.5700000000 4.3400000000 
H 9.0200000000 8.2500000000 3.6300000000 
H 8.0900000000 7.2200000000 4.2200000000 
O 4.3900000000 1.0200000000 5.2600000000 
H 4.8900000000 0.8200000000 4.4000000000 
H 3.4400000000 1.1800000000 4.9100000000 
O 1.9800000000 1.1500000000 4.2100000000 
H 1.4400000000 1.9900000000 4.2700000000 
H 2.0400000000 1.0900000000 3.2200000000 
O 7.4400000000 3.9400000000 2.9400000000 
H 8.3300000000 3.8300000000 3.2400000000 
H 7.2100000000 2.9700000000 2.8400000000 
O 2.4800000000 8.3400000000 9.4500000000 
H 3.2200000000 7.9000000000 0.1100000000 
H 2.9400000000 8.7100000000 8.6600000000 
O 9.2500000000 5.7100000000 7.2100000000 
H 8.8600000000 6.0000000000 8.0200000000 
H 8.4700000000 5.5100000000 6.6700000000 

