&CONTROL
/
&SYSTEM
   ntyp             = 2
   nat              = 96
   ibrav            = 0
/
&ELECTRONS
/
&IONS
/
&CELL
/

ATOMIC_SPECIES
O 15.999 None
H 1.008 None

K_POINTS gamma

CELL_PARAMETERS angstrom
9.86520000000000 0.00000000000000 0.00000000000000
0.00000000000000 9.86520000000000 0.00000000000000
0.00000000000000 0.00000000000000 9.86520000000000

ATOMIC_POSITIONS angstrom
O 5.9000000000 9.4400000000 9.6000000000 
H 6.4400000000 9.2800000000 8.7800000000 
H 6.5800000000 9.1400000000 0.4000000000 
O 3.5000000000 0.9100000000 8.7800000000 
H 2.9400000000 0.2500000000 8.4800000000 
H 4.3300000000 0.3800000000 8.9700000000 
O 4.3700000000 6.3300000000 4.3700000000 
H 3.6900000000 5.5700000000 4.6400000000 
H 3.8800000000 6.7700000000 3.6700000000 
O 3.3300000000 9.4700000000 5.4000000000 
H 2.8600000000 8.9400000000 4.7300000000 
H 2.9700000000 0.5400000000 5.3500000000 
O 5.1200000000 2.4400000000 1.5400000000 
H 5.5900000000 3.1000000000 2.1300000000 
H 5.8400000000 1.8600000000 1.3100000000 
O 5.9500000000 4.3800000000 9.3600000000 
H 5.5700000000 3.6300000000 0.0300000000 
H 5.3300000000 4.4500000000 8.5700000000 
O 7.5300000000 3.5800000000 3.0100000000 
H 7.6400000000 4.5400000000 3.1200000000 
H 8.4900000000 3.3100000000 2.8700000000 
O 9.2900000000 1.8200000000 0.8900000000 
H 9.5500000000 1.7500000000 9.8200000000 
H 0.0900000000 2.3300000000 1.3600000000 
O 2.4800000000 8.5300000000 2.9200000000 
H 2.6000000000 7.9100000000 2.1700000000 
H 2.3400000000 9.4100000000 2.4700000000 
O 7.9000000000 6.1500000000 3.7000000000 
H 8.4200000000 7.0300000000 3.7400000000 
H 7.1500000000 6.5200000000 3.0600000000 
O 7.3300000000 8.9500000000 7.4300000000 
H 7.2900000000 8.0900000000 6.9500000000 
H 7.0500000000 9.5200000000 6.6900000000 
O 8.1400000000 5.4100000000 8.0300000000 
H 7.4200000000 5.0100000000 8.5900000000 
H 7.5700000000 5.6700000000 7.2400000000 
O 0.2600000000 9.3000000000 7.6700000000 
H 0.4400000000 0.3900000000 7.7400000000 
H 9.0900000000 9.3000000000 7.7200000000 
O 0.7300000000 2.4000000000 8.4000000000 
H 1.3900000000 2.9700000000 8.8500000000 
H 0.3600000000 2.8900000000 7.6200000000 
O 7.1800000000 0.5100000000 2.2400000000 
H 7.4900000000 0.4900000000 3.1300000000 
H 7.9400000000 0.9700000000 1.7800000000 
O 9.1800000000 1.1600000000 4.4800000000 
H 9.0900000000 1.8500000000 5.2900000000 
H 0.2500000000 1.2300000000 4.4200000000 
O 2.4700000000 1.2700000000 1.4600000000 
H 3.1700000000 1.9200000000 1.7600000000 
H 2.5800000000 1.4400000000 0.4700000000 
O 3.4400000000 7.8200000000 7.7000000000 
H 2.5100000000 7.6300000000 7.4100000000 
H 3.7800000000 8.2000000000 6.8100000000 
O 2.2400000000 2.0700000000 4.5700000000 
H 1.9700000000 2.8200000000 5.1500000000 
H 2.4800000000 2.5100000000 3.6800000000 
O 1.5400000000 4.4100000000 0.4500000000 
H 2.5400000000 4.6800000000 0.3200000000 
H 1.0200000000 5.2600000000 0.2100000000 
O 6.4900000000 6.2600000000 6.1600000000 
H 7.0600000000 6.1900000000 5.3500000000 
H 5.5700000000 6.2200000000 5.7500000000 
O 2.2600000000 4.6300000000 5.4300000000 
H 1.7500000000 5.2300000000 6.0300000000 
H 2.8600000000 4.0500000000 6.0300000000 
O 5.6600000000 0.3700000000 4.6400000000 
H 5.5300000000 0.1900000000 3.6600000000 
H 4.8000000000 9.8500000000 5.0600000000 
O 8.6800000000 8.3600000000 0.5600000000 
H 8.6700000000 8.6400000000 1.5200000000 
H 9.3900000000 8.8400000000 0.0800000000 
O 0.4800000000 4.0400000000 2.9700000000 
H 1.1500000000 4.3000000000 3.6600000000 
H 0.9300000000 4.3000000000 2.1600000000 
O 0.7600000000 6.4400000000 7.0400000000 
H 0.4900000000 7.3800000000 7.0900000000 
H 9.8600000000 6.0500000000 7.5800000000 
O 5.6800000000 3.0900000000 5.1500000000 
H 5.6200000000 2.0900000000 4.9700000000 
H 6.4900000000 3.3300000000 4.5700000000 
O 9.1700000000 8.4400000000 3.5800000000 
H 0.1600000000 8.0200000000 3.7600000000 
H 9.2000000000 9.3500000000 4.0200000000 
O 3.7800000000 3.2100000000 7.3400000000 
H 3.7800000000 2.2800000000 7.6600000000 
H 4.5200000000 3.3200000000 6.6700000000 
O 6.4100000000 6.5900000000 1.3400000000 
H 6.1600000000 5.8300000000 0.7300000000 
H 7.0900000000 7.1000000000 0.9000000000 
O 9.2800000000 3.4900000000 6.1600000000 
H 8.9200000000 4.1400000000 6.8200000000 
H 9.2500000000 4.0400000000 5.3700000000 
O 3.2700000000 6.7300000000 0.5400000000 
H 4.2000000000 6.9200000000 0.7800000000 
H 3.1900000000 7.0600000000 9.4900000000 

