&CONTROL
/
&SYSTEM
   ntyp             = 2
   nat              = 96
   ibrav            = 0
/
&ELECTRONS
/
&IONS
/
&CELL
/

ATOMIC_SPECIES
O 15.999 None
H 1.008 None

K_POINTS gamma

CELL_PARAMETERS angstrom
9.86520000000000 0.00000000000000 0.00000000000000
0.00000000000000 9.86520000000000 0.00000000000000
0.00000000000000 0.00000000000000 9.86520000000000

ATOMIC_POSITIONS angstrom
O 3.5100000000 7.6500000000 6.4000000000 
H 2.9600000000 8.1100000000 7.0700000000 
H 3.6600000000 6.7300000000 6.7900000000 
O 4.2800000000 8.2500000000 0.1100000000 
H 3.4700000000 8.2400000000 9.3900000000 
H 4.6600000000 9.2100000000 0.1800000000 
O 1.8700000000 1.9100000000 5.2200000000 
H 1.4900000000 1.8000000000 6.0900000000 
H 1.3100000000 2.6100000000 4.7900000000 
O 4.7200000000 1.2500000000 9.2500000000 
H 4.2200000000 1.2900000000 8.4600000000 
H 4.7400000000 2.1700000000 9.6000000000 
O 1.7400000000 8.4100000000 8.3700000000 
H 1.4000000000 7.5700000000 8.8100000000 
H 0.8800000000 8.6400000000 7.9800000000 
O 4.4000000000 2.4600000000 6.2400000000 
H 5.2600000000 2.2100000000 5.8000000000 
H 3.6100000000 2.0800000000 5.7900000000 
O 1.5500000000 1.7700000000 0.5700000000 
H 0.7500000000 1.4800000000 1.0600000000 
H 2.2500000000 1.2900000000 1.0200000000 
O 8.0900000000 0.7100000000 2.2100000000 
H 7.5900000000 0.4500000000 3.0000000000 
H 8.2500000000 1.6800000000 2.4400000000 
O 1.9100000000 4.4200000000 0.7200000000 
H 2.0900000000 3.4500000000 0.7900000000 
H 2.1100000000 4.8200000000 1.6600000000 
O 7.4200000000 4.5600000000 6.9500000000 
H 8.1800000000 4.9600000000 6.5300000000 
H 6.9800000000 5.4200000000 7.3400000000 
O 2.4400000000 5.7900000000 2.9000000000 
H 3.1900000000 5.5200000000 3.4100000000 
H 2.4900000000 6.7800000000 3.1500000000 
O 9.2900000000 3.4000000000 1.4200000000 
H 0.2300000000 3.4800000000 0.8700000000 
H 8.7600000000 4.0300000000 0.9800000000 
O 3.4700000000 5.0600000000 7.4300000000 
H 3.5400000000 4.1000000000 7.2700000000 
H 2.5700000000 5.2600000000 7.6400000000 
O 5.4900000000 2.5800000000 2.8400000000 
H 4.6500000000 1.9400000000 2.7800000000 
H 5.4500000000 3.0800000000 1.9900000000 
O 0.5200000000 5.9900000000 8.9600000000 
H 9.5200000000 5.9600000000 9.5000000000 
H 1.1400000000 5.4800000000 9.5400000000 
O 2.6900000000 8.2800000000 3.8900000000 
H 3.0700000000 8.1300000000 4.7500000000 
H 1.7700000000 8.6300000000 4.2000000000 
O 0.4900000000 1.8900000000 7.5900000000 
H 9.4700000000 2.1800000000 7.7600000000 
H 0.7300000000 1.4400000000 8.4300000000 
O 9.2100000000 3.7300000000 4.1900000000 
H 9.5500000000 3.6800000000 3.2700000000 
H 8.7100000000 4.4700000000 4.1500000000 
O 9.4200000000 6.6000000000 2.7400000000 
H 0.5200000000 6.4500000000 2.4700000000 
H 9.3400000000 7.4600000000 2.3100000000 
O 4.6700000000 4.0100000000 0.3800000000 
H 5.2500000000 4.7800000000 0.5800000000 
H 3.7400000000 4.3500000000 0.2800000000 
O 5.6900000000 6.5300000000 1.7900000000 
H 5.0900000000 7.1400000000 1.2000000000 
H 5.5800000000 6.8200000000 2.7300000000 
O 8.2000000000 6.7400000000 5.2200000000 
H 7.3100000000 7.2200000000 5.1700000000 
H 8.6200000000 6.9200000000 4.3300000000 
O 7.9200000000 5.5900000000 0.3700000000 
H 7.2700000000 5.3900000000 9.5400000000 
H 7.4100000000 6.1400000000 0.9800000000 
O 3.1700000000 1.1100000000 2.7900000000 
H 2.7200000000 1.4500000000 3.5600000000 
H 2.9500000000 0.1100000000 2.7200000000 
O 5.4400000000 7.4900000000 4.4600000000 
H 4.8900000000 7.9200000000 5.2100000000 
H 5.2500000000 6.4800000000 4.5100000000 
O 5.9700000000 6.2100000000 8.4100000000 
H 5.5500000000 6.9500000000 8.8900000000 
H 5.2600000000 5.6000000000 7.9900000000 
O 4.7600000000 4.7400000000 4.4600000000 
H 5.1100000000 4.0000000000 3.8600000000 
H 4.7800000000 4.2400000000 5.2800000000 
O 9.1900000000 9.1900000000 7.0500000000 
H 8.7100000000 9.6600000000 7.7700000000 
H 8.5500000000 8.5200000000 6.7000000000 
O 7.5100000000 0.4400000000 9.3700000000 
H 7.6800000000 0.4800000000 0.4700000000 
H 6.6000000000 0.8300000000 9.3600000000 
O 0.2700000000 9.3200000000 4.6100000000 
H 9.1600000000 9.2500000000 4.2600000000 
H 0.1600000000 9.5900000000 5.5800000000 
O 7.2800000000 9.5700000000 4.6900000000 
H 6.3400000000 9.2800000000 4.7400000000 
H 7.3200000000 0.6500000000 4.9700000000 
O 7.1900000000 2.2600000000 5.5600000000 
H 7.2000000000 2.8000000000 6.3900000000 
H 7.7500000000 2.7500000000 4.9300000000 

