&CONTROL
/
&SYSTEM
   ntyp             = 2
   nat              = 96
   ibrav            = 0
/
&ELECTRONS
/
&IONS
/
&CELL
/

ATOMIC_SPECIES
O 15.999 None
H 1.008 None

K_POINTS gamma

CELL_PARAMETERS angstrom
9.86520000000000 0.00000000000000 0.00000000000000
0.00000000000000 9.86520000000000 0.00000000000000
0.00000000000000 0.00000000000000 9.86520000000000

ATOMIC_POSITIONS angstrom
O 3.4200000000 4.6200000000 5.5700000000 
H 2.9500000000 4.4700000000 6.4600000000 
H 2.8000000000 5.1800000000 5.0600000000 
O 6.6600000000 7.2900000000 4.6200000000 
H 7.5400000000 7.3000000000 4.2600000000 
H 6.4900000000 8.2900000000 4.4900000000 
O 6.9100000000 4.8600000000 1.2900000000 
H 7.4200000000 3.9800000000 1.0900000000 
H 6.6300000000 4.7900000000 2.2500000000 
O 9.5600000000 0.2700000000 1.3300000000 
H 0.0800000000 0.1200000000 0.4500000000 
H 0.2300000000 9.5500000000 1.8900000000 
O 9.3100000000 6.1100000000 1.7300000000 
H 9.6700000000 6.1500000000 0.9000000000 
H 8.4300000000 5.8100000000 1.4700000000 
O 7.5100000000 9.4900000000 8.0900000000 
H 8.1700000000 9.7600000000 7.3900000000 
H 6.8900000000 0.4200000000 8.1800000000 
O 2.0700000000 8.8000000000 5.7300000000 
H 2.9800000000 8.4100000000 5.9000000000 
H 1.9600000000 8.6800000000 4.7700000000 
O 5.9600000000 8.3600000000 0.4400000000 
H 6.6400000000 8.7400000000 9.6600000000 
H 6.0600000000 7.4100000000 0.3200000000 
O 9.4500000000 0.4000000000 6.2500000000 
H 9.4700000000 1.3000000000 5.9900000000 
H 0.4500000000 0.0800000000 5.9900000000 
O 4.6800000000 7.2200000000 6.4700000000 
H 5.5500000000 7.3900000000 6.0200000000 
H 4.4100000000 6.2900000000 6.4800000000 
O 3.2100000000 2.0900000000 0.0300000000 
H 2.9200000000 1.4000000000 0.6300000000 
H 3.1700000000 2.8600000000 0.5500000000 
O 0.7800000000 6.5600000000 9.1000000000 
H 1.4200000000 7.3300000000 9.1900000000 
H 1.3500000000 5.8100000000 8.7900000000 
O 6.9800000000 4.2800000000 7.1400000000 
H 7.3400000000 5.2200000000 7.1000000000 
H 6.3100000000 4.3900000000 7.8500000000 
O 1.4200000000 8.3400000000 2.3900000000 
H 1.1200000000 7.4900000000 2.5800000000 
H 2.3500000000 8.1600000000 2.5700000000 
O 3.7800000000 8.4600000000 8.9900000000 
H 4.1400000000 7.7100000000 8.4000000000 
H 4.6200000000 8.6100000000 9.5600000000 
O 5.4100000000 2.4900000000 5.8100000000 
H 6.1500000000 3.0500000000 6.0400000000 
H 4.6100000000 3.0300000000 5.7400000000 
O 3.4500000000 4.5600000000 1.1800000000 
H 4.1100000000 4.6700000000 1.8500000000 
H 2.6400000000 4.8800000000 1.6400000000 
O 2.3700000000 4.0200000000 8.1800000000 
H 1.4500000000 3.7400000000 8.0000000000 
H 2.6600000000 3.3500000000 8.8400000000 
O 9.6200000000 3.4400000000 7.9300000000 
H 8.6600000000 3.5400000000 7.6600000000 
H 9.4900000000 3.6000000000 8.8900000000 
O 5.5400000000 1.6300000000 8.5200000000 
H 4.6400000000 1.6300000000 8.9300000000 
H 5.3800000000 1.7100000000 7.6000000000 
O 1.2500000000 5.5000000000 3.6600000000 
H 0.6500000000 5.5000000000 2.9100000000 
H 0.6200000000 6.0200000000 4.3200000000 
O 8.1800000000 6.6200000000 8.1800000000 
H 8.0100000000 7.5800000000 8.1200000000 
H 9.0800000000 6.4900000000 8.5100000000 
O 5.2700000000 5.4000000000 9.1000000000 
H 4.4600000000 5.0000000000 9.5300000000 
H 5.9700000000 5.1600000000 9.7700000000 
O 5.5200000000 0.3500000000 4.0300000000 
H 5.2500000000 0.9300000000 4.7700000000 
H 6.3900000000 0.6500000000 3.6900000000 
O 0.5500000000 2.7500000000 4.2400000000 
H 1.3300000000 2.2200000000 4.1300000000 
H 0.8500000000 3.5700000000 3.8100000000 
O 8.3300000000 2.4800000000 0.5000000000 
H 7.7200000000 2.1300000000 9.6600000000 
H 8.8900000000 1.7200000000 0.7700000000 
O 5.1400000000 5.2400000000 3.3300000000 
H 4.7500000000 4.7500000000 4.0900000000 
H 5.3800000000 6.1900000000 3.6400000000 
O 8.0200000000 1.1300000000 3.4800000000 
H 8.6200000000 1.7800000000 3.8900000000 
H 8.2300000000 1.0500000000 2.5300000000 
O 3.0200000000 1.3300000000 3.2000000000 
H 2.4000000000 0.5600000000 3.2700000000 
H 3.8600000000 0.9300000000 3.4200000000 
O 1.4100000000 9.5000000000 9.0700000000 
H 1.4100000000 9.7800000000 8.0900000000 
H 2.3900000000 9.2500000000 9.1400000000 
O 4.2300000000 8.2900000000 2.6300000000 
H 4.5300000000 7.9700000000 1.7300000000 
H 5.0000000000 8.8700000000 2.8300000000 
O 9.5400000000 6.8200000000 5.6600000000 
H 0.0900000000 7.5800000000 5.9900000000 
H 8.9300000000 6.5300000000 6.3800000000 

