&CONTROL
/
&SYSTEM
   ntyp             = 2
   nat              = 96
   ibrav            = 0
/
&ELECTRONS
/
&IONS
/
&CELL
/

ATOMIC_SPECIES
O 15.999 None
H 1.008 None

K_POINTS gamma

CELL_PARAMETERS angstrom
9.86520000000000 0.00000000000000 0.00000000000000
0.00000000000000 9.86520000000000 0.00000000000000
0.00000000000000 0.00000000000000 9.86520000000000

ATOMIC_POSITIONS angstrom
O 3.4900000000 1.2900000000 9.2500000000 
H 2.9300000000 2.1100000000 9.2100000000 
H 3.9500000000 1.4100000000 0.2400000000 
O 0.1400000000 5.1700000000 3.4800000000 
H 9.3000000000 4.8000000000 4.0200000000 
H 9.7900000000 4.6500000000 2.6700000000 
O 8.6800000000 7.3900000000 0.7400000000 
H 8.4400000000 7.4100000000 1.6700000000 
H 8.9700000000 8.3200000000 0.6300000000 
O 7.6900000000 1.2700000000 7.3700000000 
H 7.5400000000 0.2800000000 7.5200000000 
H 8.4600000000 1.3100000000 6.7600000000 
O 4.9300000000 4.3700000000 3.1700000000 
H 5.4400000000 3.8700000000 3.9100000000 
H 5.6100000000 4.6500000000 2.5300000000 
O 4.3600000000 5.2700000000 7.5800000000 
H 3.7500000000 5.2200000000 8.3900000000 
H 5.1300000000 5.7900000000 7.8300000000 
O 7.8200000000 3.5200000000 9.1000000000 
H 7.5800000000 2.9000000000 8.3600000000 
H 8.3900000000 4.0300000000 8.5800000000 
O 4.4000000000 1.6700000000 2.0000000000 
H 5.4000000000 1.5100000000 2.1800000000 
H 4.2100000000 2.5900000000 2.3000000000 
O 0.3500000000 7.0600000000 7.9800000000 
H 0.0400000000 6.6800000000 8.8400000000 
H 9.4700000000 7.5800000000 7.7100000000 
O 9.5800000000 0.3700000000 0.3600000000 
H 0.3000000000 0.0600000000 9.5000000000 
H 9.0600000000 0.9700000000 9.7200000000 
O 6.6100000000 5.1800000000 1.1900000000 
H 7.0400000000 6.0200000000 1.1700000000 
H 7.0400000000 4.6900000000 0.4800000000 
O 2.6500000000 6.2800000000 3.6800000000 
H 3.2000000000 5.5100000000 3.5900000000 
H 1.7000000000 5.9200000000 3.6600000000 
O 7.8300000000 5.2900000000 5.4600000000 
H 7.3000000000 4.4800000000 5.3000000000 
H 7.6600000000 5.4400000000 6.3900000000 
O 5.8300000000 3.2500000000 5.4400000000 
H 6.1600000000 2.4000000000 5.8800000000 
H 5.2500000000 3.6600000000 6.1000000000 
O 8.1900000000 7.5800000000 3.6700000000 
H 8.6600000000 7.1000000000 4.3400000000 
H 7.2800000000 7.3200000000 3.8100000000 
O 1.7900000000 8.4200000000 5.3100000000 
H 2.3400000000 9.0100000000 4.7800000000 
H 2.1000000000 7.5100000000 4.9500000000 
O 6.6200000000 8.8000000000 7.9600000000 
H 6.3400000000 9.1100000000 8.8900000000 
H 5.8700000000 9.3300000000 7.4600000000 
O 1.9200000000 4.3900000000 6.3600000000 
H 1.5100000000 5.2800000000 6.1700000000 
H 2.8500000000 4.5900000000 6.6000000000 
O 4.5800000000 0.4800000000 6.9000000000 
H 4.3100000000 0.7100000000 7.8000000000 
H 3.8000000000 0.7400000000 6.3800000000 
O 3.2900000000 9.4200000000 3.4300000000 
H 3.7800000000 0.3400000000 3.1700000000 
H 2.9100000000 9.0700000000 2.5000000000 
O 1.7000000000 3.4700000000 9.3000000000 
H 2.0100000000 4.2800000000 9.7700000000 
H 1.2600000000 3.8400000000 8.5100000000 
O 2.8700000000 8.5900000000 0.4300000000 
H 2.9200000000 9.5000000000 0.1500000000 
H 2.0200000000 8.3000000000 0.0300000000 
O 2.1400000000 1.5800000000 5.8600000000 
H 1.2000000000 1.4100000000 5.6200000000 
H 2.0900000000 2.6100000000 6.1100000000 
O 5.5900000000 8.2100000000 0.7700000000 
H 5.8700000000 8.2800000000 1.7400000000 
H 4.5800000000 8.1900000000 0.7700000000 
O 9.2400000000 0.3000000000 3.1600000000 
H 8.9000000000 9.2400000000 3.2500000000 
H 9.6900000000 0.2800000000 2.2600000000 
O 3.0000000000 5.7000000000 0.5100000000 
H 2.8700000000 6.6700000000 0.4700000000 
H 3.6600000000 5.6100000000 1.2400000000 
O 9.6100000000 0.4200000000 5.7600000000 
H 9.3200000000 0.3000000000 4.7900000000 
H 0.4800000000 9.5500000000 5.8400000000 
O 5.3700000000 7.4300000000 3.6700000000 
H 4.9100000000 6.5800000000 3.5200000000 
H 4.6000000000 8.0200000000 3.9400000000 
O 9.3400000000 3.4700000000 1.5100000000 
H 8.7200000000 3.4400000000 0.7600000000 
H 0.2300000000 3.0300000000 1.0700000000 
O 7.0600000000 1.8600000000 2.6500000000 
H 7.8100000000 1.5300000000 3.2000000000 
H 7.2300000000 2.8300000000 2.6900000000 
O 1.3200000000 9.4700000000 8.0800000000 
H 1.5600000000 8.6100000000 7.7000000000 
H 1.6600000000 0.3600000000 7.4400000000 
O 7.2000000000 6.1900000000 8.2000000000 
H 6.9100000000 7.0900000000 7.9700000000 
H 7.2200000000 6.4500000000 9.1500000000 

