&CONTROL
/
&SYSTEM
   ntyp             = 2
   nat              = 96
   ibrav            = 0
/
&ELECTRONS
/
&IONS
/
&CELL
/

ATOMIC_SPECIES
O 15.999 None
H 1.008 None

K_POINTS gamma

CELL_PARAMETERS angstrom
9.86520000000000 0.00000000000000 0.00000000000000
0.00000000000000 9.86520000000000 0.00000000000000
0.00000000000000 0.00000000000000 9.86520000000000

ATOMIC_POSITIONS angstrom
O 2.6700000000 6.5500000000 2.4400000000 
H 2.2400000000 5.6300000000 2.5300000000 
H 2.8500000000 6.6300000000 1.4500000000 
O 3.9500000000 9.3400000000 7.8500000000 
H 4.4600000000 8.4800000000 7.8300000000 
H 3.2900000000 9.1900000000 8.5300000000 
O 9.6700000000 6.1300000000 3.4600000000 
H 9.3700000000 6.7300000000 2.6900000000 
H 9.8100000000 5.2100000000 3.0700000000 
O 6.1300000000 6.5600000000 4.0500000000 
H 6.4500000000 6.8400000000 3.1300000000 
H 5.5500000000 7.2900000000 4.3100000000 
O 7.3900000000 3.0700000000 9.2600000000 
H 6.5100000000 3.0100000000 8.8500000000 
H 7.2200000000 3.4200000000 0.2700000000 
O 9.1200000000 0.0800000000 6.2100000000 
H 9.6500000000 9.1000000000 6.1900000000 
H 9.5500000000 0.5400000000 5.4600000000 
O 7.9300000000 5.5300000000 5.6700000000 
H 7.1800000000 5.9400000000 5.1700000000 
H 8.6100000000 5.6400000000 4.9600000000 
O 2.6100000000 6.2600000000 9.5400000000 
H 2.1200000000 7.1500000000 9.5700000000 
H 2.7900000000 6.2300000000 8.5700000000 
O 1.2200000000 8.5200000000 8.9300000000 
H 0.5500000000 9.3000000000 9.0700000000 
H 0.7500000000 7.8100000000 8.4100000000 
O 2.7000000000 9.0000000000 3.8300000000 
H 3.6400000000 9.2400000000 3.6400000000 
H 2.6200000000 8.3200000000 3.1300000000 
O 9.2600000000 0.6900000000 8.8700000000 
H 8.5900000000 1.4000000000 8.9400000000 
H 9.1800000000 0.4900000000 7.8900000000 
O 0.5800000000 3.6100000000 2.2300000000 
H 0.2100000000 4.1800000000 1.5300000000 
H 1.0200000000 3.0200000000 1.7000000000 
O 6.6100000000 8.5000000000 6.0800000000 
H 6.0800000000 9.3800000000 6.0700000000 
H 7.5200000000 8.8700000000 6.0700000000 
O 5.6100000000 4.3500000000 6.8300000000 
H 5.9300000000 3.3800000000 6.7700000000 
H 6.3500000000 4.9300000000 6.5300000000 
O 4.8700000000 9.3200000000 2.4200000000 
H 4.1200000000 9.7400000000 1.9200000000 
H 5.0600000000 8.4200000000 1.9700000000 
O 0.8000000000 7.7700000000 5.4700000000 
H 1.5600000000 8.3100000000 5.0100000000 
H 0.6800000000 6.9300000000 4.9100000000 
O 2.1500000000 1.3700000000 7.2600000000 
H 2.8400000000 0.7100000000 7.3200000000 
H 1.5500000000 0.9100000000 6.6400000000 
O 3.1500000000 3.1900000000 9.7000000000 
H 2.8300000000 4.0500000000 9.4000000000 
H 3.0800000000 2.6200000000 8.9000000000 
O 0.0600000000 0.3200000000 1.5900000000 
H 9.4700000000 0.7300000000 0.8200000000 
H 9.7100000000 9.2200000000 1.6300000000 
O 9.4700000000 5.0300000000 0.0700000000 
H 8.7500000000 4.4800000000 9.5600000000 
H 9.8100000000 5.3500000000 9.0800000000 
O 5.7200000000 1.0800000000 4.5600000000 
H 5.6200000000 0.5000000000 3.7600000000 
H 5.5100000000 1.9500000000 4.1200000000 
O 4.4100000000 3.5000000000 4.2000000000 
H 3.5300000000 3.4800000000 4.6300000000 
H 4.8600000000 4.3400000000 4.4600000000 
O 5.8100000000 6.8300000000 8.2900000000 
H 5.7600000000 5.8400000000 8.3000000000 
H 5.9100000000 7.0600000000 7.3300000000 
O 5.7300000000 6.8300000000 1.3100000000 
H 5.1800000000 6.0100000000 1.4300000000 
H 5.8400000000 6.8800000000 0.3300000000 
O 6.0300000000 1.4700000000 7.2600000000 
H 5.3300000000 0.8200000000 7.3800000000 
H 6.2100000000 1.3500000000 6.3300000000 
O 0.7200000000 0.9700000000 4.1800000000 
H 0.3000000000 0.8300000000 3.2700000000 
H 1.5500000000 0.3400000000 4.2100000000 
O 1.6900000000 3.8100000000 5.0300000000 
H 1.5200000000 3.0400000000 5.5900000000 
H 1.4000000000 3.5000000000 4.1500000000 
O 8.4600000000 7.4600000000 1.4400000000 
H 7.4600000000 7.4900000000 1.4100000000 
H 8.7600000000 6.9100000000 0.6800000000 
O 0.2100000000 5.9300000000 7.4200000000 
H 0.6300000000 6.4800000000 6.7500000000 
H 9.2900000000 5.4900000000 6.9600000000 
O 3.3600000000 5.7800000000 6.8100000000 
H 4.1400000000 5.2400000000 6.8400000000 
H 2.7500000000 5.2800000000 6.2300000000 
O 5.2600000000 4.1000000000 1.4900000000 
H 4.5400000000 3.6100000000 1.0400000000 
H 5.2100000000 3.7900000000 2.4700000000 
O 2.7000000000 0.3000000000 1.1600000000 
H 2.7800000000 1.0400000000 0.5500000000 
H 1.7200000000 0.2300000000 1.0900000000 

