&CONTROL
/
&SYSTEM
   ntyp             = 2
   nat              = 96
   ibrav            = 0
/
&ELECTRONS
/
&IONS
/
&CELL
/

ATOMIC_SPECIES
O 15.999 None
H 1.008 None

K_POINTS gamma

CELL_PARAMETERS angstrom
9.86520000000000 0.00000000000000 0.00000000000000
0.00000000000000 9.86520000000000 0.00000000000000
0.00000000000000 0.00000000000000 9.86520000000000

ATOMIC_POSITIONS angstrom
O 1.8100000000 6.3800000000 4.3000000000 
H 2.1600000000 6.3400000000 3.3900000000 
H 2.5700000000 6.1200000000 4.8500000000 
O 5.2700000000 6.2500000000 2.1600000000 
H 5.7200000000 7.0300000000 2.5600000000 
H 5.9900000000 5.9100000000 1.5500000000 
O 6.9400000000 3.4000000000 3.7400000000 
H 7.0600000000 4.4100000000 3.9000000000 
H 6.0400000000 3.2500000000 4.1300000000 
O 6.7000000000 9.1500000000 0.9200000000 
H 6.8600000000 0.2200000000 1.1300000000 
H 7.1600000000 8.8200000000 1.8000000000 
O 0.0200000000 6.7000000000 0.7100000000 
H 0.2800000000 7.2000000000 1.4800000000 
H 0.5600000000 5.8700000000 0.9000000000 
O 7.1700000000 8.1500000000 3.4800000000 
H 6.9000000000 8.3700000000 4.4200000000 
H 8.0900000000 7.7200000000 3.4800000000 
O 2.5000000000 9.6000000000 3.4700000000 
H 3.1700000000 9.4300000000 4.1300000000 
H 3.0400000000 9.4000000000 2.6500000000 
O 6.9800000000 8.3500000000 6.2900000000 
H 6.5900000000 7.8800000000 7.0700000000 
H 7.7300000000 8.8600000000 6.6900000000 
O 9.2700000000 0.1300000000 6.8600000000 
H 0.0900000000 0.5000000000 6.3100000000 
H 9.5600000000 9.1300000000 7.1600000000 
O 2.7700000000 1.1800000000 8.9400000000 
H 2.9600000000 0.4200000000 8.2700000000 
H 3.0600000000 0.6900000000 9.7600000000 
O 3.9200000000 9.2700000000 0.9400000000 
H 3.8800000000 8.3400000000 0.5400000000 
H 4.8100000000 9.2900000000 1.2400000000 
O 2.3800000000 5.9700000000 7.4100000000 
H 3.1800000000 5.6300000000 6.9300000000 
H 2.1300000000 5.1500000000 7.8800000000 
O 5.8100000000 7.5000000000 8.6900000000 
H 6.4100000000 6.7000000000 9.0000000000 
H 6.1700000000 8.1300000000 9.3400000000 
O 2.6400000000 5.6400000000 1.9100000000 
H 2.8100000000 4.7400000000 1.5000000000 
H 3.6000000000 5.8600000000 2.2100000000 
O 3.4300000000 8.5200000000 7.9400000000 
H 4.1900000000 8.0100000000 8.2200000000 
H 2.7700000000 7.8200000000 7.8500000000 
O 3.4600000000 3.0800000000 6.9300000000 
H 2.8200000000 2.3100000000 7.0100000000 
H 4.2100000000 2.9000000000 7.5900000000 
O 5.6000000000 2.5700000000 8.7200000000 
H 6.1800000000 1.8600000000 8.8300000000 
H 6.0300000000 3.2400000000 8.2000000000 
O 9.7200000000 7.1300000000 7.4900000000 
H 9.5900000000 7.1600000000 8.4600000000 
H 0.7900000000 6.8100000000 7.4000000000 
O 0.2000000000 8.0800000000 3.1800000000 
H 0.8400000000 8.8300000000 3.2000000000 
H 0.6900000000 7.4700000000 3.7800000000 
O 6.5800000000 4.5100000000 6.6700000000 
H 7.2300000000 3.7800000000 6.3500000000 
H 7.1600000000 5.2500000000 6.5300000000 
O 4.3200000000 5.8500000000 5.5900000000 
H 4.7200000000 5.9600000000 4.7400000000 
H 5.0600000000 5.4500000000 6.0700000000 
O 7.2900000000 5.4000000000 0.6500000000 
H 8.1800000000 5.8600000000 0.8600000000 
H 7.6500000000 4.6600000000 0.0900000000 
O 3.6800000000 3.2600000000 1.1800000000 
H 3.8700000000 2.6400000000 1.9200000000 
H 4.0600000000 2.8600000000 0.3900000000 
O 8.6400000000 2.7000000000 6.5600000000 
H 8.8300000000 1.6900000000 6.7000000000 
H 9.3100000000 2.9600000000 5.9200000000 
O 1.0000000000 1.4600000000 5.0700000000 
H 0.9300000000 2.2700000000 4.5600000000 
H 1.4800000000 0.7700000000 4.5400000000 
O 8.7300000000 3.5000000000 9.2300000000 
H 9.6900000000 3.5000000000 9.1800000000 
H 8.6100000000 3.2500000000 8.2600000000 
O 4.4900000000 2.3700000000 4.4600000000 
H 3.8700000000 2.6500000000 5.1900000000 
H 4.6700000000 1.4500000000 4.6700000000 
O 7.1900000000 1.9400000000 1.4000000000 
H 7.0800000000 2.4600000000 2.2600000000 
H 7.5700000000 2.6300000000 0.7900000000 
O 4.7200000000 9.5200000000 5.5800000000 
H 5.6700000000 9.1700000000 5.7800000000 
H 4.3200000000 9.2800000000 6.4300000000 
O 1.5100000000 3.4900000000 9.2200000000 
H 1.9400000000 2.6300000000 8.8600000000 
H 2.2300000000 3.8200000000 9.7600000000 
O 9.6800000000 3.3500000000 3.3000000000 
H 8.7200000000 3.1300000000 3.4100000000 
H 9.8300000000 3.3100000000 2.2800000000 
O 8.7700000000 5.6000000000 5.2500000000 
H 9.6400000000 5.2900000000 4.8700000000 
H 9.0400000000 6.1900000000 5.9900000000 

