&CONTROL
/
&SYSTEM
   ntyp             = 2
   nat              = 96
   ibrav            = 0
/
&ELECTRONS
/
&IONS
/
&CELL
/

ATOMIC_SPECIES
O 15.999 None
H 1.008 None

K_POINTS gamma

CELL_PARAMETERS angstrom
9.86520000000000 0.00000000000000 0.00000000000000
0.00000000000000 9.86520000000000 0.00000000000000
0.00000000000000 0.00000000000000 9.86520000000000

ATOMIC_POSITIONS angstrom
O 8.1000000000 6.5200000000 0.5600000000 
H 7.8300000000 7.2500000000 9.8500000000 
H 8.9100000000 6.8000000000 1.0200000000 
O 4.6700000000 2.4500000000 7.6000000000 
H 5.5000000000 1.9700000000 7.5300000000 
H 4.2400000000 1.9600000000 8.2600000000 
O 5.7100000000 1.4600000000 0.6800000000 
H 6.2300000000 2.2300000000 0.3300000000 
H 6.4300000000 0.7700000000 0.7100000000 
O 3.7800000000 7.4100000000 3.3700000000 
H 4.4300000000 7.3300000000 2.6900000000 
H 3.6400000000 6.5000000000 3.7400000000 
O 6.6700000000 4.5500000000 1.6500000000 
H 7.2900000000 5.2400000000 1.4800000000 
H 6.9300000000 4.0600000000 0.8400000000 
O 3.4100000000 4.2900000000 4.1600000000 
H 3.6500000000 4.5000000000 5.1400000000 
H 4.0600000000 3.5600000000 3.9600000000 
O 5.7300000000 8.5800000000 8.3300000000 
H 5.3500000000 8.3700000000 7.4400000000 
H 6.5100000000 9.1800000000 8.2000000000 
O 7.1700000000 0.8700000000 7.3800000000 
H 7.4600000000 0.4500000000 6.4600000000 
H 7.8400000000 1.5600000000 7.5600000000 
O 1.5700000000 4.7600000000 7.3200000000 
H 0.9200000000 5.5300000000 7.2500000000 
H 2.3900000000 5.0700000000 6.8600000000 
O 0.1800000000 8.3900000000 8.7000000000 
H 0.5500000000 8.2800000000 9.6200000000 
H 0.1200000000 9.3500000000 8.5400000000 
O 0.6000000000 7.5100000000 1.5000000000 
H 0.4100000000 7.2100000000 2.4100000000 
H 1.4400000000 8.0300000000 1.5900000000 
O 3.7900000000 7.4100000000 0.1900000000 
H 4.5300000000 7.6400000000 9.4500000000 
H 3.8600000000 6.4200000000 0.1000000000 
O 6.6900000000 7.6100000000 3.0700000000 
H 6.9200000000 7.7000000000 2.1200000000 
H 7.3700000000 7.0000000000 3.3500000000 
O 4.5000000000 4.9000000000 6.4700000000 
H 5.3000000000 5.4000000000 6.5100000000 
H 4.7500000000 4.0400000000 6.8900000000 
O 8.1500000000 0.1700000000 1.3000000000 
H 8.9900000000 0.6500000000 1.0900000000 
H 8.4900000000 9.5400000000 2.0800000000 
O 0.5900000000 4.2100000000 2.5600000000 
H 1.0400000000 4.1700000000 1.6400000000 
H 1.2000000000 3.9000000000 3.2700000000 
O 5.2000000000 2.1200000000 3.6100000000 
H 5.8700000000 2.4100000000 4.2200000000 
H 5.7100000000 1.9000000000 2.8000000000 
O 1.6800000000 8.9400000000 4.5300000000 
H 2.3200000000 8.2200000000 4.1900000000 
H 2.3200000000 9.7400000000 4.6500000000 
O 3.4100000000 0.9000000000 5.3700000000 
H 3.6700000000 1.4600000000 6.1500000000 
H 3.8300000000 1.2900000000 4.5900000000 
O 0.6700000000 1.3000000000 0.3700000000 
H 0.8300000000 2.2400000000 0.1800000000 
H 1.5100000000 0.9200000000 0.0800000000 
O 7.6200000000 3.7500000000 4.8600000000 
H 7.4600000000 3.8400000000 3.8900000000 
H 8.2500000000 2.9500000000 4.7500000000 
O 3.3100000000 0.5700000000 0.0900000000 
H 3.4700000000 9.4700000000 0.0600000000 
H 4.1200000000 0.9500000000 0.4000000000 
O 1.6000000000 3.8700000000 0.0900000000 
H 1.6400000000 4.4500000000 9.1200000000 
H 2.5800000000 3.9500000000 0.4400000000 
O 9.3900000000 2.6700000000 7.3200000000 
H 9.2200000000 2.4200000000 6.3500000000 
H 0.3400000000 3.2300000000 7.2800000000 
O 5.2000000000 8.4200000000 5.5000000000 
H 4.9500000000 7.6900000000 4.8300000000 
H 4.5800000000 9.1200000000 5.2800000000 
O 3.9100000000 4.7900000000 1.1900000000 
H 3.7500000000 4.6900000000 2.1000000000 
H 4.8700000000 4.7100000000 1.1900000000 
O 9.2400000000 6.3100000000 3.7800000000 
H 9.3900000000 5.3400000000 3.5000000000 
H 9.2100000000 6.2200000000 4.7900000000 
O 9.3400000000 1.7100000000 4.7800000000 
H 0.4000000000 1.5200000000 4.9400000000 
H 8.9300000000 0.8400000000 4.8700000000 
O 9.5200000000 7.0900000000 6.4200000000 
H 9.6700000000 7.6100000000 7.3000000000 
H 0.4100000000 7.4200000000 5.9000000000 
O 7.9400000000 9.2500000000 5.2200000000 
H 7.1200000000 8.7900000000 4.9600000000 
H 8.5500000000 8.5100000000 5.4000000000 
O 7.2600000000 3.4000000000 9.2000000000 
H 8.1400000000 3.0800000000 8.8400000000 
H 7.1000000000 4.1900000000 8.5300000000 
O 7.2500000000 5.4300000000 7.1700000000 
H 7.9200000000 6.0900000000 6.9700000000 
H 7.4000000000 4.8000000000 6.4200000000 

