&CONTROL
/
&SYSTEM
   ntyp             = 2
   nat              = 96
   ibrav            = 0
/
&ELECTRONS
/
&IONS
/
&CELL
/

ATOMIC_SPECIES
O 15.999 None
H 1.008 None

K_POINTS gamma

CELL_PARAMETERS angstrom
9.86520000000000 0.00000000000000 0.00000000000000
0.00000000000000 9.86520000000000 0.00000000000000
0.00000000000000 0.00000000000000 9.86520000000000

ATOMIC_POSITIONS angstrom
O 1.4700000000 5.1900000000 7.3200000000 
H 1.0500000000 4.5200000000 6.7600000000 
H 2.4000000000 4.9300000000 7.2300000000 
O 3.8300000000 9.7500000000 1.2200000000 
H 4.7700000000 9.5200000000 0.9100000000 
H 3.9700000000 0.3300000000 2.0600000000 
O 0.1300000000 3.2400000000 5.3600000000 
H 9.1400000000 3.6200000000 5.1700000000 
H 9.7600000000 2.2800000000 5.4100000000 
O 6.3800000000 9.4300000000 0.4200000000 
H 6.8400000000 0.4200000000 0.2500000000 
H 7.0800000000 8.7600000000 0.3000000000 
O 2.1200000000 0.4100000000 6.6200000000 
H 2.4700000000 0.8000000000 7.4700000000 
H 1.1100000000 0.3500000000 6.7200000000 
O 3.6900000000 3.4500000000 7.1000000000 
H 3.2600000000 3.2600000000 6.2000000000 
H 3.5800000000 2.6600000000 7.7000000000 
O 1.4200000000 8.4400000000 0.6500000000 
H 2.3300000000 8.4500000000 0.9600000000 
H 1.0800000000 9.1200000000 1.3200000000 
O 7.3300000000 2.1100000000 9.6100000000 
H 8.0500000000 2.7900000000 9.5500000000 
H 6.8000000000 2.5700000000 0.4600000000 
O 1.2700000000 2.8400000000 1.6400000000 
H 0.4600000000 3.1500000000 1.3100000000 
H 1.7100000000 3.6600000000 1.9300000000 
O 5.0000000000 8.3400000000 7.9200000000 
H 5.4500000000 8.5800000000 8.7800000000 
H 4.9400000000 7.3600000000 7.9900000000 
O 1.7100000000 5.5500000000 0.3000000000 
H 1.5200000000 6.5100000000 0.1500000000 
H 1.6500000000 5.2000000000 9.2500000000 
O 8.2300000000 1.2900000000 3.6300000000 
H 7.3500000000 0.8900000000 3.3100000000 
H 8.1000000000 2.2600000000 3.6400000000 
O 5.1600000000 5.4800000000 8.1600000000 
H 4.5400000000 4.8100000000 7.7500000000 
H 4.9100000000 5.3600000000 9.1000000000 
O 4.5700000000 1.6700000000 3.5700000000 
H 4.5600000000 1.0800000000 4.3800000000 
H 3.8800000000 2.3700000000 3.7000000000 
O 4.4400000000 6.3800000000 1.4900000000 
H 4.5200000000 6.7000000000 2.4300000000 
H 3.5100000000 6.1200000000 1.3800000000 
O 4.6200000000 9.7800000000 5.7200000000 
H 4.8400000000 9.5100000000 6.6700000000 
H 3.6800000000 0.2000000000 5.9600000000 
O 8.9800000000 4.2800000000 9.3000000000 
H 8.4600000000 5.0800000000 9.2100000000 
H 9.2000000000 3.9800000000 8.4000000000 
O 0.5600000000 0.3800000000 2.6500000000 
H 9.5400000000 0.4700000000 3.0200000000 
H 0.8500000000 1.2900000000 2.3100000000 
O 1.8000000000 8.4600000000 4.4100000000 
H 1.2900000000 9.1300000000 3.8000000000 
H 1.7700000000 8.8100000000 5.3100000000 
O 5.7200000000 3.4800000000 1.6200000000 
H 5.3300000000 2.8300000000 2.2700000000 
H 5.2600000000 4.3000000000 1.7600000000 
O 7.5200000000 6.4400000000 2.5200000000 
H 7.8900000000 7.0500000000 1.8800000000 
H 6.5500000000 6.5300000000 2.4400000000 
O 7.7800000000 8.3500000000 4.4300000000 
H 7.0000000000 8.3200000000 4.9900000000 
H 7.6200000000 7.8600000000 3.6600000000 
O 7.6100000000 4.2200000000 4.0700000000 
H 7.3100000000 4.6800000000 4.8900000000 
H 7.6600000000 4.9300000000 3.3400000000 
O 2.7700000000 1.5600000000 9.0300000000 
H 2.4900000000 2.0600000000 9.8100000000 
H 3.2800000000 0.8300000000 9.4800000000 
O 1.5900000000 5.6500000000 3.2700000000 
H 1.0400000000 5.8800000000 2.4800000000 
H 1.5400000000 6.4900000000 3.7900000000 
O 9.1800000000 7.3700000000 7.3900000000 
H 0.1000000000 6.7900000000 7.1100000000 
H 9.3200000000 8.2000000000 6.9600000000 
O 2.6500000000 3.3800000000 4.4300000000 
H 2.4100000000 4.2800000000 3.9800000000 
H 1.7500000000 3.1500000000 4.7600000000 
O 9.4200000000 0.0300000000 6.1800000000 
H 9.1500000000 9.5300000000 5.3100000000 
H 8.6200000000 0.5800000000 6.5000000000 
O 7.4800000000 1.7800000000 6.9300000000 
H 7.3100000000 2.0200000000 7.7900000000 
H 6.7300000000 2.1400000000 6.3800000000 
O 4.4100000000 7.4600000000 3.9500000000 
H 4.5500000000 8.1900000000 4.6100000000 
H 3.4900000000 7.5800000000 3.7900000000 
O 8.6000000000 7.6800000000 0.2600000000 
H 9.0100000000 7.6200000000 9.2000000000 
H 9.4700000000 7.9700000000 0.6800000000 
O 7.3300000000 5.5800000000 6.5000000000 
H 7.8500000000 6.4100000000 6.8100000000 
H 6.4200000000 5.6800000000 6.8900000000 

