&CONTROL
/
&SYSTEM
   ntyp             = 2
   nat              = 96
   ibrav            = 0
/
&ELECTRONS
/
&IONS
/
&CELL
/

ATOMIC_SPECIES
O 15.999 None
H 1.008 None

K_POINTS gamma

CELL_PARAMETERS angstrom
9.86520000000000 0.00000000000000 0.00000000000000
0.00000000000000 9.86520000000000 0.00000000000000
0.00000000000000 0.00000000000000 9.86520000000000

ATOMIC_POSITIONS angstrom
O 0.9000000000 3.2100000000 8.0300000000 
H 1.0600000000 2.7200000000 7.1700000000 
H 9.8000000000 3.0500000000 8.2900000000 
O 9.4600000000 0.6800000000 2.5300000000 
H 9.1500000000 1.0700000000 3.3600000000 
H 0.2300000000 1.3400000000 2.2800000000 
O 3.3700000000 8.5600000000 8.2500000000 
H 2.6700000000 9.1800000000 8.4800000000 
H 4.0700000000 8.9300000000 8.8000000000 
O 3.4700000000 8.1200000000 5.4200000000 
H 3.3600000000 8.0700000000 6.4300000000 
H 2.5900000000 7.9000000000 5.1000000000 
O 5.3800000000 2.0500000000 4.5600000000 
H 5.2300000000 1.3000000000 3.9300000000 
H 4.7400000000 1.8900000000 5.3100000000 
O 3.2100000000 8.5800000000 1.3500000000 
H 2.6700000000 9.0900000000 0.6700000000 
H 2.5600000000 7.9600000000 1.7600000000 
O 4.1800000000 3.0100000000 0.4500000000 
H 4.3400000000 3.5700000000 9.5200000000 
H 4.1200000000 3.6400000000 1.1600000000 
O 0.6700000000 8.2400000000 5.2300000000 
H 9.6000000000 8.0000000000 5.4500000000 
H 0.8500000000 7.8700000000 4.3500000000 
O 2.4500000000 5.9400000000 7.4700000000 
H 2.0600000000 6.7900000000 7.6900000000 
H 1.6500000000 5.4100000000 7.8400000000 
O 7.0200000000 0.4800000000 1.4600000000 
H 6.6500000000 0.0300000000 2.2100000000 
H 7.9400000000 0.7300000000 1.7800000000 
O 8.4100000000 4.4800000000 1.3800000000 
H 9.3500000000 4.6700000000 1.5400000000 
H 7.9800000000 4.0500000000 2.1600000000 
O 2.9400000000 4.6100000000 5.0300000000 
H 3.3000000000 3.8200000000 5.4600000000 
H 3.1100000000 5.3300000000 5.6500000000 
O 6.9100000000 4.1800000000 3.7200000000 
H 6.3200000000 3.3800000000 3.7100000000 
H 7.2000000000 4.2000000000 4.6100000000 
O 7.7200000000 4.6500000000 6.2800000000 
H 7.8100000000 4.0300000000 7.0300000000 
H 8.3500000000 5.3600000000 6.5600000000 
O 0.4300000000 8.0200000000 2.2500000000 
H 0.0800000000 8.9700000000 2.4100000000 
H 9.5600000000 7.6500000000 1.7900000000 
O 8.0600000000 7.3400000000 5.8500000000 
H 7.4100000000 7.8200000000 6.4000000000 
H 7.5100000000 6.5700000000 5.5100000000 
O 6.0600000000 7.4800000000 7.6500000000 
H 5.8800000000 6.8900000000 8.4600000000 
H 5.3200000000 7.9900000000 7.7400000000 
O 1.6000000000 0.4300000000 9.5200000000 
H 1.5900000000 1.2700000000 8.9900000000 
H 1.7900000000 0.7500000000 0.6000000000 
O 1.8400000000 2.4400000000 1.4800000000 
H 1.7000000000 3.3900000000 1.8000000000 
H 2.7400000000 2.4700000000 1.1200000000 
O 0.8700000000 1.3300000000 5.9200000000 
H 0.8000000000 0.3200000000 5.9000000000 
H 9.8400000000 1.5700000000 5.6900000000 
O 4.3600000000 5.0700000000 2.6600000000 
H 5.1600000000 4.8900000000 3.2000000000 
H 3.7000000000 5.1500000000 3.4300000000 
O 5.3400000000 6.8900000000 0.5300000000 
H 5.1900000000 6.1900000000 1.2500000000 
H 4.5500000000 7.5000000000 0.6500000000 
O 8.1500000000 3.3800000000 8.6600000000 
H 7.9900000000 3.9100000000 9.4200000000 
H 7.8500000000 2.4500000000 8.8000000000 
O 7.6500000000 0.7500000000 7.6400000000 
H 6.7500000000 0.4100000000 7.9200000000 
H 8.2600000000 0.0300000000 7.9900000000 
O 9.1300000000 8.5200000000 8.6100000000 
H 9.8300000000 9.0300000000 9.0600000000 
H 8.7500000000 7.9000000000 9.3100000000 
O 1.2300000000 5.0400000000 2.5700000000 
H 1.4000000000 4.5500000000 3.4000000000 
H 1.0100000000 5.9100000000 3.0100000000 
O 5.1800000000 0.5800000000 9.2800000000 
H 5.8900000000 0.3300000000 0.0800000000 
H 4.9700000000 1.5000000000 9.5500000000 
O 8.1100000000 7.1500000000 0.7900000000 
H 7.9200000000 6.2700000000 1.1000000000 
H 7.1100000000 7.3600000000 0.7400000000 
O 4.7000000000 4.3900000000 8.0900000000 
H 5.4700000000 4.7300000000 7.5700000000 
H 4.0500000000 5.1200000000 7.8500000000 
O 5.1100000000 9.1000000000 3.5400000000 
H 4.7900000000 8.6000000000 4.4000000000 
H 4.3000000000 8.9400000000 2.9200000000 
O 8.1100000000 1.4500000000 4.7800000000 
H 7.1900000000 1.4200000000 4.5000000000 
H 7.8000000000 1.3000000000 5.7400000000 
O 3.4100000000 1.8600000000 6.3100000000 
H 3.2700000000 2.1900000000 7.2300000000 
H 2.5400000000 1.4300000000 6.1000000000 

