&CONTROL
/
&SYSTEM
   ntyp             = 2
   nat              = 96
   ibrav            = 0
/
&ELECTRONS
/
&IONS
/
&CELL
/

ATOMIC_SPECIES
O 15.999 None
H 1.008 None

K_POINTS gamma

CELL_PARAMETERS angstrom
9.86520000000000 0.00000000000000 0.00000000000000
0.00000000000000 9.86520000000000 0.00000000000000
0.00000000000000 0.00000000000000 9.86520000000000

ATOMIC_POSITIONS angstrom
O 4.0600000000 0.7200000000 3.2300000000 
H 3.8100000000 1.6300000000 2.8800000000 
H 4.3600000000 1.2100000000 4.0200000000 
O 0.9200000000 5.4700000000 3.1000000000 
H 0.7000000000 5.8800000000 2.2700000000 
H 0.5200000000 4.6000000000 3.0500000000 
O 2.2900000000 8.4800000000 1.9800000000 
H 2.3400000000 9.4100000000 2.0900000000 
H 1.5600000000 8.2800000000 2.6800000000 
O 4.5500000000 0.6600000000 6.3800000000 
H 3.7300000000 1.0200000000 6.0100000000 
H 4.3900000000 1.1300000000 7.2300000000 
O 6.3300000000 6.1500000000 9.4900000000 
H 6.2700000000 6.9200000000 8.8500000000 
H 6.6100000000 6.5700000000 0.4500000000 
O 3.4800000000 1.5800000000 8.6800000000 
H 3.1300000000 0.6900000000 8.6000000000 
H 3.0600000000 1.8200000000 9.5700000000 
O 7.6300000000 4.1700000000 7.0700000000 
H 7.3000000000 5.0100000000 6.7400000000 
H 8.1700000000 4.4100000000 7.8400000000 
O 9.3100000000 2.1000000000 5.5000000000 
H 8.5300000000 1.8500000000 5.0400000000 
H 8.9500000000 2.8000000000 6.0800000000 
O 9.7500000000 6.4900000000 0.7000000000 
H 9.7700000000 6.8600000000 9.7000000000 
H 9.3700000000 7.1400000000 1.3300000000 
O 8.2000000000 1.6300000000 0.5300000000 
H 8.7900000000 2.3200000000 0.1800000000 
H 7.5300000000 1.6100000000 9.7400000000 
O 0.2900000000 2.8300000000 2.5900000000 
H 9.4300000000 2.8100000000 1.9300000000 
H 9.7100000000 2.2800000000 3.3300000000 
O 3.4700000000 5.2300000000 3.9100000000 
H 2.5200000000 5.3700000000 3.6900000000 
H 3.7500000000 6.0900000000 4.1500000000 
O 7.4300000000 6.1700000000 3.0000000000 
H 8.2300000000 5.5900000000 3.0100000000 
H 6.7900000000 5.5000000000 2.7300000000 
O 5.3700000000 3.4500000000 3.1200000000 
H 4.9000000000 3.2900000000 2.2800000000 
H 4.7500000000 4.0800000000 3.5600000000 
O 0.8200000000 6.8600000000 5.4300000000 
H 0.5700000000 7.6600000000 4.9300000000 
H 1.0600000000 6.2500000000 4.6800000000 
O 0.2100000000 9.4100000000 4.3400000000 
H 9.6000000000 0.0600000000 5.0800000000 
H 9.5600000000 9.7400000000 3.5600000000 
O 6.4200000000 6.3700000000 6.0500000000 
H 6.6600000000 6.9900000000 5.2400000000 
H 5.9600000000 7.0700000000 6.6000000000 
O 4.3700000000 4.6900000000 7.9400000000 
H 5.1300000000 4.8600000000 8.5700000000 
H 4.6700000000 4.9100000000 7.0300000000 
O 2.1600000000 1.8300000000 5.8400000000 
H 1.2300000000 1.7100000000 5.5200000000 
H 2.0500000000 2.6400000000 6.3000000000 
O 3.9300000000 8.0200000000 4.5800000000 
H 3.7200000000 8.5800000000 3.7400000000 
H 3.9100000000 8.6800000000 5.3100000000 
O 3.1200000000 2.7700000000 1.4500000000 
H 2.1600000000 2.8000000000 1.7700000000 
H 3.3000000000 3.7600000000 1.1900000000 
O 2.8900000000 8.4000000000 9.2000000000 
H 2.8200000000 8.4600000000 0.3100000000 
H 2.0000000000 8.1000000000 8.9400000000 
O 1.5400000000 4.4900000000 7.4000000000 
H 1.1400000000 5.2700000000 6.8600000000 
H 2.5000000000 4.6500000000 7.5500000000 
O 5.4000000000 8.2800000000 7.8000000000 
H 4.5700000000 8.2600000000 8.3500000000 
H 5.1900000000 9.1000000000 7.2700000000 
O 8.8900000000 8.9500000000 1.6300000000 
H 8.8800000000 9.8000000000 1.1400000000 
H 8.1300000000 8.9700000000 2.2700000000 
O 2.9000000000 5.4100000000 0.3900000000 
H 2.9400000000 4.9300000000 9.3400000000 
H 2.7800000000 6.3900000000 0.1800000000 
O 6.3800000000 1.9000000000 8.3000000000 
H 6.7700000000 2.4900000000 7.6600000000 
H 5.4300000000 2.1500000000 8.3800000000 
O 6.6400000000 8.8200000000 3.2800000000 
H 6.8400000000 7.8200000000 3.2700000000 
H 5.6400000000 8.7700000000 3.4000000000 
O 9.5800000000 3.7600000000 9.7800000000 
H 0.5300000000 3.7200000000 9.2000000000 
H 9.7100000000 4.7100000000 0.2800000000 
O 7.4000000000 1.6100000000 3.8100000000 
H 6.6100000000 2.1100000000 3.5900000000 
H 7.1600000000 0.6600000000 3.6800000000 
O 0.3600000000 7.9800000000 8.2700000000 
H 9.4900000000 8.6400000000 8.0500000000 
H 0.5900000000 7.8400000000 7.3200000000 
O 7.8800000000 9.3600000000 7.7800000000 
H 7.4100000000 0.3700000000 8.0900000000 
H 7.1000000000 8.8000000000 7.8200000000 

