&CONTROL
/
&SYSTEM
   ntyp             = 2
   nat              = 96
   ibrav            = 0
/
&ELECTRONS
/
&IONS
/
&CELL
/

ATOMIC_SPECIES
O 15.999 None
H 1.008 None

K_POINTS gamma

CELL_PARAMETERS angstrom
9.86520000000000 0.00000000000000 0.00000000000000
0.00000000000000 9.86520000000000 0.00000000000000
0.00000000000000 0.00000000000000 9.86520000000000

ATOMIC_POSITIONS angstrom
O 9.2700000000 6.7700000000 3.5200000000 
H 8.3800000000 6.9700000000 3.8700000000 
H 9.6500000000 6.0500000000 4.0200000000 
O 2.5800000000 5.3300000000 0.0700000000 
H 2.5100000000 6.2500000000 0.3800000000 
H 3.3000000000 5.3600000000 9.2700000000 
O 3.5200000000 4.5200000000 2.6200000000 
H 3.5200000000 4.7400000000 1.6600000000 
H 4.4000000000 4.2500000000 2.9400000000 
O 7.2900000000 6.7800000000 9.5200000000 
H 8.0500000000 7.0600000000 8.9800000000 
H 7.0700000000 7.7100000000 9.7700000000 
O 8.3100000000 4.7100000000 1.5100000000 
H 8.8700000000 5.3000000000 1.9800000000 
H 8.0500000000 5.3500000000 0.7500000000 
O 7.3700000000 9.6200000000 4.3300000000 
H 7.4100000000 0.4500000000 5.0300000000 
H 7.8000000000 0.2700000000 3.7000000000 
O 1.4200000000 1.5300000000 4.8200000000 
H 2.4000000000 1.6000000000 5.2200000000 
H 1.3400000000 0.5800000000 4.7300000000 
O 9.5600000000 7.2700000000 8.2200000000 
H 9.8100000000 6.3100000000 8.2300000000 
H 0.5300000000 7.7700000000 8.0100000000 
O 4.3500000000 8.7600000000 8.6300000000 
H 5.2500000000 8.8400000000 9.0400000000 
H 3.8100000000 8.4600000000 9.4200000000 
O 3.0800000000 8.0300000000 1.0000000000 
H 3.6700000000 8.2000000000 1.7900000000 
H 2.2600000000 8.5900000000 1.1100000000 
O 5.1200000000 1.4200000000 1.3700000000 
H 4.8800000000 0.6900000000 2.0300000000 
H 5.5500000000 2.1500000000 1.9300000000 
O 4.4200000000 9.4000000000 3.4700000000 
H 3.5800000000 9.0700000000 3.9000000000 
H 5.0200000000 9.5200000000 4.2200000000 
O 7.3900000000 7.4600000000 6.4200000000 
H 8.2200000000 7.3800000000 7.0100000000 
H 7.7500000000 7.7600000000 5.5700000000 
O 1.4200000000 2.7800000000 2.4100000000 
H 1.3200000000 2.5400000000 3.3600000000 
H 2.2300000000 3.3000000000 2.3700000000 
O 5.1800000000 9.3300000000 6.2000000000 
H 6.0600000000 8.9100000000 6.1900000000 
H 4.8600000000 8.9900000000 7.0300000000 
O 5.4400000000 5.5600000000 6.2200000000 
H 5.9700000000 6.3400000000 6.4700000000 
H 6.0000000000 4.8600000000 5.8500000000 
O 9.3100000000 0.4900000000 8.5700000000 
H 0.2000000000 0.8700000000 9.0400000000 
H 9.7100000000 9.5300000000 8.2100000000 
O 1.6300000000 8.7900000000 7.3900000000 
H 2.0000000000 8.9100000000 6.4800000000 
H 2.4000000000 8.9700000000 7.9000000000 
O 8.5000000000 1.6000000000 6.0900000000 
H 9.4300000000 1.5000000000 5.6900000000 
H 8.6300000000 1.4800000000 7.0900000000 
O 7.4400000000 4.0700000000 5.3900000000 
H 7.6800000000 3.1300000000 5.5300000000 
H 8.3300000000 4.4800000000 5.4800000000 
O 2.7700000000 5.7000000000 5.4000000000 
H 3.0000000000 5.4800000000 4.4400000000 
H 3.6300000000 5.4100000000 5.8100000000 
O 5.3300000000 4.8600000000 8.9000000000 
H 5.2100000000 4.9900000000 7.9500000000 
H 6.1200000000 5.4800000000 8.9500000000 
O 0.6300000000 9.0700000000 1.3300000000 
H 0.4500000000 0.1200000000 1.6900000000 
H 9.7400000000 8.5300000000 1.5400000000 
O 0.4600000000 4.3900000000 8.3600000000 
H 1.2000000000 4.8700000000 8.9400000000 
H 0.1800000000 3.5200000000 8.8300000000 
O 4.0900000000 2.3000000000 8.9100000000 
H 4.6000000000 1.9100000000 9.7100000000 
H 4.4500000000 3.1800000000 8.9100000000 
O 1.3900000000 1.8700000000 9.4800000000 
H 2.2900000000 1.9900000000 9.0900000000 
H 1.4900000000 2.3200000000 0.5200000000 
O 3.6200000000 1.8000000000 6.2200000000 
H 4.2400000000 1.0600000000 6.1300000000 
H 3.9900000000 2.2600000000 7.0400000000 
O 6.7100000000 9.3700000000 9.8100000000 
H 7.3000000000 0.0900000000 9.3000000000 
H 6.1600000000 0.1800000000 0.4000000000 
O 1.8100000000 8.3300000000 4.4700000000 
H 1.0300000000 8.1800000000 3.9200000000 
H 2.1100000000 7.4200000000 4.6600000000 
O 8.8600000000 1.5600000000 2.4800000000 
H 8.0900000000 2.1400000000 2.2800000000 
H 9.6100000000 2.1400000000 2.2500000000 
O 6.1400000000 3.7200000000 3.0400000000 
H 6.7800000000 4.1500000000 2.4400000000 
H 6.5800000000 3.8500000000 3.9700000000 
O 0.0700000000 5.1800000000 5.8200000000 
H 1.0700000000 5.4300000000 5.8000000000 
H 0.1100000000 4.6000000000 6.6600000000 

