&CONTROL
/
&SYSTEM
   ntyp             = 2
   nat              = 96
   ibrav            = 0
/
&ELECTRONS
/
&IONS
/
&CELL
/

ATOMIC_SPECIES
O 15.999 None
H 1.008 None

K_POINTS gamma

CELL_PARAMETERS angstrom
9.86520000000000 0.00000000000000 0.00000000000000
0.00000000000000 9.86520000000000 0.00000000000000
0.00000000000000 0.00000000000000 9.86520000000000

ATOMIC_POSITIONS angstrom
O 8.4100000000 3.8700000000 7.2700000000 
H 8.8600000000 4.4400000000 6.5700000000 
H 7.5500000000 3.7500000000 6.8300000000 
O 2.3600000000 2.2500000000 8.6200000000 
H 1.4000000000 2.5300000000 8.5500000000 
H 2.3500000000 1.9400000000 9.5800000000 
O 9.3000000000 4.4900000000 4.4300000000 
H 8.6700000000 4.4700000000 3.6200000000 
H 0.1800000000 3.9100000000 4.1300000000 
O 3.6200000000 7.4400000000 3.7600000000 
H 4.4900000000 6.9200000000 3.8300000000 
H 3.1100000000 6.6600000000 3.4200000000 
O 1.4000000000 2.6000000000 3.7100000000 
H 2.2000000000 2.0300000000 3.8100000000 
H 0.6600000000 2.2300000000 4.2600000000 
O 2.7000000000 0.5500000000 6.4900000000 
H 2.5100000000 1.1000000000 7.2500000000 
H 2.5500000000 9.5200000000 6.8700000000 
O 2.4000000000 0.9800000000 1.2500000000 
H 1.4100000000 1.0300000000 1.0900000000 
H 2.5300000000 0.8000000000 2.2400000000 
O 9.3400000000 1.5600000000 0.8500000000 
H 9.5200000000 0.7400000000 0.3300000000 
H 8.9600000000 1.2700000000 1.7100000000 
O 2.4300000000 5.0900000000 7.3500000000 
H 1.8900000000 5.4800000000 6.6500000000 
H 1.9800000000 4.2900000000 7.6700000000 
O 1.4800000000 7.9500000000 8.6000000000 
H 1.3100000000 7.0800000000 8.0900000000 
H 2.4300000000 7.8300000000 8.9900000000 
O 9.5900000000 6.3200000000 6.5400000000 
H 9.5300000000 7.2400000000 6.2000000000 
H 9.5700000000 5.7100000000 5.7400000000 
O 9.4800000000 1.5100000000 5.3400000000 
H 9.2300000000 2.0200000000 6.2000000000 
H 8.5300000000 1.2800000000 5.0400000000 
O 4.9000000000 5.6600000000 6.5800000000 
H 3.9700000000 5.5300000000 7.0300000000 
H 4.9000000000 6.6600000000 6.4800000000 
O 6.2800000000 0.7200000000 7.2100000000 
H 6.5200000000 1.4800000000 6.5800000000 
H 5.8600000000 1.3800000000 7.8200000000 
O 7.6200000000 5.1700000000 9.6200000000 
H 7.8400000000 4.6800000000 8.7500000000 
H 6.6600000000 5.3900000000 9.4800000000 
O 2.4400000000 5.1600000000 2.6100000000 
H 2.1400000000 4.3400000000 3.0200000000 
H 1.5800000000 5.5600000000 2.4600000000 
O 0.4400000000 4.2500000000 9.3500000000 
H 9.6000000000 4.4500000000 8.7200000000 
H 0.1000000000 3.5700000000 0.0400000000 
O 3.3500000000 0.2800000000 3.8400000000 
H 2.8500000000 0.2400000000 4.7000000000 
H 3.5700000000 9.2100000000 3.9100000000 
O 4.2200000000 9.3000000000 0.0500000000 
H 3.5000000000 9.7200000000 0.5900000000 
H 4.7600000000 0.1700000000 9.4800000000 
O 7.2100000000 0.5300000000 4.2200000000 
H 6.5900000000 9.6600000000 4.0000000000 
H 6.8500000000 1.3600000000 3.9300000000 
O 4.5400000000 3.9200000000 1.2600000000 
H 3.6000000000 4.2600000000 1.5600000000 
H 4.9100000000 4.6400000000 0.6800000000 
O 7.7400000000 4.2900000000 2.4000000000 
H 8.0500000000 4.7900000000 1.6500000000 
H 6.9200000000 3.8100000000 2.0200000000 
O 0.3900000000 8.4600000000 4.9900000000 
H 9.4700000000 9.0100000000 4.9700000000 
H 0.9000000000 8.9700000000 4.3500000000 
O 5.0300000000 2.2100000000 9.2200000000 
H 4.1200000000 2.2700000000 8.9400000000 
H 5.0300000000 2.7400000000 0.1600000000 
O 0.2300000000 6.3100000000 1.4800000000 
H 9.8100000000 5.9400000000 0.6000000000 
H 0.3300000000 7.2800000000 1.3600000000 
O 9.2500000000 9.1200000000 2.2400000000 
H 8.5000000000 8.6000000000 2.6700000000 
H 9.3000000000 8.9000000000 1.2800000000 
O 5.4300000000 2.4100000000 3.4300000000 
H 4.9600000000 2.9700000000 2.7100000000 
H 4.9100000000 1.5400000000 3.5100000000 
O 8.8300000000 9.1300000000 9.2500000000 
H 8.2400000000 8.7100000000 8.5500000000 
H 9.7100000000 8.9600000000 8.7700000000 
O 6.1400000000 3.2300000000 5.9300000000 
H 5.7400000000 2.9400000000 5.0700000000 
H 5.5800000000 4.0700000000 6.0000000000 
O 4.8700000000 8.3700000000 6.6900000000 
H 4.0600000000 8.7700000000 6.3100000000 
H 5.4100000000 9.1300000000 7.0800000000 
O 7.3900000000 7.0100000000 3.1700000000 
H 7.1600000000 6.4600000000 3.9400000000 
H 8.1000000000 6.5000000000 2.7400000000 
O 5.2400000000 6.6300000000 0.4800000000 
H 4.6700000000 7.4600000000 0.2900000000 
H 6.0600000000 6.9300000000 0.9500000000 

