&CONTROL
/
&SYSTEM
   ntyp             = 2
   nat              = 96
   ibrav            = 0
/
&ELECTRONS
/
&IONS
/
&CELL
/

ATOMIC_SPECIES
O 15.999 None
H 1.008 None

K_POINTS gamma

CELL_PARAMETERS angstrom
9.86520000000000 0.00000000000000 0.00000000000000
0.00000000000000 9.86520000000000 0.00000000000000
0.00000000000000 0.00000000000000 9.86520000000000

ATOMIC_POSITIONS angstrom
O 7.1800000000 8.1900000000 2.6600000000 
H 7.9100000000 8.8400000000 2.6300000000 
H 7.3900000000 7.5200000000 1.9500000000 
O 1.1600000000 5.5400000000 0.5000000000 
H 0.6900000000 6.3400000000 0.2000000000 
H 2.0200000000 5.5900000000 0.0400000000 
O 7.9600000000 1.4000000000 5.1400000000 
H 8.6700000000 0.7400000000 5.2600000000 
H 8.5400000000 2.2600000000 4.9500000000 
O 3.7100000000 4.1600000000 3.9200000000 
H 3.7200000000 4.1000000000 4.9200000000 
H 4.5800000000 4.6200000000 3.6900000000 
O 4.3800000000 3.3700000000 7.2700000000 
H 4.7000000000 2.6300000000 6.7000000000 
H 3.5100000000 3.0500000000 7.6100000000 
O 6.9500000000 2.6500000000 2.4400000000 
H 7.1100000000 2.4100000000 3.3700000000 
H 7.1800000000 1.8400000000 1.9400000000 
O 2.4600000000 1.5800000000 7.7000000000 
H 2.6200000000 0.6000000000 7.6900000000 
H 1.7100000000 1.7900000000 7.1000000000 
O 4.2900000000 7.3700000000 2.4800000000 
H 5.2800000000 7.5500000000 2.4700000000 
H 4.0100000000 7.2000000000 1.5100000000 
O 5.3900000000 1.4500000000 5.3200000000 
H 5.0300000000 0.5200000000 5.1800000000 
H 6.3500000000 1.3900000000 5.4700000000 
O 3.7800000000 1.1100000000 0.2900000000 
H 3.6300000000 1.6800000000 1.1000000000 
H 3.2300000000 1.5500000000 9.4100000000 
O 0.2700000000 9.8200000000 4.0200000000 
H 0.2400000000 9.5900000000 3.0300000000 
H 1.1300000000 0.4200000000 4.0200000000 
O 6.7400000000 5.1900000000 4.1400000000 
H 7.4300000000 5.7600000000 4.4500000000 
H 7.1300000000 4.6900000000 3.3600000000 
O 0.5000000000 3.0600000000 1.4600000000 
H 0.8000000000 3.9700000000 1.0600000000 
H 0.0100000000 2.7100000000 0.6100000000 
O 0.0300000000 5.3600000000 7.1400000000 
H 9.7400000000 6.1300000000 6.5000000000 
H 9.5600000000 5.8500000000 7.9100000000 
O 7.3700000000 7.4000000000 7.9400000000 
H 7.5000000000 7.3000000000 6.9400000000 
H 6.6300000000 8.1100000000 8.0000000000 
O 5.3600000000 9.1500000000 8.8800000000 
H 5.0000000000 9.5400000000 9.7400000000 
H 4.6700000000 9.3100000000 8.2200000000 
O 3.6700000000 6.2200000000 0.0100000000 
H 4.3100000000 5.5700000000 0.4200000000 
H 4.1000000000 6.3100000000 8.9400000000 
O 6.4400000000 2.0900000000 8.9500000000 
H 6.0100000000 1.3400000000 9.3300000000 
H 5.6400000000 2.4800000000 8.5300000000 
O 3.0100000000 8.6800000000 7.3600000000 
H 2.9800000000 8.4600000000 6.3700000000 
H 3.3600000000 7.8200000000 7.7300000000 
O 9.1900000000 1.6000000000 9.2700000000 
H 9.4100000000 1.6700000000 8.3200000000 
H 8.2300000000 1.8200000000 9.1500000000 
O 7.5500000000 6.2600000000 0.5400000000 
H 6.8700000000 5.6700000000 0.3000000000 
H 7.6000000000 6.8500000000 9.6000000000 
O 0.3800000000 7.8600000000 8.6300000000 
H 9.7000000000 7.9800000000 7.8000000000 
H 1.2100000000 8.1800000000 8.3900000000 
O 4.5700000000 6.2800000000 7.1500000000 
H 4.5800000000 5.2900000000 6.9400000000 
H 5.1700000000 6.6200000000 6.4500000000 
O 2.4300000000 1.5900000000 3.3000000000 
H 2.8500000000 2.4400000000 3.5600000000 
H 1.6500000000 1.9400000000 2.7500000000 
O 5.7700000000 4.3700000000 0.6600000000 
H 6.2300000000 3.7700000000 0.0200000000 
H 5.9700000000 3.8800000000 1.5500000000 
O 9.8600000000 7.2200000000 5.2700000000 
H 9.7800000000 8.1200000000 4.9000000000 
H 0.5500000000 6.7700000000 4.5900000000 
O 0.5900000000 2.6300000000 6.3700000000 
H 0.3300000000 2.8400000000 5.4100000000 
H 0.5300000000 3.6100000000 6.6900000000 
O 3.1600000000 8.7900000000 4.5300000000 
H 3.2100000000 8.3100000000 3.6700000000 
H 3.1500000000 9.7200000000 4.2500000000 
O 9.5800000000 9.2900000000 1.2900000000 
H 9.1900000000 0.3200000000 1.0000000000 
H 0.1500000000 8.9600000000 0.4700000000 
O 9.5300000000 3.5600000000 3.9500000000 
H 9.7300000000 3.1600000000 3.0700000000 
H 0.0300000000 4.4900000000 3.8100000000 
O 1.4100000000 6.2100000000 3.2300000000 
H 1.0900000000 6.0300000000 2.3400000000 
H 2.2100000000 5.7100000000 3.2200000000 
O 6.4500000000 7.9000000000 5.2000000000 
H 6.8700000000 7.8800000000 4.2700000000 
H 5.5400000000 7.9100000000 4.8600000000 

