&CONTROL
/
&SYSTEM
   ntyp             = 2
   nat              = 96
   ibrav            = 0
/
&ELECTRONS
/
&IONS
/
&CELL
/

ATOMIC_SPECIES
O 15.999 None
H 1.008 None

K_POINTS gamma

CELL_PARAMETERS angstrom
9.86520000000000 0.00000000000000 0.00000000000000
0.00000000000000 9.86520000000000 0.00000000000000
0.00000000000000 0.00000000000000 9.86520000000000

ATOMIC_POSITIONS angstrom
O 0.5700000000 0.6800000000 5.7100000000 
H 1.4700000000 0.9300000000 5.8200000000 
H 0.2300000000 1.4600000000 5.3300000000 
O 9.5100000000 5.1100000000 8.3200000000 
H 0.1800000000 4.7600000000 7.5800000000 
H 8.6300000000 4.9900000000 7.8900000000 
O 2.8500000000 4.4900000000 7.2200000000 
H 3.1000000000 5.4700000000 7.4300000000 
H 2.3100000000 4.6500000000 6.3500000000 
O 6.2700000000 8.3500000000 1.9400000000 
H 6.5800000000 7.5400000000 1.4100000000 
H 5.4000000000 8.5600000000 1.5600000000 
O 7.0000000000 2.9400000000 1.3300000000 
H 7.2300000000 2.1800000000 0.8500000000 
H 7.0700000000 2.6200000000 2.1900000000 
O 5.4200000000 0.9200000000 8.2500000000 
H 6.3300000000 1.0200000000 8.6000000000 
H 5.6700000000 0.7100000000 7.3700000000 
O 7.2100000000 5.7500000000 0.7700000000 
H 7.2300000000 4.8200000000 1.1400000000 
H 8.1100000000 5.9800000000 0.9700000000 
O 8.5600000000 9.5100000000 7.3000000000 
H 9.1900000000 0.0300000000 6.6400000000 
H 9.1000000000 9.5700000000 8.1200000000 
O 1.4600000000 2.3000000000 1.2600000000 
H 2.0000000000 1.9900000000 0.5500000000 
H 1.4700000000 3.2300000000 0.9200000000 
O 6.5600000000 8.3200000000 4.7100000000 
H 6.7100000000 9.2200000000 4.3400000000 
H 6.1900000000 7.8800000000 3.8900000000 
O 1.2200000000 5.2500000000 0.6200000000 
H 1.7700000000 6.0300000000 0.5000000000 
H 0.5800000000 5.1700000000 9.7200000000 
O 6.3800000000 7.7400000000 7.3400000000 
H 6.4100000000 7.8300000000 6.3300000000 
H 7.1600000000 8.3200000000 7.5900000000 
O 6.9500000000 1.2500000000 3.5500000000 
H 7.0400000000 1.8300000000 4.2700000000 
H 7.8900000000 1.1800000000 3.2600000000 
O 2.6100000000 3.4600000000 3.5600000000 
H 2.6500000000 2.8900000000 2.7600000000 
H 3.3300000000 4.0600000000 3.2100000000 
O 0.3300000000 9.3200000000 9.8100000000 
H 1.2600000000 9.5700000000 9.8200000000 
H 0.5100000000 8.4400000000 0.1600000000 
O 0.5600000000 4.6700000000 5.4800000000 
H 1.0500000000 4.4800000000 4.6400000000 
H 0.4700000000 5.6600000000 5.4900000000 
O 4.4600000000 4.2000000000 1.4500000000 
H 4.2200000000 3.5300000000 0.7900000000 
H 5.4400000000 4.0800000000 1.4400000000 
O 3.7400000000 7.4200000000 7.3500000000 
H 3.5600000000 7.8500000000 6.4900000000 
H 4.7400000000 7.6200000000 7.3800000000 
O 3.5300000000 2.5600000000 9.1400000000 
H 3.1100000000 3.1500000000 8.4800000000 
H 4.2000000000 1.9900000000 8.6000000000 
O 7.6600000000 0.4800000000 0.1600000000 
H 7.2900000000 9.6900000000 0.7700000000 
H 8.6000000000 0.3400000000 0.2000000000 
O 7.0300000000 4.7600000000 7.4000000000 
H 6.7100000000 5.6700000000 7.2200000000 
H 6.7600000000 4.5200000000 8.3200000000 
O 9.5000000000 0.9100000000 2.8100000000 
H 0.0700000000 0.0700000000 2.9200000000 
H 0.3300000000 1.5000000000 2.3800000000 
O 2.8900000000 8.3700000000 4.5200000000 
H 3.1700000000 9.1600000000 4.0100000000 
H 3.4200000000 7.5800000000 4.1400000000 
O 7.6900000000 3.3300000000 5.3200000000 
H 8.5300000000 3.7700000000 5.3400000000 
H 7.1800000000 3.7000000000 6.0900000000 
O 4.4000000000 6.2000000000 3.2300000000 
H 5.2400000000 6.0300000000 3.7000000000 
H 4.5300000000 5.6300000000 2.4200000000 
O 3.8200000000 9.6400000000 0.4500000000 
H 4.3600000000 0.2500000000 9.6800000000 
H 3.9700000000 0.1000000000 1.4000000000 
O 3.3100000000 2.1000000000 5.7600000000 
H 3.2800000000 2.8500000000 6.3800000000 
H 2.9700000000 2.5800000000 4.9300000000 
O 9.2900000000 6.1500000000 2.6000000000 
H 0.2400000000 5.8400000000 2.0500000000 
H 9.6100000000 6.5500000000 3.3500000000 
O 0.2900000000 7.4100000000 5.2400000000 
H 1.2000000000 7.7100000000 5.2800000000 
H 9.6900000000 8.2900000000 5.4300000000 
O 4.3500000000 0.6100000000 3.2400000000 
H 4.2400000000 1.1000000000 4.1300000000 
H 5.3200000000 0.5400000000 3.0600000000 
O 6.8600000000 5.3800000000 3.8900000000 
H 7.6600000000 5.7100000000 3.4400000000 
H 7.1900000000 4.6000000000 4.4700000000 
O 2.5500000000 7.4200000000 0.1200000000 
H 3.1000000000 7.2800000000 9.1800000000 
H 2.9900000000 8.3000000000 0.2500000000 

