&CONTROL
/
&SYSTEM
   ntyp             = 2
   nat              = 96
   ibrav            = 0
/
&ELECTRONS
/
&IONS
/
&CELL
/

ATOMIC_SPECIES
O 15.999 None
H 1.008 None

K_POINTS gamma

CELL_PARAMETERS angstrom
9.86520000000000 0.00000000000000 0.00000000000000
0.00000000000000 9.86520000000000 0.00000000000000
0.00000000000000 0.00000000000000 9.86520000000000

ATOMIC_POSITIONS angstrom
O 2.4500000000 0.8200000000 3.3700000000 
H 2.7300000000 1.7300000000 3.1100000000 
H 2.3000000000 0.8100000000 4.3100000000 
O 1.1500000000 5.0500000000 2.6100000000 
H 0.9300000000 5.2800000000 1.6800000000 
H 0.3900000000 4.4400000000 2.7900000000 
O 2.4500000000 8.6000000000 1.6100000000 
H 2.6300000000 9.3400000000 2.1500000000 
H 1.5000000000 8.6800000000 1.6300000000 
O 3.5500000000 9.4400000000 6.2400000000 
H 2.8900000000 8.7700000000 6.5700000000 
H 3.1000000000 0.5000000000 6.3600000000 
O 6.4900000000 5.4600000000 9.6400000000 
H 7.2600000000 4.9200000000 9.3100000000 
H 6.7600000000 5.8400000000 0.6700000000 
O 3.5100000000 1.7700000000 8.9300000000 
H 3.4700000000 2.6900000000 9.2300000000 
H 2.5500000000 1.4500000000 8.8400000000 
O 8.5900000000 5.0100000000 6.3600000000 
H 7.8800000000 5.4200000000 5.9200000000 
H 9.4000000000 5.4800000000 6.0700000000 
O 8.8400000000 2.1900000000 5.4500000000 
H 7.9800000000 1.7600000000 5.7800000000 
H 8.7300000000 3.1000000000 5.7300000000 
O 9.2500000000 6.6600000000 0.3400000000 
H 8.6200000000 7.0800000000 9.5100000000 
H 9.5600000000 7.3600000000 1.0200000000 
O 8.5800000000 1.5800000000 0.4500000000 
H 8.7300000000 2.5300000000 0.2200000000 
H 7.9100000000 1.3500000000 9.6800000000 
O 8.9900000000 3.3100000000 2.8900000000 
H 8.9000000000 2.6100000000 2.2400000000 
H 8.9800000000 2.8000000000 3.7300000000 
O 3.7800000000 6.6100000000 3.4400000000 
H 4.4400000000 6.3200000000 2.8000000000 
H 3.3600000000 7.3600000000 2.9900000000 
O 7.1100000000 5.5900000000 2.5800000000 
H 7.9000000000 5.0000000000 2.4700000000 
H 6.7600000000 5.3400000000 3.5000000000 
O 5.3300000000 3.3800000000 4.8200000000 
H 4.7900000000 3.4900000000 4.0300000000 
H 4.7100000000 3.5200000000 5.6000000000 
O 0.6200000000 6.7600000000 4.9800000000 
H 0.1900000000 7.6700000000 4.7600000000 
H 0.7800000000 6.3000000000 4.0800000000 
O 0.1600000000 9.5600000000 4.7200000000 
H 9.6300000000 0.4900000000 5.0900000000 
H 0.4300000000 9.7800000000 3.7700000000 
O 6.1100000000 6.5300000000 5.1500000000 
H 5.6000000000 7.2200000000 4.5700000000 
H 5.8500000000 6.6600000000 6.0900000000 
O 5.2500000000 4.3700000000 7.5100000000 
H 5.5000000000 5.0200000000 8.2100000000 
H 5.1700000000 3.5700000000 8.0200000000 
O 2.1300000000 1.8300000000 6.1400000000 
H 1.1400000000 2.1600000000 6.1000000000 
H 2.6000000000 2.7200000000 6.1900000000 
O 5.1700000000 9.2700000000 4.2000000000 
H 4.8700000000 0.1400000000 3.6600000000 
H 4.5000000000 9.1000000000 4.8500000000 
O 3.3900000000 3.3700000000 2.6400000000 
H 2.9100000000 4.1800000000 2.9300000000 
H 3.5600000000 3.6700000000 1.6800000000 
O 3.1700000000 7.3800000000 9.2700000000 
H 2.8300000000 7.8300000000 0.2500000000 
H 2.5800000000 7.8000000000 8.5900000000 
O 2.7300000000 4.6400000000 6.0600000000 
H 2.4000000000 5.4200000000 5.6100000000 
H 3.6400000000 4.9200000000 6.2400000000 
O 5.3400000000 7.7000000000 7.4500000000 
H 4.6900000000 7.4900000000 8.1700000000 
H 4.8600000000 8.4200000000 7.0000000000 
O 9.6200000000 9.2600000000 1.5700000000 
H 9.6300000000 0.2600000000 1.1000000000 
H 8.6800000000 9.1500000000 1.8900000000 
O 3.5700000000 4.7600000000 9.7500000000 
H 4.5500000000 4.9200000000 0.1000000000 
H 3.3200000000 5.6000000000 9.3300000000 
O 6.4500000000 0.9300000000 8.8000000000 
H 6.4300000000 1.0400000000 7.8500000000 
H 5.6100000000 1.2400000000 9.1200000000 
O 7.3500000000 8.4000000000 2.5800000000 
H 7.3400000000 7.4400000000 2.8700000000 
H 6.8200000000 8.8700000000 3.2400000000 
O 8.9200000000 4.1300000000 9.3700000000 
H 8.9400000000 4.1500000000 8.3600000000 
H 9.2500000000 4.9900000000 9.7000000000 
O 6.4100000000 1.2800000000 5.9600000000 
H 5.9200000000 2.1000000000 5.5700000000 
H 6.0400000000 0.5700000000 5.3100000000 
O 1.2800000000 8.2900000000 7.4600000000 
H 0.3000000000 8.3900000000 7.7000000000 
H 1.1000000000 7.7700000000 6.6500000000 
O 8.1800000000 8.6100000000 8.3000000000 
H 7.8200000000 9.4100000000 8.6800000000 
H 7.3500000000 8.1800000000 7.9900000000 

