&CONTROL
/
&SYSTEM
   ntyp             = 2
   nat              = 96
   ibrav            = 0
/
&ELECTRONS
/
&IONS
/
&CELL
/

ATOMIC_SPECIES
O 15.999 None
H 1.008 None

K_POINTS gamma

CELL_PARAMETERS angstrom
9.86520000000000 0.00000000000000 0.00000000000000
0.00000000000000 9.86520000000000 0.00000000000000
0.00000000000000 0.00000000000000 9.86520000000000

ATOMIC_POSITIONS angstrom
O 2.0800000000 0.6200000000 6.3800000000 
H 1.6300000000 0.8600000000 5.5500000000 
H 3.0300000000 0.5500000000 6.1900000000 
O 6.6400000000 0.4000000000 7.7000000000 
H 7.1000000000 1.2400000000 7.8000000000 
H 6.9500000000 9.7900000000 8.5100000000 
O 7.2000000000 8.9800000000 0.0700000000 
H 8.1100000000 8.5800000000 0.2200000000 
H 7.2100000000 9.5300000000 0.8600000000 
O 3.4700000000 7.6500000000 5.7500000000 
H 3.7100000000 6.6900000000 5.9100000000 
H 2.4700000000 7.5300000000 5.6700000000 
O 5.2800000000 5.8300000000 1.4900000000 
H 5.1100000000 5.2900000000 2.3100000000 
H 5.4300000000 6.7100000000 1.9900000000 
O 4.5300000000 5.2700000000 6.6700000000 
H 5.0300000000 5.1000000000 7.4800000000 
H 3.7200000000 4.7000000000 6.7800000000 
O 6.7900000000 5.6500000000 8.9400000000 
H 6.3100000000 5.7800000000 9.8000000000 
H 7.4400000000 6.3900000000 8.9700000000 
O 7.3800000000 0.7400000000 2.3400000000 
H 7.7800000000 1.6200000000 2.2200000000 
H 6.3400000000 0.9800000000 2.4400000000 
O 0.5300000000 4.5900000000 9.3900000000 
H 1.3900000000 4.9500000000 9.7400000000 
H 0.8400000000 4.1800000000 8.5400000000 
O 5.0100000000 2.0400000000 2.7500000000 
H 4.4400000000 2.3600000000 2.0000000000 
H 5.1800000000 2.7600000000 3.3300000000 
O 0.3000000000 1.4200000000 8.8700000000 
H 0.4200000000 0.8600000000 8.0500000000 
H 9.3000000000 1.8900000000 8.7400000000 
O 4.6200000000 1.1700000000 5.4400000000 
H 4.8100000000 1.0300000000 4.5000000000 
H 5.4200000000 1.0800000000 5.9600000000 
O 8.2200000000 4.7200000000 3.9600000000 
H 8.3400000000 4.2900000000 3.0900000000 
H 9.0100000000 5.4200000000 3.9600000000 
O 2.2700000000 3.3700000000 7.4300000000 
H 2.0700000000 3.8200000000 6.5800000000 
H 1.9100000000 2.4600000000 7.2200000000 
O 9.4500000000 7.3900000000 9.0600000000 
H 9.7900000000 6.5200000000 9.3600000000 
H 0.3600000000 7.9000000000 8.6900000000 
O 3.4400000000 2.6200000000 0.2300000000 
H 2.7500000000 2.6600000000 9.4100000000 
H 4.1500000000 2.2600000000 9.5700000000 
O 5.3900000000 4.4100000000 4.1000000000 
H 5.2100000000 4.5700000000 5.0400000000 
H 6.3800000000 4.6500000000 4.1100000000 
O 4.5200000000 8.8100000000 9.3000000000 
H 4.8800000000 9.2600000000 8.5100000000 
H 5.3100000000 8.4900000000 9.7600000000 
O 2.2300000000 8.3200000000 2.0500000000 
H 3.1300000000 8.5600000000 1.9500000000 
H 1.8800000000 9.2300000000 1.9600000000 
O 0.2800000000 6.5400000000 3.6200000000 
H 0.9800000000 7.0600000000 3.1000000000 
H 9.5600000000 7.2800000000 3.9100000000 
O 1.8500000000 4.3700000000 4.9800000000 
H 1.9500000000 4.0400000000 4.0300000000 
H 1.5600000000 5.2400000000 4.7400000000 
O 0.6300000000 1.4400000000 4.3300000000 
H 0.6700000000 0.7100000000 3.6700000000 
H 0.9200000000 2.2000000000 3.7200000000 
O 4.7100000000 8.3700000000 3.2900000000 
H 4.0600000000 8.6500000000 3.8900000000 
H 5.4000000000 8.2700000000 4.0600000000 
O 7.6000000000 3.0200000000 8.4900000000 
H 7.4700000000 3.9500000000 8.8100000000 
H 8.1300000000 3.1700000000 7.6400000000 
O 1.5800000000 3.5700000000 2.3500000000 
H 2.1100000000 2.9500000000 1.8000000000 
H 1.8300000000 4.4200000000 1.8100000000 
O 8.7000000000 3.0500000000 1.6400000000 
H 9.6200000000 3.3700000000 1.8100000000 
H 8.4800000000 3.3800000000 0.7200000000 
O 0.6800000000 0.6400000000 1.5900000000 
H 0.6800000000 0.7900000000 0.5900000000 
H 9.6300000000 0.9700000000 1.7300000000 
O 9.0300000000 3.5100000000 6.2400000000 
H 8.6200000000 4.0300000000 5.5000000000 
H 9.5500000000 2.8800000000 5.7500000000 
O 8.3300000000 8.4000000000 3.7400000000 
H 7.6500000000 8.1700000000 4.4200000000 
H 7.9600000000 9.1500000000 3.2500000000 
O 1.8400000000 8.4500000000 8.3300000000 
H 2.6300000000 8.4900000000 8.8700000000 
H 2.1300000000 9.1100000000 7.6500000000 
O 2.5300000000 5.7500000000 1.0700000000 
H 3.5400000000 5.5800000000 1.1100000000 
H 2.3000000000 6.7100000000 1.4200000000 
O 6.3200000000 8.3100000000 5.5300000000 
H 6.5100000000 8.9700000000 6.1800000000 
H 5.7200000000 7.7000000000 6.0000000000 

