&CONTROL
/
&SYSTEM
   ntyp             = 2
   nat              = 96
   ibrav            = 0
/
&ELECTRONS
/
&IONS
/
&CELL
/

ATOMIC_SPECIES
O 15.999 None
H 1.008 None

K_POINTS gamma

CELL_PARAMETERS angstrom
9.86520000000000 0.00000000000000 0.00000000000000
0.00000000000000 9.86520000000000 0.00000000000000
0.00000000000000 0.00000000000000 9.86520000000000

ATOMIC_POSITIONS angstrom
O 0.6200000000 0.6600000000 7.0800000000 
H 0.0700000000 9.6900000000 7.2300000000 
H 0.0800000000 1.2000000000 6.5100000000 
O 2.9300000000 7.7900000000 3.1500000000 
H 2.9800000000 7.2600000000 3.9800000000 
H 2.1000000000 7.4300000000 2.7500000000 
O 6.2400000000 1.1100000000 5.6500000000 
H 6.3900000000 1.8600000000 6.2500000000 
H 5.3500000000 0.8100000000 5.9000000000 
O 6.4100000000 1.4900000000 8.8900000000 
H 6.6200000000 0.8500000000 9.6800000000 
H 5.4700000000 1.7000000000 9.0500000000 
O 3.1900000000 4.1900000000 3.8900000000 
H 3.6100000000 4.8800000000 4.3900000000 
H 2.5200000000 4.0100000000 4.5300000000 
O 6.5200000000 5.0100000000 7.1800000000 
H 7.0200000000 4.9400000000 6.3100000000 
H 6.5300000000 5.9200000000 7.4200000000 
O 3.4700000000 0.7300000000 6.6000000000 
H 2.5000000000 0.5200000000 6.7000000000 
H 3.5100000000 1.5800000000 7.1300000000 
O 8.2100000000 0.2200000000 4.0800000000 
H 8.8300000000 0.8900000000 4.4300000000 
H 7.4300000000 0.4400000000 4.5500000000 
O 4.3900000000 3.4200000000 7.5500000000 
H 3.8800000000 4.0800000000 8.0500000000 
H 5.3000000000 3.8500000000 7.4700000000 
O 0.2900000000 7.2400000000 2.4500000000 
H 9.6700000000 6.3200000000 2.3800000000 
H 0.0600000000 7.4400000000 3.3900000000 
O 7.4400000000 7.5000000000 0.2400000000 
H 8.1800000000 8.0700000000 0.6200000000 
H 6.7600000000 7.5800000000 0.9300000000 
O 9.8400000000 5.5700000000 8.0800000000 
H 0.7400000000 5.4900000000 8.7600000000 
H 9.2300000000 4.8600000000 8.3600000000 
O 8.9700000000 4.6600000000 2.0100000000 
H 8.2500000000 4.8900000000 1.3800000000 
H 9.2600000000 3.8100000000 1.5600000000 
O 9.2300000000 8.0600000000 7.5800000000 
H 9.1400000000 8.5000000000 8.4600000000 
H 9.4200000000 7.1300000000 7.7700000000 
O 3.7900000000 0.7900000000 1.2900000000 
H 2.8600000000 0.5900000000 0.9300000000 
H 3.6200000000 0.7600000000 2.2500000000 
O 3.2800000000 1.3800000000 3.9000000000 
H 3.3400000000 1.0200000000 4.8100000000 
H 3.6400000000 2.2800000000 4.0100000000 
O 5.6300000000 2.9600000000 1.8500000000 
H 5.0000000000 2.2300000000 1.5900000000 
H 6.5300000000 2.5100000000 1.8300000000 
O 1.4700000000 1.4400000000 9.4800000000 
H 1.0600000000 1.4300000000 8.6100000000 
H 0.9900000000 2.0200000000 0.2400000000 
O 3.6700000000 6.0200000000 5.8800000000 
H 3.0200000000 5.4400000000 6.3900000000 
H 4.2300000000 6.4400000000 6.5400000000 
O 9.5400000000 6.7200000000 5.2100000000 
H 8.5700000000 6.7500000000 4.9300000000 
H 9.3800000000 7.3000000000 6.0500000000 
O 8.1900000000 3.5800000000 8.7900000000 
H 7.8000000000 2.6100000000 8.7500000000 
H 7.4700000000 4.1300000000 8.4400000000 
O 0.7100000000 2.1900000000 2.1200000000 
H 0.3200000000 1.9500000000 2.9600000000 
H 1.6600000000 2.2000000000 2.3300000000 
O 1.2800000000 4.4400000000 5.8800000000 
H 0.7700000000 4.6100000000 6.7400000000 
H 1.1900000000 5.3500000000 5.5000000000 
O 5.0600000000 7.4000000000 8.1700000000 
H 5.3700000000 8.0100000000 7.4600000000 
H 5.7200000000 7.5000000000 8.8800000000 
O 3.9100000000 5.4000000000 1.3800000000 
H 3.5900000000 5.0200000000 2.1800000000 
H 4.6000000000 4.6800000000 1.1600000000 
O 7.0200000000 7.5400000000 4.2200000000 
H 6.3300000000 7.5600000000 3.4500000000 
H 7.4900000000 8.3600000000 4.1900000000 
O 2.7900000000 5.6800000000 8.7700000000 
H 3.2600000000 6.4900000000 8.5500000000 
H 3.1100000000 5.4900000000 9.6900000000 
O 7.3000000000 4.3600000000 4.1600000000 
H 7.9900000000 4.6700000000 3.4900000000 
H 6.5500000000 3.9700000000 3.6400000000 
O 7.5200000000 0.8700000000 1.5600000000 
H 7.5000000000 0.4600000000 2.4700000000 
H 8.4100000000 0.5500000000 1.3000000000 
O 0.0200000000 9.0000000000 0.2900000000 
H 0.1700000000 8.6000000000 1.1600000000 
H 0.7900000000 9.6600000000 0.2600000000 
O 9.4200000000 2.4800000000 5.0200000000 
H 0.3200000000 3.1300000000 5.3300000000 
H 8.6900000000 2.9700000000 4.5200000000 
O 5.2500000000 8.3900000000 1.6300000000 
H 4.8600000000 9.2800000000 1.5000000000 
H 4.4200000000 7.9800000000 2.0100000000 

