&CONTROL
/
&SYSTEM
   ntyp             = 2
   nat              = 96
   ibrav            = 0
/
&ELECTRONS
/
&IONS
/
&CELL
/

ATOMIC_SPECIES
O 15.999 None
H 1.008 None

K_POINTS gamma

CELL_PARAMETERS angstrom
9.86520000000000 0.00000000000000 0.00000000000000
0.00000000000000 9.86520000000000 0.00000000000000
0.00000000000000 0.00000000000000 9.86520000000000

ATOMIC_POSITIONS angstrom
O 5.5000000000 1.3000000000 0.3800000000 
H 5.7100000000 0.6600000000 9.5100000000 
H 4.6600000000 0.8600000000 0.6300000000 
O 5.0600000000 9.0100000000 8.4200000000 
H 4.8500000000 8.0800000000 8.7400000000 
H 4.6200000000 8.9500000000 7.5400000000 
O 3.6300000000 8.0500000000 5.8300000000 
H 2.7100000000 8.2900000000 5.7300000000 
H 3.9300000000 8.3500000000 4.8900000000 
O 2.5300000000 1.9200000000 4.1800000000 
H 2.8400000000 1.8700000000 5.1400000000 
H 3.4600000000 1.9600000000 3.7900000000 
O 6.6200000000 3.5300000000 1.2000000000 
H 7.5000000000 3.2600000000 1.4800000000 
H 6.2500000000 2.7100000000 0.8200000000 
O 4.5900000000 4.3400000000 9.3900000000 
H 5.2500000000 4.4600000000 0.1800000000 
H 5.0300000000 4.0100000000 8.6000000000 
O 8.4500000000 3.2600000000 4.6200000000 
H 8.5500000000 3.3200000000 3.6100000000 
H 9.3200000000 3.4300000000 4.9800000000 
O 8.1500000000 9.6200000000 2.4100000000 
H 8.0700000000 9.2700000000 1.4800000000 
H 8.5900000000 8.8500000000 2.8200000000 
O 2.6200000000 8.6900000000 1.2100000000 
H 3.1700000000 8.4800000000 2.0600000000 
H 3.0900000000 8.2400000000 0.4900000000 
O 0.9700000000 6.3500000000 3.3300000000 
H 0.1300000000 6.7300000000 3.7000000000 
H 0.8800000000 6.6400000000 2.4500000000 
O 8.4200000000 7.3800000000 7.3800000000 
H 7.5600000000 7.0000000000 7.0200000000 
H 8.3400000000 8.3500000000 7.3200000000 
O 5.5800000000 3.9500000000 6.9000000000 
H 4.8300000000 3.3000000000 6.6100000000 
H 6.4000000000 3.3900000000 6.9200000000 
O 8.9300000000 0.1100000000 7.4900000000 
H 9.6000000000 0.4700000000 8.1200000000 
H 8.2400000000 0.7700000000 7.5200000000 
O 3.3600000000 2.0900000000 6.7100000000 
H 3.9100000000 1.4800000000 7.2200000000 
H 2.8100000000 2.5600000000 7.4200000000 
O 6.1000000000 0.5300000000 4.0600000000 
H 5.7400000000 1.3300000000 3.7000000000 
H 6.9000000000 0.3800000000 3.5200000000 
O 1.0400000000 9.3900000000 5.3600000000 
H 1.1200000000 0.3300000000 4.8200000000 
H 0.4600000000 9.7500000000 6.0900000000 
O 1.8000000000 3.5000000000 8.6000000000 
H 2.5400000000 3.6100000000 9.2700000000 
H 1.8400000000 4.2600000000 7.9600000000 
O 3.6400000000 6.8100000000 9.2500000000 
H 2.7400000000 6.6200000000 8.8700000000 
H 3.9900000000 5.8600000000 9.3300000000 
O 2.0400000000 2.9800000000 1.7600000000 
H 1.8400000000 2.6800000000 2.6800000000 
H 2.7900000000 3.5900000000 1.9000000000 
O 0.4600000000 5.9400000000 0.5800000000 
H 0.3500000000 4.9900000000 0.8600000000 
H 1.0000000000 5.8300000000 9.6500000000 
O 6.1900000000 6.5300000000 6.3300000000 
H 5.7700000000 5.6400000000 6.3700000000 
H 5.3800000000 7.0600000000 6.1100000000 
O 1.1500000000 4.2000000000 5.3500000000 
H 1.6500000000 3.6300000000 4.8200000000 
H 1.0100000000 5.0500000000 4.9000000000 
O 7.1600000000 1.7600000000 6.3000000000 
H 7.6300000000 2.3300000000 5.6600000000 
H 6.6500000000 1.1300000000 5.7200000000 
O 7.8200000000 7.4400000000 0.5600000000 
H 8.6800000000 6.9400000000 0.6100000000 
H 7.7500000000 7.5600000000 9.4400000000 
O 9.0700000000 2.3300000000 1.9500000000 
H 0.1100000000 2.4200000000 1.5600000000 
H 8.8400000000 1.4300000000 1.7500000000 
O 1.2900000000 6.4200000000 7.5500000000 
H 1.6400000000 7.1300000000 6.9800000000 
H 0.3500000000 6.6800000000 7.7200000000 
O 3.3600000000 5.0900000000 3.1100000000 
H 3.9100000000 5.9100000000 2.9200000000 
H 2.5900000000 5.5000000000 3.4600000000 
O 8.7700000000 7.5300000000 4.4900000000 
H 9.1000000000 8.2400000000 5.1000000000 
H 8.0200000000 7.3100000000 5.0500000000 
O 4.8500000000 2.8700000000 3.3200000000 
H 5.4200000000 3.1300000000 2.5800000000 
H 4.2800000000 3.6100000000 3.3700000000 
O 5.7900000000 6.3000000000 2.1800000000 
H 6.3000000000 6.8500000000 1.4900000000 
H 6.0400000000 5.3200000000 2.0800000000 
O 0.9100000000 0.5400000000 9.6900000000 
H 1.3700000000 9.7100000000 0.3500000000 
H 1.3800000000 1.3400000000 0.0200000000 
O 4.4600000000 8.2400000000 3.2800000000 
H 4.9800000000 9.0700000000 3.4400000000 
H 5.2000000000 7.6600000000 3.1300000000 

