&CONTROL
/
&SYSTEM
   ntyp             = 2
   nat              = 96
   ibrav            = 0
/
&ELECTRONS
/
&IONS
/
&CELL
/

ATOMIC_SPECIES
O 15.999 None
H 1.008 None

K_POINTS gamma

CELL_PARAMETERS angstrom
9.86520000000000 0.00000000000000 0.00000000000000
0.00000000000000 9.86520000000000 0.00000000000000
0.00000000000000 0.00000000000000 9.86520000000000

ATOMIC_POSITIONS angstrom
O 4.4300000000 2.1700000000 7.0600000000 
H 4.6500000000 1.2300000000 7.0200000000 
H 5.2000000000 2.4000000000 7.6000000000 
O 2.3800000000 8.7100000000 0.3000000000 
H 3.0900000000 9.1700000000 9.6600000000 
H 2.7000000000 8.6700000000 1.1900000000 
O 6.8600000000 2.1600000000 1.5300000000 
H 7.1600000000 1.6000000000 2.2600000000 
H 6.4600000000 2.9100000000 2.0100000000 
O 7.2500000000 8.4200000000 8.2800000000 
H 8.0200000000 8.4300000000 8.8900000000 
H 7.1800000000 7.4700000000 8.0500000000 
O 1.9300000000 7.3800000000 7.3400000000 
H 1.9800000000 8.0000000000 8.1200000000 
H 1.0100000000 7.4900000000 6.9200000000 
O 7.4300000000 3.4800000000 5.4600000000 
H 6.9900000000 2.6600000000 5.8100000000 
H 8.1100000000 3.6800000000 6.1800000000 
O 1.5800000000 2.4500000000 6.2300000000 
H 2.4200000000 2.1300000000 6.6600000000 
H 1.7900000000 3.4400000000 6.0600000000 
O 7.1900000000 9.6500000000 3.7300000000 
H 8.0200000000 0.2800000000 4.0600000000 
H 6.5700000000 9.6700000000 4.4800000000 
O 4.5300000000 0.7600000000 1.1600000000 
H 4.1700000000 0.8700000000 2.0200000000 
H 5.3700000000 1.3100000000 1.2100000000 
O 0.1400000000 6.6700000000 1.9800000000 
H 9.3700000000 6.1800000000 2.5000000000 
H 0.8400000000 6.6000000000 2.6800000000 
O 6.6200000000 7.7000000000 1.9500000000 
H 5.7900000000 8.1600000000 1.8800000000 
H 7.0800000000 8.2800000000 2.6300000000 
O 3.1000000000 4.1000000000 9.1600000000 
H 4.0000000000 3.7700000000 9.3000000000 
H 3.0000000000 3.8200000000 8.2200000000 
O 5.8700000000 3.6900000000 9.0700000000 
H 6.3600000000 3.2300000000 9.7800000000 
H 6.1800000000 4.6300000000 9.2700000000 
O 5.0000000000 9.2000000000 5.7100000000 
H 5.7500000000 8.5800000000 5.9400000000 
H 4.4900000000 9.2100000000 6.5800000000 
O 4.5100000000 9.5400000000 8.5900000000 
H 5.3800000000 9.0500000000 8.5200000000 
H 4.5100000000 0.0700000000 9.5400000000 
O 9.6100000000 0.8700000000 4.4400000000 
H 0.3800000000 1.3100000000 5.1000000000 
H 9.7200000000 1.4500000000 3.6700000000 
O 5.5900000000 6.2600000000 5.8800000000 
H 5.8500000000 5.4900000000 5.4100000000 
H 4.6200000000 6.1100000000 5.9900000000 
O 9.3500000000 3.6100000000 7.4900000000 
H 9.8600000000 4.1900000000 8.1600000000 
H 0.1400000000 2.9900000000 7.0500000000 
O 4.1300000000 6.5100000000 0.5200000000 
H 4.3000000000 7.2600000000 9.7500000000 
H 3.8800000000 5.7400000000 9.8400000000 
O 7.0800000000 1.2000000000 7.4900000000 
H 7.6200000000 1.6000000000 8.1300000000 
H 7.1200000000 0.2500000000 7.7000000000 
O 0.5900000000 5.3100000000 9.5700000000 
H 0.4500000000 5.7800000000 0.5500000000 
H 1.4700000000 4.9700000000 9.5600000000 
O 9.8400000000 2.6300000000 2.2900000000 
H 9.4200000000 3.5200000000 2.3800000000 
H 9.6000000000 2.2900000000 1.4500000000 
O 2.5400000000 6.4900000000 3.1900000000 
H 2.6100000000 7.4400000000 3.2200000000 
H 2.6400000000 6.3900000000 2.1900000000 
O 9.4700000000 8.5500000000 0.2100000000 
H 9.5900000000 7.9000000000 0.9400000000 
H 0.5600000000 8.9200000000 0.2000000000 
O 2.5700000000 1.7800000000 2.8000000000 
H 3.0500000000 2.5000000000 3.3400000000 
H 1.6600000000 2.1100000000 2.6700000000 
O 8.0700000000 4.9100000000 3.0800000000 
H 7.6900000000 4.3200000000 3.8200000000 
H 7.2300000000 5.3500000000 2.8500000000 
O 7.3600000000 5.8900000000 9.6900000000 
H 8.3300000000 5.8100000000 9.6100000000 
H 7.2700000000 6.4300000000 0.6900000000 
O 2.4100000000 5.2900000000 5.7200000000 
H 2.3000000000 5.7200000000 4.8400000000 
H 2.2800000000 6.0500000000 6.3600000000 
O 3.5500000000 9.1400000000 3.3900000000 
H 3.1200000000 0.1300000000 3.5100000000 
H 3.9900000000 8.8700000000 4.2000000000 
O 9.3600000000 8.3900000000 6.0600000000 
H 9.7300000000 8.8100000000 5.3000000000 
H 8.6700000000 9.0500000000 6.3700000000 
O 3.7900000000 3.4400000000 4.4000000000 
H 3.4200000000 4.2600000000 4.7400000000 
H 4.1200000000 3.0000000000 5.2000000000 
O 5.3500000000 4.6100000000 2.2500000000 
H 5.1400000000 5.4700000000 1.9400000000 
H 4.5600000000 4.3000000000 2.7600000000 

