&CONTROL
/
&SYSTEM
   ntyp             = 2
   nat              = 96
   ibrav            = 0
/
&ELECTRONS
/
&IONS
/
&CELL
/

ATOMIC_SPECIES
O 15.999 None
H 1.008 None

K_POINTS gamma

CELL_PARAMETERS angstrom
9.86520000000000 0.00000000000000 0.00000000000000
0.00000000000000 9.86520000000000 0.00000000000000
0.00000000000000 0.00000000000000 9.86520000000000

ATOMIC_POSITIONS angstrom
O 9.1500000000 5.3700000000 7.6800000000 
H 9.4900000000 4.5200000000 8.1600000000 
H 8.3500000000 5.1900000000 7.2200000000 
O 2.7400000000 9.2700000000 8.1700000000 
H 2.4000000000 8.3500000000 8.1300000000 
H 1.8900000000 9.7700000000 8.4100000000 
O 0.1000000000 4.7300000000 4.8900000000 
H 9.7100000000 4.6000000000 3.9400000000 
H 9.5300000000 3.9300000000 5.2900000000 
O 6.4400000000 9.1900000000 3.3100000000 
H 5.8700000000 9.5900000000 4.0100000000 
H 5.8100000000 9.0900000000 2.5900000000 
O 1.3300000000 0.3300000000 4.7000000000 
H 0.5900000000 0.9900000000 4.9600000000 
H 1.0100000000 9.4300000000 5.1600000000 
O 2.0300000000 2.6000000000 6.4100000000 
H 1.1000000000 2.3000000000 6.3900000000 
H 2.1100000000 3.3600000000 7.0100000000 
O 0.4000000000 0.4700000000 9.8500000000 
H 9.7300000000 9.5100000000 9.8000000000 
H 1.2500000000 0.3800000000 0.5300000000 
O 6.9000000000 2.9100000000 0.1500000000 
H 6.2400000000 3.2600000000 9.3900000000 
H 6.3000000000 2.6700000000 0.8600000000 
O 2.3900000000 3.6500000000 9.3800000000 
H 1.5800000000 3.7400000000 8.8100000000 
H 2.3700000000 4.3600000000 0.2000000000 
O 4.6500000000 6.5600000000 1.1900000000 
H 3.8700000000 6.8500000000 1.7800000000 
H 4.7500000000 7.3700000000 0.6400000000 
O 1.6600000000 6.9400000000 8.2300000000 
H 0.7200000000 6.8900000000 8.0400000000 
H 1.5700000000 6.4800000000 9.1000000000 
O 9.2100000000 1.9900000000 5.5700000000 
H 8.4000000000 1.8600000000 6.0900000000 
H 8.9300000000 1.7700000000 4.6700000000 
O 5.0900000000 4.3600000000 8.7600000000 
H 4.2200000000 3.8900000000 8.8300000000 
H 5.0200000000 5.1900000000 9.2600000000 
O 5.4200000000 2.6000000000 2.3700000000 
H 4.7700000000 1.9200000000 2.4100000000 
H 5.0100000000 3.3300000000 2.9300000000 
O 4.2500000000 9.2800000000 0.7800000000 
H 4.0100000000 0.2200000000 1.2900000000 
H 3.9500000000 9.5600000000 9.7700000000 
O 2.3700000000 5.4600000000 5.9300000000 
H 2.1800000000 6.0300000000 6.7700000000 
H 1.4800000000 5.3400000000 5.5900000000 
O 9.4700000000 3.0800000000 9.2600000000 
H 8.5400000000 3.0000000000 9.5300000000 
H 9.6900000000 2.1900000000 9.6400000000 
O 2.5100000000 1.4500000000 1.3300000000 
H 2.1300000000 1.8300000000 2.1400000000 
H 2.3600000000 2.1800000000 0.6400000000 
O 1.5800000000 5.8700000000 0.8400000000 
H 0.6600000000 6.2700000000 1.0200000000 
H 2.1500000000 6.0100000000 1.6400000000 
O 8.2600000000 1.7700000000 3.1600000000 
H 7.5600000000 1.0700000000 3.0900000000 
H 7.8200000000 2.4700000000 2.6400000000 
O 9.1000000000 4.6900000000 2.3100000000 
H 9.0300000000 4.2600000000 1.4300000000 
H 8.4200000000 5.3800000000 2.2900000000 
O 7.4800000000 8.1800000000 5.5600000000 
H 7.1500000000 8.3600000000 4.6900000000 
H 6.8600000000 7.4100000000 5.6700000000 
O 0.2400000000 7.5000000000 4.9800000000 
H 0.1100000000 6.5300000000 5.0300000000 
H 9.1500000000 7.8400000000 4.9400000000 
O 4.4400000000 1.4300000000 7.4900000000 
H 3.8200000000 2.1300000000 7.2500000000 
H 3.8200000000 0.7200000000 7.7100000000 
O 2.4600000000 6.7400000000 3.4100000000 
H 1.6900000000 7.2500000000 3.6400000000 
H 2.8700000000 6.5100000000 4.2300000000 
O 8.4400000000 8.8400000000 8.1000000000 
H 7.9700000000 8.4000000000 7.3200000000 
H 8.2800000000 9.7700000000 7.9000000000 
O 2.6500000000 3.1200000000 3.6000000000 
H 2.2800000000 3.9800000000 4.0100000000 
H 2.8000000000 2.5500000000 4.3800000000 
O 7.1600000000 1.4000000000 7.4600000000 
H 6.1700000000 1.2000000000 7.3800000000 
H 7.1500000000 1.8900000000 8.3200000000 
O 6.1600000000 5.7400000000 6.3900000000 
H 5.5500000000 5.5600000000 5.6000000000 
H 5.8100000000 5.0700000000 7.0900000000 
O 4.3600000000 0.4800000000 4.6600000000 
H 4.4800000000 0.8700000000 5.5600000000 
H 3.3800000000 0.3700000000 4.5800000000 
O 9.2700000000 7.6100000000 0.6400000000 
H 8.4400000000 7.4100000000 1.1600000000 
H 8.9500000000 8.0300000000 9.6200000000 
O 7.2300000000 6.6100000000 2.6600000000 
H 6.9900000000 7.5300000000 2.9000000000 
H 6.4000000000 6.3300000000 2.0800000000 

