&CONTROL
/
&SYSTEM
   ntyp             = 2
   nat              = 96
   ibrav            = 0
/
&ELECTRONS
/
&IONS
/
&CELL
/

ATOMIC_SPECIES
O 15.999 None
H 1.008 None

K_POINTS gamma

CELL_PARAMETERS angstrom
9.86520000000000 0.00000000000000 0.00000000000000
0.00000000000000 9.86520000000000 0.00000000000000
0.00000000000000 0.00000000000000 9.86520000000000

ATOMIC_POSITIONS angstrom
O 5.1900000000 1.9400000000 3.1900000000 
H 5.9300000000 2.3600000000 2.6400000000 
H 5.5400000000 1.9700000000 4.1400000000 
O 7.0000000000 9.2900000000 9.4100000000 
H 7.7000000000 9.6500000000 8.9100000000 
H 7.1600000000 9.7000000000 0.3700000000 
O 1.4600000000 4.7400000000 6.8800000000 
H 0.9300000000 5.5800000000 6.8800000000 
H 2.4200000000 5.0300000000 6.9200000000 
O 1.1200000000 2.1300000000 6.9000000000 
H 1.1300000000 3.1300000000 6.9000000000 
H 1.5500000000 1.9300000000 7.8000000000 
O 8.4300000000 0.9700000000 1.2200000000 
H 8.5600000000 1.5200000000 2.0100000000 
H 9.4000000000 1.0100000000 0.9400000000 
O 4.3200000000 4.8100000000 8.3800000000 
H 5.1300000000 5.3800000000 8.5300000000 
H 4.3500000000 4.8100000000 7.3800000000 
O 8.4800000000 5.7900000000 2.6500000000 
H 9.1400000000 5.1300000000 2.6600000000 
H 8.9900000000 6.6200000000 2.4300000000 
O 0.1400000000 6.6600000000 9.4700000000 
H 9.7500000000 7.4000000000 0.1600000000 
H 1.0000000000 6.3700000000 9.8100000000 
O 4.4200000000 7.5400000000 1.5700000000 
H 3.8300000000 8.3400000000 1.5700000000 
H 5.2400000000 7.8700000000 2.0000000000 
O 0.5300000000 4.2500000000 4.2600000000 
H 1.5000000000 4.2300000000 4.0600000000 
H 0.6300000000 4.3900000000 5.1500000000 
O 4.4400000000 7.9500000000 6.9700000000 
H 3.5800000000 8.3500000000 6.7400000000 
H 4.3900000000 7.0400000000 6.5700000000 
O 6.2600000000 6.0900000000 9.6700000000 
H 5.8500000000 6.8600000000 0.3000000000 
H 7.2600000000 6.2200000000 9.6600000000 
O 8.3600000000 0.6400000000 7.2500000000 
H 7.8200000000 1.4500000000 7.4700000000 
H 9.2500000000 1.0300000000 7.0700000000 
O 7.2800000000 2.8400000000 8.6800000000 
H 6.5700000000 3.0100000000 9.3300000000 
H 8.0800000000 2.8400000000 9.2500000000 
O 3.0300000000 9.8100000000 2.7000000000 
H 2.4100000000 0.1500000000 3.4300000000 
H 3.6500000000 0.6900000000 2.9200000000 
O 1.0300000000 0.8700000000 4.3800000000 
H 1.1200000000 1.3200000000 5.2800000000 
H 0.1500000000 1.1900000000 4.1300000000 
O 8.5700000000 2.3400000000 3.6900000000 
H 9.3200000000 2.9800000000 3.7500000000 
H 8.0000000000 2.7000000000 4.4600000000 
O 3.3500000000 4.2200000000 3.3900000000 
H 2.9700000000 4.5200000000 2.5200000000 
H 3.7600000000 3.3700000000 3.2300000000 
O 1.1400000000 0.2600000000 0.4800000000 
H 1.8100000000 0.0800000000 1.2200000000 
H 1.6100000000 0.7900000000 9.6700000000 
O 2.7400000000 2.4200000000 8.9600000000 
H 3.3300000000 3.1600000000 8.6300000000 
H 3.4900000000 1.7700000000 9.0800000000 
O 4.3900000000 0.3500000000 8.5400000000 
H 4.3400000000 9.3100000000 8.1300000000 
H 5.3400000000 0.3800000000 8.6100000000 
O 6.9600000000 6.3200000000 4.8200000000 
H 6.6500000000 7.2600000000 4.8100000000 
H 7.3700000000 6.2200000000 3.9100000000 
O 7.4700000000 3.4800000000 6.0000000000 
H 7.6000000000 4.4200000000 5.7700000000 
H 7.3600000000 3.3900000000 6.9300000000 
O 9.3500000000 8.2200000000 1.9600000000 
H 8.4200000000 8.5500000000 2.2500000000 
H 9.7900000000 9.0400000000 1.6900000000 
O 9.6600000000 3.5400000000 0.0400000000 
H 9.7800000000 4.3100000000 9.2800000000 
H 0.7100000000 3.3000000000 0.2600000000 
O 1.9600000000 8.2200000000 5.8300000000 
H 1.6600000000 9.0900000000 5.4600000000 
H 1.1300000000 7.7400000000 5.9500000000 
O 4.3600000000 5.2600000000 5.6200000000 
H 3.8500000000 4.9000000000 4.8800000000 
H 5.2100000000 5.4400000000 5.2100000000 
O 6.6000000000 9.0300000000 5.5300000000 
H 7.3800000000 9.5000000000 6.1100000000 
H 5.8500000000 8.8000000000 6.1900000000 
O 6.5500000000 3.8800000000 1.6100000000 
H 6.4200000000 4.6900000000 1.0300000000 
H 7.3800000000 4.1500000000 2.0600000000 
O 9.5100000000 6.8900000000 6.6100000000 
H 9.4700000000 7.0100000000 7.5500000000 
H 8.5500000000 6.8200000000 6.3700000000 
O 2.5500000000 5.3900000000 0.7400000000 
H 3.2400000000 5.9700000000 1.2300000000 
H 2.9300000000 5.1000000000 9.7100000000 
O 6.2800000000 9.0100000000 2.8100000000 
H 6.1500000000 9.0200000000 3.8400000000 
H 6.1000000000 0.0700000000 2.6100000000 

