&CONTROL
/
&SYSTEM
   ntyp             = 2
   nat              = 96
   ibrav            = 0
/
&ELECTRONS
/
&IONS
/
&CELL
/

ATOMIC_SPECIES
O 15.999 None
H 1.008 None

K_POINTS gamma

CELL_PARAMETERS angstrom
9.86520000000000 0.00000000000000 0.00000000000000
0.00000000000000 9.86520000000000 0.00000000000000
0.00000000000000 0.00000000000000 9.86520000000000

ATOMIC_POSITIONS angstrom
O 5.4900000000 6.6300000000 0.6500000000 
H 5.4300000000 6.2200000000 1.5600000000 
H 6.3500000000 7.1700000000 0.6700000000 
O 8.3600000000 0.1100000000 0.2900000000 
H 9.0200000000 0.2500000000 9.4400000000 
H 7.8300000000 0.9400000000 0.5000000000 
O 9.3800000000 2.6400000000 7.2100000000 
H 8.5400000000 3.0100000000 7.5600000000 
H 0.0000000000 3.5100000000 6.9600000000 
O 1.3500000000 0.7600000000 4.4600000000 
H 2.2000000000 0.3700000000 4.1800000000 
H 1.1600000000 1.4900000000 3.8200000000 
O 4.7600000000 1.3700000000 2.9200000000 
H 4.7900000000 1.6900000000 3.8900000000 
H 5.6000000000 1.7400000000 2.5000000000 
O 3.4500000000 5.9100000000 5.5300000000 
H 3.6900000000 5.7200000000 6.4300000000 
H 2.5600000000 5.5700000000 5.4600000000 
O 5.1300000000 5.2500000000 3.0400000000 
H 4.7200000000 4.4200000000 2.7100000000 
H 4.4500000000 5.6400000000 3.6200000000 
O 7.3700000000 7.4700000000 8.6600000000 
H 7.5900000000 8.3300000000 9.0800000000 
H 6.5200000000 7.6100000000 8.1500000000 
O 1.9000000000 8.7600000000 9.0600000000 
H 2.0100000000 9.1900000000 8.1800000000 
H 2.4200000000 9.2700000000 9.7600000000 
O 8.6000000000 5.5900000000 3.3600000000 
H 9.4700000000 5.5300000000 3.8300000000 
H 8.6500000000 6.5500000000 3.0800000000 
O 5.1800000000 9.0300000000 6.5200000000 
H 5.7400000000 9.2700000000 5.8200000000 
H 4.4100000000 8.7700000000 5.9900000000 
O 7.4000000000 4.6700000000 8.2700000000 
H 7.0200000000 4.9200000000 7.4100000000 
H 7.2500000000 5.5000000000 8.8300000000 
O 2.0000000000 0.8800000000 7.0900000000 
H 1.3400000000 1.4800000000 7.4500000000 
H 1.7200000000 0.7700000000 6.1200000000 
O 6.5900000000 2.2900000000 0.2500000000 
H 6.9700000000 2.6000000000 1.1200000000 
H 6.1000000000 3.0700000000 9.7400000000 
O 3.2000000000 3.7600000000 9.5400000000 
H 3.4700000000 4.5600000000 8.9200000000 
H 2.6500000000 4.2000000000 0.3300000000 
O 0.4000000000 7.6200000000 5.2400000000 
H 9.5600000000 8.3400000000 5.0600000000 
H 1.3100000000 7.9700000000 5.2000000000 
O 0.5600000000 2.5800000000 2.6600000000 
H 0.9100000000 3.4000000000 2.4400000000 
H 0.1600000000 2.2900000000 1.8000000000 
O 5.5100000000 2.0500000000 5.3200000000 
H 5.0200000000 2.1200000000 6.2400000000 
H 6.3300000000 2.6700000000 5.5200000000 
O 3.2600000000 9.5200000000 1.3500000000 
H 3.6600000000 0.4000000000 1.9200000000 
H 4.0600000000 9.3300000000 0.8400000000 
O 4.4400000000 2.1500000000 7.7700000000 
H 3.9100000000 2.6800000000 8.3900000000 
H 3.7700000000 1.4300000000 7.5600000000 
O 5.3200000000 9.4600000000 9.2600000000 
H 5.0200000000 9.3800000000 8.3300000000 
H 5.5600000000 0.5400000000 9.4000000000 
O 3.2500000000 8.3900000000 4.4500000000 
H 2.6900000000 8.0400000000 3.6900000000 
H 3.5900000000 7.5900000000 4.9400000000 
O 8.5000000000 1.3600000000 4.7800000000 
H 8.5400000000 1.6300000000 5.7100000000 
H 9.4600000000 1.4100000000 4.4200000000 
O 0.6200000000 5.1100000000 6.5900000000 
H 0.6800000000 5.5400000000 7.4600000000 
H 0.4000000000 5.9400000000 6.0100000000 
O 1.3600000000 4.9500000000 1.5100000000 
H 0.9700000000 5.0800000000 0.6800000000 
H 1.4600000000 5.8700000000 1.8500000000 
O 3.7000000000 6.2600000000 8.4000000000 
H 3.0700000000 7.0100000000 8.4900000000 
H 4.3200000000 6.5000000000 9.0900000000 
O 6.5800000000 4.6900000000 5.3800000000 
H 7.2800000000 4.9700000000 4.7500000000 
H 5.8700000000 5.2500000000 5.1000000000 
O 6.6500000000 9.1200000000 3.9900000000 
H 7.2800000000 9.8400000000 4.1100000000 
H 5.7800000000 9.5500000000 3.8200000000 
O 7.4800000000 2.7500000000 2.7200000000 
H 7.7200000000 3.6500000000 2.9000000000 
H 7.6600000000 2.4200000000 3.6500000000 
O 0.2000000000 6.5400000000 8.9400000000 
H 0.5700000000 7.4300000000 8.9400000000 
H 9.1100000000 6.6900000000 9.0100000000 
O 1.6000000000 7.4800000000 2.1700000000 
H 0.8000000000 8.0500000000 2.3000000000 
H 2.1700000000 8.0800000000 1.7000000000 
O 8.9600000000 8.4400000000 2.4400000000 
H 8.6100000000 8.8900000000 1.5900000000 
H 8.2600000000 8.6000000000 3.1100000000 

