&CONTROL
/
&SYSTEM
   ntyp             = 2
   nat              = 96
   ibrav            = 0
/
&ELECTRONS
/
&IONS
/
&CELL
/

ATOMIC_SPECIES
O 15.999 None
H 1.008 None

K_POINTS gamma

CELL_PARAMETERS angstrom
9.86520000000000 0.00000000000000 0.00000000000000
0.00000000000000 9.86520000000000 0.00000000000000
0.00000000000000 0.00000000000000 9.86520000000000

ATOMIC_POSITIONS angstrom
O 1.4800000000 3.6200000000 3.8400000000 
H 1.5800000000 4.3100000000 4.5300000000 
H 2.3900000000 3.3800000000 3.6100000000 
O 6.1200000000 7.6300000000 3.3100000000 
H 7.0500000000 7.8300000000 3.2700000000 
H 5.6600000000 8.2100000000 2.6800000000 
O 7.3100000000 4.3800000000 1.3600000000 
H 7.8700000000 4.5400000000 2.1700000000 
H 7.7200000000 3.5900000000 1.0200000000 
O 8.6100000000 8.2700000000 2.4300000000 
H 8.3600000000 8.9300000000 1.7800000000 
H 9.0800000000 7.6400000000 1.8000000000 
O 0.5700000000 7.4100000000 0.4400000000 
H 1.0300000000 7.9300000000 9.6000000000 
H 1.3100000000 7.1100000000 0.9500000000 
O 6.3500000000 7.9300000000 5.9800000000 
H 6.4800000000 8.9200000000 5.9700000000 
H 6.1100000000 7.6800000000 5.0700000000 
O 2.3700000000 8.1500000000 5.4900000000 
H 3.2300000000 8.6500000000 5.3700000000 
H 1.7300000000 8.5500000000 4.8700000000 
O 7.5800000000 9.4700000000 0.3000000000 
H 7.5900000000 8.9300000000 9.3200000000 
H 7.7100000000 0.5300000000 0.0100000000 
O 9.5800000000 0.0900000000 6.7000000000 
H 9.8300000000 0.0700000000 5.7600000000 
H 8.8900000000 9.2800000000 6.5600000000 
O 2.4900000000 2.0400000000 6.1900000000 
H 1.7400000000 1.4700000000 6.2300000000 
H 3.0400000000 1.3700000000 5.6200000000 
O 2.3800000000 1.3300000000 0.3000000000 
H 2.3200000000 0.5700000000 9.6100000000 
H 3.3700000000 1.5000000000 0.3000000000 
O 3.7300000000 5.9700000000 9.1800000000 
H 4.5200000000 6.4900000000 9.1700000000 
H 3.8200000000 5.5100000000 0.2000000000 
O 6.4900000000 6.6500000000 9.5300000000 
H 7.1300000000 6.1900000000 8.9300000000 
H 6.7900000000 6.3300000000 0.5000000000 
O 2.8500000000 7.6000000000 2.1100000000 
H 3.2000000000 7.5700000000 2.9500000000 
H 3.3000000000 8.3000000000 1.6700000000 
O 2.3300000000 8.3600000000 8.3900000000 
H 2.4000000000 8.3800000000 7.3400000000 
H 2.6900000000 7.4500000000 8.5400000000 
O 4.1400000000 4.4700000000 6.7700000000 
H 3.8900000000 4.8900000000 7.5600000000 
H 3.4500000000 3.8500000000 6.5900000000 
O 5.4100000000 1.7200000000 9.7200000000 
H 6.2900000000 1.7600000000 9.3900000000 
H 5.2300000000 2.6300000000 9.7100000000 
O 1.5700000000 5.4000000000 5.6800000000 
H 1.1000000000 5.3300000000 6.5200000000 
H 1.6700000000 6.3900000000 5.5600000000 
O 0.3900000000 1.5200000000 2.6000000000 
H 1.1300000000 1.1700000000 1.9900000000 
H 0.7400000000 2.3300000000 2.9800000000 
O 6.6400000000 3.3100000000 7.0100000000 
H 5.7100000000 3.6400000000 7.0400000000 
H 7.1800000000 4.0600000000 6.8000000000 
O 8.4600000000 3.9900000000 4.2500000000 
H 9.4300000000 3.9800000000 4.2500000000 
H 8.1600000000 4.5800000000 4.9800000000 
O 9.2800000000 5.6200000000 8.7000000000 
H 9.5700000000 6.3000000000 9.3200000000 
H 0.2400000000 5.0100000000 8.8200000000 
O 4.2200000000 4.5200000000 1.6600000000 
H 3.8400000000 5.0900000000 2.3300000000 
H 5.2100000000 4.4900000000 1.7900000000 
O 6.7100000000 0.7600000000 5.4700000000 
H 6.7700000000 1.5500000000 6.0200000000 
H 7.2100000000 1.1700000000 4.7000000000 
O 0.3400000000 9.3600000000 4.1800000000 
H 9.8400000000 8.6500000000 3.6200000000 
H 0.2400000000 0.2200000000 3.5500000000 
O 8.1700000000 2.1300000000 9.1800000000 
H 7.7800000000 2.4400000000 8.3100000000 
H 9.1300000000 2.0500000000 9.0000000000 
O 4.3000000000 5.6600000000 4.1900000000 
H 5.0400000000 6.1600000000 4.1700000000 
H 4.2800000000 5.3600000000 5.1100000000 
O 7.6200000000 1.6300000000 3.0400000000 
H 7.8600000000 2.5800000000 3.2200000000 
H 8.5300000000 1.3400000000 2.8600000000 
O 4.2900000000 0.2400000000 4.4300000000 
H 4.5300000000 0.1200000000 3.4700000000 
H 5.2400000000 0.4400000000 4.7700000000 
O 1.0200000000 3.0700000000 8.4900000000 
H 1.4200000000 2.3800000000 9.0500000000 
H 1.5300000000 2.9500000000 7.6500000000 
O 5.2000000000 0.0500000000 1.8600000000 
H 5.1600000000 0.6500000000 1.0700000000 
H 6.2000000000 0.0400000000 1.9800000000 
O 7.8900000000 5.6300000000 6.4600000000 
H 7.2100000000 6.2600000000 6.5300000000 
H 8.4200000000 5.8000000000 7.3700000000 

