&CONTROL
/
&SYSTEM
   ntyp             = 2
   nat              = 96
   ibrav            = 0
/
&ELECTRONS
/
&IONS
/
&CELL
/

ATOMIC_SPECIES
O 15.999 None
H 1.008 None

K_POINTS gamma

CELL_PARAMETERS angstrom
9.86520000000000 0.00000000000000 0.00000000000000
0.00000000000000 9.86520000000000 0.00000000000000
0.00000000000000 0.00000000000000 9.86520000000000

ATOMIC_POSITIONS angstrom
O 4.6400000000 6.6300000000 8.1200000000 
H 3.8600000000 6.0800000000 8.0100000000 
H 4.3600000000 7.2000000000 8.8800000000 
O 5.6400000000 7.9900000000 1.4400000000 
H 4.7000000000 7.6200000000 1.4100000000 
H 5.7300000000 8.4000000000 0.5600000000 
O 8.4600000000 2.9000000000 6.6600000000 
H 8.4000000000 2.6300000000 7.5600000000 
H 9.0900000000 3.6800000000 6.7000000000 
O 5.4000000000 9.3700000000 8.8600000000 
H 5.2600000000 9.2600000000 7.8900000000 
H 4.7100000000 0.2500000000 9.0200000000 
O 1.9500000000 9.0800000000 8.1300000000 
H 2.3900000000 0.0400000000 8.5000000000 
H 1.7700000000 8.5700000000 8.8800000000 
O 3.3200000000 2.3000000000 5.4100000000 
H 4.0900000000 1.7500000000 5.1300000000 
H 2.7400000000 2.3000000000 4.6400000000 
O 1.5600000000 1.8300000000 2.9100000000 
H 1.9400000000 0.9100000000 2.8700000000 
H 0.5900000000 1.6500000000 2.8600000000 
O 8.2600000000 8.9800000000 8.3300000000 
H 7.4200000000 9.1000000000 8.8200000000 
H 8.9900000000 9.1400000000 8.9100000000 
O 3.8100000000 3.1500000000 1.6400000000 
H 2.9300000000 3.0700000000 2.1200000000 
H 4.4100000000 3.5500000000 2.2400000000 
O 9.8400000000 5.3300000000 6.3800000000 
H 0.1000000000 5.8200000000 5.5400000000 
H 9.1500000000 5.8900000000 6.8500000000 
O 1.2300000000 5.4700000000 2.5300000000 
H 1.9000000000 5.1200000000 3.2600000000 
H 0.7300000000 6.1300000000 3.0700000000 
O 7.1600000000 3.3900000000 2.1600000000 
H 6.8300000000 4.1100000000 1.5300000000 
H 7.1100000000 3.6900000000 3.1000000000 
O 2.4600000000 4.5400000000 7.1500000000 
H 2.7000000000 3.7500000000 6.6400000000 
H 1.5100000000 4.6900000000 6.8500000000 
O 5.1700000000 1.2900000000 3.5100000000 
H 4.6400000000 0.7400000000 2.8600000000 
H 5.3600000000 2.0800000000 2.9600000000 
O 3.3700000000 6.6400000000 1.1300000000 
H 2.5000000000 6.4400000000 0.7000000000 
H 3.7200000000 5.7600000000 1.2500000000 
O 1.8300000000 9.3500000000 5.5500000000 
H 1.9100000000 8.9600000000 6.4500000000 
H 2.1600000000 0.3900000000 5.7000000000 
O 1.0600000000 3.6600000000 0.1000000000 
H 0.9700000000 4.5000000000 9.5200000000 
H 1.1800000000 3.9200000000 0.9800000000 
O 6.3200000000 4.2300000000 4.7200000000 
H 6.7700000000 3.7300000000 5.4400000000 
H 6.1100000000 5.0600000000 5.1700000000 
O 2.0900000000 9.1200000000 2.6600000000 
H 1.9900000000 8.7000000000 3.5500000000 
H 2.6300000000 8.4500000000 2.1900000000 
O 3.4600000000 1.6000000000 9.1900000000 
H 3.0700000000 2.3000000000 8.6500000000 
H 3.5800000000 2.0900000000 0.1900000000 
O 7.4300000000 7.4700000000 3.6100000000 
H 6.7400000000 7.0900000000 4.2800000000 
H 6.8400000000 7.6100000000 2.8200000000 
O 0.2100000000 7.3800000000 4.2900000000 
H 9.1100000000 7.5500000000 4.0400000000 
H 0.5000000000 8.2100000000 4.7600000000 
O 6.9000000000 5.4400000000 0.4700000000 
H 7.2800000000 5.5100000000 9.4700000000 
H 6.9100000000 6.3400000000 0.9000000000 
O 8.9400000000 1.3700000000 2.5300000000 
H 8.2300000000 2.0200000000 2.3600000000 
H 8.8000000000 1.0900000000 3.4500000000 
O 5.0400000000 6.7200000000 5.3800000000 
H 4.6400000000 6.5000000000 6.2000000000 
H 5.1300000000 7.7000000000 5.4200000000 
O 7.5700000000 6.4600000000 7.6400000000 
H 6.5900000000 6.5900000000 7.7100000000 
H 7.9000000000 7.3300000000 7.8900000000 
O 3.5100000000 4.7500000000 4.0100000000 
H 4.0100000000 5.4800000000 4.3600000000 
H 3.5700000000 4.0300000000 4.6700000000 
O 8.4300000000 0.4000000000 5.7800000000 
H 8.4500000000 1.3400000000 6.1800000000 
H 8.5200000000 9.7500000000 6.6200000000 
O 8.6000000000 2.4500000000 9.4100000000 
H 9.5000000000 2.7200000000 9.6000000000 
H 8.3100000000 2.2800000000 0.4200000000 
O 0.6300000000 6.5400000000 0.0600000000 
H 0.1300000000 7.4000000000 0.0700000000 
H 0.4300000000 6.0600000000 0.9200000000 
O 0.1300000000 9.3400000000 0.5900000000 
H 0.7500000000 9.1900000000 1.3700000000 
H 9.7100000000 0.3400000000 0.8100000000 
O 5.7900000000 9.5400000000 5.5600000000 
H 5.6800000000 0.4900000000 4.9800000000 
H 6.7200000000 9.4100000000 5.6200000000 

