&CONTROL
/
&SYSTEM
   ntyp             = 2
   nat              = 96
   ibrav            = 0
/
&ELECTRONS
/
&IONS
/
&CELL
/

ATOMIC_SPECIES
O 15.999 None
H 1.008 None

K_POINTS gamma

CELL_PARAMETERS angstrom
9.86520000000000 0.00000000000000 0.00000000000000
0.00000000000000 9.86520000000000 0.00000000000000
0.00000000000000 0.00000000000000 9.86520000000000

ATOMIC_POSITIONS angstrom
O 3.3200000000 6.6800000000 6.9400000000 
H 2.5100000000 7.0800000000 7.3800000000 
H 3.9500000000 7.4500000000 7.0500000000 
O 2.0700000000 1.5700000000 2.3800000000 
H 1.5300000000 2.3800000000 2.2300000000 
H 1.7600000000 1.2900000000 3.2900000000 
O 7.1900000000 3.2400000000 2.6500000000 
H 6.5900000000 3.6300000000 2.0100000000 
H 6.7900000000 3.3800000000 3.5500000000 
O 6.1100000000 8.7500000000 0.3600000000 
H 5.6800000000 9.4300000000 0.9800000000 
H 6.1500000000 7.9300000000 0.9500000000 
O 1.4900000000 9.5300000000 4.4600000000 
H 0.8300000000 9.8000000000 5.1800000000 
H 1.3100000000 8.5500000000 4.4100000000 
O 7.1400000000 9.4000000000 5.8500000000 
H 6.2600000000 9.4800000000 5.4900000000 
H 7.0600000000 8.8900000000 6.7000000000 
O 8.2600000000 1.8500000000 5.1900000000 
H 7.9800000000 2.2700000000 4.3700000000 
H 7.6300000000 1.0300000000 5.1800000000 
O 0.0400000000 3.6400000000 2.4600000000 
H 9.5600000000 4.5500000000 2.1500000000 
H 9.0600000000 3.0600000000 2.4100000000 
O 9.7000000000 8.3700000000 0.9900000000 
H 0.1100000000 7.4000000000 1.1000000000 
H 0.4800000000 8.8400000000 1.4500000000 
O 0.9400000000 8.3300000000 7.3500000000 
H 1.0700000000 7.8500000000 6.4900000000 
H 0.0600000000 8.7500000000 7.3300000000 
O 2.3500000000 4.4600000000 8.2400000000 
H 1.5800000000 4.9500000000 8.4800000000 
H 2.9900000000 5.1500000000 7.9600000000 
O 9.5700000000 1.4700000000 7.4000000000 
H 9.0300000000 1.1000000000 8.1400000000 
H 8.9200000000 1.4400000000 6.5600000000 
O 0.4400000000 5.9600000000 9.4000000000 
H 9.3900000000 5.6900000000 9.5100000000 
H 0.3800000000 6.8000000000 8.8500000000 
O 3.8900000000 2.2000000000 9.3600000000 
H 3.3200000000 1.4900000000 9.0200000000 
H 3.3800000000 2.9900000000 9.0900000000 
O 8.1200000000 5.9200000000 2.5200000000 
H 7.7000000000 5.9100000000 1.6400000000 
H 7.3400000000 6.3400000000 2.9700000000 
O 5.4600000000 3.3900000000 4.9000000000 
H 4.9300000000 2.6000000000 5.1800000000 
H 4.9200000000 4.1500000000 4.8300000000 
O 4.5400000000 0.3800000000 2.3800000000 
H 4.7700000000 1.0300000000 3.0700000000 
H 4.0300000000 1.0100000000 1.8500000000 
O 1.7600000000 4.3700000000 4.3800000000 
H 1.0400000000 4.0900000000 3.7600000000 
H 1.6500000000 3.7900000000 5.1400000000 
O 2.0700000000 0.3900000000 8.9400000000 
H 1.7800000000 9.5100000000 8.4200000000 
H 1.3200000000 1.0600000000 8.8100000000 
O 2.3200000000 2.5400000000 6.4800000000 
H 2.2500000000 3.2600000000 7.1100000000 
H 1.5000000000 2.0500000000 6.7200000000 
O 7.7300000000 5.1400000000 9.2800000000 
H 6.8600000000 4.7900000000 9.6400000000 
H 7.8200000000 4.7300000000 8.3900000000 
O 4.0600000000 5.8200000000 4.4200000000 
H 3.8300000000 6.0900000000 5.3400000000 
H 3.1600000000 5.3700000000 4.1700000000 
O 0.6600000000 7.0500000000 4.6400000000 
H 0.8600000000 6.0800000000 4.6500000000 
H 9.7100000000 7.0500000000 4.0700000000 
O 5.3100000000 7.3200000000 2.7100000000 
H 4.8400000000 8.1600000000 2.9300000000 
H 4.9200000000 6.6700000000 3.3600000000 
O 5.3500000000 4.3300000000 0.7500000000 
H 4.5200000000 4.8200000000 0.9600000000 
H 4.9700000000 3.5800000000 0.2000000000 
O 2.5900000000 8.3800000000 1.3800000000 
H 2.7000000000 9.0300000000 0.6600000000 
H 2.7700000000 9.0300000000 2.0900000000 
O 8.1800000000 0.4000000000 9.4000000000 
H 8.7500000000 9.6400000000 0.0400000000 
H 7.3100000000 9.8100000000 9.6100000000 
O 4.3900000000 8.8900000000 7.9500000000 
H 5.0000000000 8.5400000000 8.6600000000 
H 3.8500000000 9.5000000000 8.5000000000 
O 2.8400000000 5.6000000000 1.2500000000 
H 1.9500000000 5.5600000000 0.7800000000 
H 2.8400000000 6.6000000000 1.3800000000 
O 7.5700000000 4.1900000000 6.7300000000 
H 6.8900000000 3.7700000000 6.1700000000 
H 8.2000000000 3.4700000000 6.7000000000 
O 4.6100000000 0.5800000000 5.7200000000 
H 4.7000000000 0.2400000000 6.5500000000 
H 3.6900000000 0.2900000000 5.4900000000 
O 7.5000000000 7.2100000000 7.4500000000 
H 7.6100000000 6.3800000000 7.0400000000 
H 7.6200000000 7.0200000000 8.4200000000 

