&CONTROL
/
&SYSTEM
   ntyp             = 2
   nat              = 96
   ibrav            = 0
/
&ELECTRONS
/
&IONS
/
&CELL
/

ATOMIC_SPECIES
O 15.999 None
H 1.008 None

K_POINTS gamma

CELL_PARAMETERS angstrom
9.86520000000000 0.00000000000000 0.00000000000000
0.00000000000000 9.86520000000000 0.00000000000000
0.00000000000000 0.00000000000000 9.86520000000000

ATOMIC_POSITIONS angstrom
O 3.7500000000 7.3400000000 5.9000000000 
H 3.9500000000 8.1000000000 5.3600000000 
H 4.1100000000 7.6700000000 6.7100000000 
O 0.6500000000 2.3600000000 2.6500000000 
H 1.2300000000 3.1300000000 2.6100000000 
H 0.5600000000 2.2600000000 3.6100000000 
O 6.5700000000 3.2700000000 5.2800000000 
H 5.9700000000 2.6400000000 4.8300000000 
H 6.6100000000 4.0400000000 4.7300000000 
O 5.9500000000 8.2800000000 2.1800000000 
H 6.0900000000 9.1400000000 2.6400000000 
H 5.1700000000 8.5900000000 1.6600000000 
O 2.1200000000 0.1900000000 5.7900000000 
H 1.3600000000 9.4400000000 5.4900000000 
H 2.2000000000 9.7500000000 6.7100000000 
O 7.5400000000 0.2200000000 4.7100000000 
H 6.6000000000 0.2100000000 5.0500000000 
H 8.0200000000 0.3000000000 5.5600000000 
O 7.7300000000 1.6000000000 2.2400000000 
H 8.5900000000 2.0600000000 2.4800000000 
H 7.5700000000 1.2400000000 3.1000000000 
O 0.9700000000 6.1000000000 0.2400000000 
H 1.9400000000 6.1000000000 0.1900000000 
H 0.7800000000 6.1200000000 9.1500000000 
O 0.8900000000 9.5000000000 1.7100000000 
H 0.8900000000 0.4400000000 2.2600000000 
H 0.0200000000 9.0900000000 1.8100000000 
O 1.0000000000 8.9800000000 8.3400000000 
H 0.2900000000 8.9000000000 7.7200000000 
H 0.5700000000 8.7700000000 9.1600000000 
O 3.4600000000 3.4100000000 7.5700000000 
H 3.4100000000 4.2300000000 8.0800000000 
H 3.5500000000 3.7500000000 6.6100000000 
O 8.0200000000 1.7200000000 7.1900000000 
H 7.4000000000 1.6400000000 7.9600000000 
H 7.6100000000 2.3500000000 6.5800000000 
O 3.5700000000 5.7100000000 9.1200000000 
H 3.9400000000 6.5100000000 8.7700000000 
H 4.1500000000 5.4800000000 0.0200000000 
O 4.0100000000 2.3200000000 0.3700000000 
H 4.1200000000 2.5100000000 9.3200000000 
H 3.8800000000 3.2100000000 0.7200000000 
O 8.9400000000 7.1900000000 2.0000000000 
H 9.5100000000 6.6200000000 1.4100000000 
H 8.0300000000 6.9700000000 1.8200000000 
O 2.7500000000 4.9900000000 5.2100000000 
H 3.1400000000 5.8800000000 5.4500000000 
H 2.5800000000 5.0000000000 4.2200000000 
O 3.5100000000 9.5100000000 1.1600000000 
H 3.6700000000 0.6000000000 0.8400000000 
H 2.4700000000 9.6000000000 1.3800000000 
O 0.6800000000 4.2300000000 7.5300000000 
H 1.1100000000 4.1300000000 6.5700000000 
H 1.3300000000 3.7600000000 8.0300000000 
O 3.6900000000 8.6000000000 8.4300000000 
H 3.5600000000 8.8900000000 9.3600000000 
H 2.7500000000 8.6200000000 8.0900000000 
O 0.3000000000 2.3200000000 5.3800000000 
H 9.6300000000 2.3000000000 6.1700000000 
H 1.0800000000 1.8100000000 5.5800000000 
O 7.0400000000 6.4000000000 9.3400000000 
H 7.0300000000 7.4100000000 9.2100000000 
H 7.3400000000 6.0200000000 8.4700000000 
O 4.6100000000 2.7900000000 3.3800000000 
H 3.9700000000 3.5300000000 3.5200000000 
H 4.8400000000 2.7100000000 2.4500000000 
O 0.2600000000 8.2200000000 4.4600000000 
H 9.3300000000 8.4900000000 4.9600000000 
H 9.7700000000 7.7800000000 3.6900000000 
O 5.4000000000 5.7900000000 3.5000000000 
H 5.1000000000 6.1300000000 4.4100000000 
H 5.6800000000 6.6300000000 2.9800000000 
O 5.4600000000 4.5500000000 1.0700000000 
H 5.4900000000 4.8900000000 1.9900000000 
H 6.1900000000 5.1100000000 0.6000000000 
O 2.7800000000 7.3800000000 3.3400000000 
H 1.9800000000 7.5600000000 3.8700000000 
H 2.9200000000 8.1300000000 2.8000000000 
O 6.8400000000 1.4800000000 9.5500000000 
H 6.2000000000 2.2100000000 9.8200000000 
H 7.2000000000 1.2600000000 0.6000000000 
O 6.2800000000 9.1700000000 7.9700000000 
H 6.4400000000 9.8600000000 8.6300000000 
H 5.3200000000 9.0400000000 7.9400000000 
O 2.3000000000 4.7800000000 2.3600000000 
H 2.5700000000 5.7500000000 2.6000000000 
H 1.5100000000 5.0000000000 1.8200000000 
O 8.1100000000 5.3200000000 6.9900000000 
H 7.5600000000 4.5200000000 6.7700000000 
H 8.9800000000 4.9300000000 7.0300000000 
O 4.6500000000 0.3400000000 4.8800000000 
H 3.7100000000 0.5300000000 5.2100000000 
H 4.7300000000 1.2300000000 4.4200000000 
O 8.5400000000 8.2000000000 7.1000000000 
H 8.3100000000 7.2900000000 6.8600000000 
H 7.6700000000 8.5500000000 7.3800000000 

