&CONTROL
/
&SYSTEM
   ntyp             = 2
   nat              = 96
   ibrav            = 0
/
&ELECTRONS
/
&IONS
/
&CELL
/

ATOMIC_SPECIES
O 15.999 None
H 1.008 None

K_POINTS gamma

CELL_PARAMETERS angstrom
9.86520000000000 0.00000000000000 0.00000000000000
0.00000000000000 9.86520000000000 0.00000000000000
0.00000000000000 0.00000000000000 9.86520000000000

ATOMIC_POSITIONS angstrom
O 4.5500000000 8.5000000000 2.4800000000 
H 5.3900000000 8.8600000000 2.9600000000 
H 4.3900000000 7.6400000000 2.9600000000 
O 7.0700000000 3.6200000000 9.5100000000 
H 6.9600000000 2.8300000000 0.2900000000 
H 6.4200000000 4.2000000000 0.1300000000 
O 8.3800000000 5.3600000000 4.4600000000 
H 9.2400000000 5.0800000000 4.8900000000 
H 8.6400000000 5.2100000000 3.5500000000 
O 5.6000000000 6.4300000000 4.9600000000 
H 6.5500000000 6.7100000000 4.8800000000 
H 5.4200000000 6.5300000000 5.9800000000 
O 1.7000000000 2.7100000000 1.2400000000 
H 1.7300000000 2.4000000000 0.2900000000 
H 2.1700000000 2.0400000000 1.8300000000 
O 5.6300000000 2.3100000000 4.6600000000 
H 6.3400000000 2.7200000000 5.1800000000 
H 5.3500000000 1.5800000000 5.2400000000 
O 3.7100000000 2.6000000000 7.4600000000 
H 4.2000000000 1.7800000000 7.1400000000 
H 2.8400000000 2.2200000000 7.7500000000 
O 6.7600000000 9.5100000000 3.4500000000 
H 7.6600000000 9.2500000000 3.6400000000 
H 6.9900000000 0.5800000000 3.1200000000 
O 5.1300000000 0.3400000000 6.7200000000 
H 4.6000000000 9.5000000000 6.9400000000 
H 6.0000000000 0.0400000000 7.0200000000 
O 3.5800000000 1.3800000000 2.8400000000 
H 4.1600000000 1.7500000000 3.6000000000 
H 3.7300000000 0.4000000000 3.0000000000 
O 9.4600000000 1.8200000000 3.3100000000 
H 0.0400000000 1.7600000000 2.4200000000 
H 9.3700000000 0.8100000000 3.4800000000 
O 4.6200000000 9.2000000000 9.7000000000 
H 4.7800000000 8.7400000000 0.7500000000 
H 3.7000000000 9.5000000000 9.6500000000 
O 7.0400000000 0.6600000000 0.1500000000 
H 6.1800000000 0.2000000000 0.0000000000 
H 7.0400000000 1.1300000000 1.0100000000 
O 1.2400000000 1.4700000000 8.1900000000 
H 0.5900000000 1.7600000000 7.5400000000 
H 0.9600000000 0.5700000000 8.2300000000 
O 7.9100000000 7.9900000000 9.7500000000 
H 8.1400000000 7.5300000000 0.7000000000 
H 7.5100000000 8.8300000000 0.1400000000 
O 3.6900000000 4.6700000000 4.3500000000 
H 4.2400000000 3.8800000000 4.5200000000 
H 4.3800000000 5.3800000000 4.5700000000 
O 8.8200000000 5.4600000000 1.4500000000 
H 8.6800000000 4.8000000000 0.7400000000 
H 9.7000000000 5.4000000000 1.8200000000 
O 1.4500000000 8.2700000000 5.3700000000 
H 2.1000000000 8.2700000000 6.0500000000 
H 0.5900000000 8.2900000000 5.8100000000 
O 9.4300000000 8.9200000000 3.4400000000 
H 0.1000000000 8.5600000000 2.7000000000 
H 0.1800000000 8.8000000000 4.1900000000 
O 3.3900000000 7.6800000000 7.3300000000 
H 3.7600000000 6.8600000000 7.7900000000 
H 2.6000000000 7.9200000000 7.9100000000 
O 7.9700000000 0.6400000000 7.3600000000 
H 7.9500000000 1.5200000000 6.9500000000 
H 7.6300000000 0.7800000000 8.2500000000 
O 0.8200000000 8.1700000000 8.5700000000 
H 9.6800000000 8.2500000000 8.6100000000 
H 1.0500000000 7.9000000000 9.4800000000 
O 5.4500000000 4.8900000000 1.5700000000 
H 4.9500000000 4.7200000000 2.4200000000 
H 6.3500000000 5.1300000000 1.8300000000 
O 0.3600000000 2.5500000000 5.8900000000 
H 0.3500000000 2.3900000000 4.9300000000 
H 0.4900000000 3.4800000000 5.8900000000 
O 7.0500000000 2.0800000000 2.3900000000 
H 7.8900000000 2.2600000000 2.8900000000 
H 6.3200000000 2.2200000000 3.0600000000 
O 8.6300000000 8.1300000000 6.2400000000 
H 8.2900000000 9.0200000000 6.4000000000 
H 7.8700000000 7.5700000000 6.4900000000 
O 1.5800000000 5.0200000000 2.4900000000 
H 1.9900000000 4.5700000000 3.2500000000 
H 1.6800000000 4.3700000000 1.8000000000 
O 1.4400000000 7.9200000000 1.5300000000 
H 2.3500000000 8.2800000000 1.7400000000 
H 1.6200000000 6.9800000000 1.9600000000 
O 6.5700000000 6.8100000000 7.5700000000 
H 5.9700000000 6.1600000000 8.0400000000 
H 7.0300000000 7.2100000000 8.3400000000 
O 7.0300000000 3.6800000000 6.6900000000 
H 7.3600000000 3.8200000000 7.5900000000 
H 7.4900000000 4.3400000000 6.1300000000 
O 1.2400000000 5.1700000000 5.4500000000 
H 2.1700000000 4.9000000000 5.1500000000 
H 1.3500000000 6.1000000000 5.7100000000 
O 4.0100000000 5.3100000000 8.2600000000 
H 4.0400000000 5.1100000000 9.2500000000 
H 3.6100000000 4.4600000000 7.8400000000 

