&CONTROL
/
&SYSTEM
   ntyp             = 2
   nat              = 96
   ibrav            = 0
/
&ELECTRONS
/
&IONS
/
&CELL
/

ATOMIC_SPECIES
O 15.999 None
H 1.008 None

K_POINTS gamma

CELL_PARAMETERS angstrom
9.86520000000000 0.00000000000000 0.00000000000000
0.00000000000000 9.86520000000000 0.00000000000000
0.00000000000000 0.00000000000000 9.86520000000000

ATOMIC_POSITIONS angstrom
O 4.1800000000 4.5300000000 6.2600000000 
H 4.0400000000 3.5600000000 5.8700000000 
H 4.8100000000 4.4200000000 7.0300000000 
O 9.5300000000 3.4500000000 0.4500000000 
H 0.4300000000 2.7700000000 0.5900000000 
H 0.2300000000 4.1100000000 9.8300000000 
O 7.2200000000 1.7900000000 5.5400000000 
H 7.7000000000 2.1200000000 4.7700000000 
H 7.6900000000 2.1800000000 6.3200000000 
O 0.7400000000 9.2000000000 0.1700000000 
H 9.7600000000 9.4600000000 9.6000000000 
H 1.3700000000 9.1300000000 9.2600000000 
O 1.5200000000 2.0300000000 2.6600000000 
H 1.9300000000 1.2200000000 2.2700000000 
H 1.3900000000 1.7900000000 3.5900000000 
O 6.4400000000 1.8700000000 2.4600000000 
H 7.0900000000 2.5000000000 2.7700000000 
H 5.5800000000 2.3200000000 2.6100000000 
O 7.3000000000 6.0000000000 6.1600000000 
H 6.6200000000 5.9700000000 5.4200000000 
H 8.0500000000 5.6000000000 5.6400000000 
O 9.5800000000 5.5000000000 4.6600000000 
H 0.2600000000 5.6700000000 5.4800000000 
H 9.7700000000 6.1500000000 3.9100000000 
O 1.6100000000 2.1100000000 5.4300000000 
H 1.3500000000 2.2000000000 6.4100000000 
H 2.5600000000 1.8900000000 5.5000000000 
O 1.5500000000 3.0200000000 8.0100000000 
H 1.7400000000 4.0000000000 7.7600000000 
H 2.2900000000 2.9100000000 8.6500000000 
O 4.4400000000 2.6100000000 9.2400000000 
H 4.2800000000 3.0200000000 0.2800000000 
H 5.0000000000 3.2600000000 8.7100000000 
O 6.3500000000 4.3000000000 8.2900000000 
H 6.6900000000 5.1100000000 7.8200000000 
H 6.4000000000 4.5000000000 9.1800000000 
O 8.6100000000 9.3300000000 4.7000000000 
H 8.6200000000 9.3300000000 3.7000000000 
H 8.2000000000 0.3700000000 4.7800000000 
O 1.9500000000 8.3000000000 7.7800000000 
H 2.8400000000 8.6500000000 8.0500000000 
H 1.9700000000 8.3800000000 6.8600000000 
O 8.0500000000 9.5900000000 2.2200000000 
H 8.5900000000 0.0100000000 1.4700000000 
H 7.5200000000 0.5400000000 2.2700000000 
O 1.5000000000 5.5800000000 6.8100000000 
H 1.7200000000 6.4600000000 7.0800000000 
H 2.2500000000 5.2500000000 6.3300000000 
O 7.7700000000 8.5500000000 7.0800000000 
H 8.2800000000 8.9400000000 6.3000000000 
H 7.8800000000 7.6200000000 6.8500000000 
O 8.2900000000 0.4000000000 9.3600000000 
H 7.9300000000 9.8300000000 8.5400000000 
H 8.5700000000 1.2900000000 8.9200000000 
O 0.1500000000 7.0700000000 1.8000000000 
H 0.3200000000 8.0600000000 1.5500000000 
H 9.0800000000 7.0500000000 1.9900000000 
O 5.2100000000 6.2500000000 4.5100000000 
H 4.8300000000 5.6700000000 5.2800000000 
H 4.5700000000 7.0000000000 4.4100000000 
O 1.8000000000 9.0300000000 5.2900000000 
H 2.1600000000 9.1100000000 4.4000000000 
H 0.8200000000 9.2800000000 5.2400000000 
O 2.4100000000 5.5300000000 0.9300000000 
H 1.6500000000 6.1200000000 1.3000000000 
H 3.1700000000 6.1800000000 0.7800000000 
O 5.3300000000 0.2100000000 0.3900000000 
H 6.1100000000 0.3300000000 0.9000000000 
H 5.0600000000 1.1400000000 0.0200000000 
O 4.4500000000 7.4000000000 1.2100000000 
H 5.2700000000 6.9500000000 1.2400000000 
H 4.6000000000 8.3400000000 1.2400000000 
O 6.9800000000 4.6500000000 1.0400000000 
H 7.6800000000 3.9000000000 1.0400000000 
H 7.3200000000 5.3800000000 1.7100000000 
O 3.8200000000 3.6000000000 2.0800000000 
H 2.9800000000 3.1100000000 2.5300000000 
H 3.4300000000 4.4900000000 1.7600000000 
O 4.2100000000 1.4000000000 5.9000000000 
H 4.3100000000 0.8400000000 6.7000000000 
H 5.1600000000 1.4900000000 5.6300000000 
O 2.4800000000 9.2800000000 2.4000000000 
H 3.0800000000 8.5100000000 2.1200000000 
H 1.7300000000 9.1500000000 1.7400000000 
O 4.6700000000 9.1500000000 7.7200000000 
H 5.5600000000 8.9000000000 7.4300000000 
H 4.9000000000 9.2100000000 8.6200000000 
O 7.3100000000 6.6200000000 2.7100000000 
H 6.4000000000 6.3300000000 3.0200000000 
H 7.3900000000 7.5300000000 3.0000000000 
O 8.5800000000 2.7600000000 7.6100000000 
H 8.0900000000 3.5200000000 7.9600000000 
H 9.5000000000 3.0200000000 7.6200000000 
O 8.6300000000 3.2700000000 3.4900000000 
H 9.5100000000 2.7800000000 3.2400000000 
H 9.0400000000 4.0600000000 3.8300000000 

