&CONTROL
/
&SYSTEM
   ntyp             = 2
   nat              = 96
   ibrav            = 0
/
&ELECTRONS
/
&IONS
/
&CELL
/

ATOMIC_SPECIES
O 15.999 None
H 1.008 None

K_POINTS gamma

CELL_PARAMETERS angstrom
9.86520000000000 0.00000000000000 0.00000000000000
0.00000000000000 9.86520000000000 0.00000000000000
0.00000000000000 0.00000000000000 9.86520000000000

ATOMIC_POSITIONS angstrom
O 9.0300000000 4.3600000000 7.1100000000 
H 8.7500000000 3.3800000000 7.1400000000 
H 8.1700000000 4.6800000000 6.8300000000 
O 1.8200000000 3.3100000000 9.3400000000 
H 2.7000000000 3.5700000000 9.6600000000 
H 1.7200000000 2.4200000000 9.7600000000 
O 0.2500000000 4.3300000000 2.8700000000 
H 9.3000000000 3.8300000000 2.8500000000 
H 0.1900000000 4.7900000000 1.9900000000 
O 6.0400000000 7.8000000000 3.6200000000 
H 5.6400000000 8.4100000000 2.9200000000 
H 5.2300000000 7.5600000000 4.1100000000 
O 1.4200000000 1.2500000000 3.8100000000 
H 0.9500000000 1.9900000000 4.2300000000 
H 1.1700000000 0.4300000000 4.3400000000 
O 2.0500000000 3.0000000000 6.6200000000 
H 1.7400000000 3.0700000000 7.5800000000 
H 1.2900000000 2.5600000000 6.2200000000 
O 1.6100000000 0.8500000000 0.5700000000 
H 0.8800000000 0.3500000000 0.9000000000 
H 2.2500000000 0.8700000000 1.2400000000 
O 5.9500000000 1.5300000000 9.2600000000 
H 5.7700000000 1.3100000000 8.3200000000 
H 5.8900000000 2.5200000000 9.2700000000 
O 4.3500000000 3.5000000000 0.8100000000 
H 4.2500000000 2.8400000000 1.5200000000 
H 4.8800000000 4.1700000000 1.2800000000 
O 0.8600000000 8.4800000000 8.8700000000 
H 1.1000000000 7.9600000000 9.6600000000 
H 1.1800000000 9.3400000000 9.1500000000 
O 1.1800000000 6.4100000000 7.0200000000 
H 0.8500000000 7.1100000000 7.6900000000 
H 0.4900000000 5.7000000000 7.1800000000 
O 9.0900000000 1.6500000000 6.1100000000 
H 8.5900000000 0.8400000000 6.4200000000 
H 8.4900000000 1.8400000000 5.3000000000 
O 4.1700000000 5.6500000000 7.4400000000 
H 4.3400000000 5.9700000000 8.3400000000 
H 3.2000000000 5.6900000000 7.3700000000 
O 5.2100000000 9.4100000000 6.5600000000 
H 5.8800000000 8.6700000000 6.5100000000 
H 4.5700000000 8.9600000000 6.0100000000 
O 5.5700000000 9.5800000000 1.5300000000 
H 5.6300000000 0.3500000000 0.7500000000 
H 4.9500000000 0.1900000000 2.1400000000 
O 2.4200000000 4.9800000000 4.4500000000 
H 2.2500000000 4.6700000000 5.3700000000 
H 1.5700000000 4.9600000000 3.9900000000 
O 9.4500000000 4.8100000000 0.3300000000 
H 0.2500000000 4.2800000000 9.6600000000 
H 9.1000000000 5.2200000000 9.4400000000 
O 3.7100000000 1.4700000000 2.6100000000 
H 2.7600000000 1.4700000000 2.9400000000 
H 4.0100000000 1.9700000000 3.4500000000 
O 3.7400000000 7.2200000000 0.3300000000 
H 2.8600000000 7.1300000000 0.7900000000 
H 3.8700000000 8.1400000000 0.1800000000 
O 8.3700000000 1.6300000000 3.2000000000 
H 8.4300000000 0.8700000000 2.6200000000 
H 7.6700000000 2.1500000000 2.7700000000 
O 7.2100000000 3.5800000000 1.4900000000 
H 7.9700000000 4.0400000000 1.0300000000 
H 6.4600000000 4.1900000000 1.4800000000 
O 6.9800000000 7.4200000000 6.1400000000 
H 6.9900000000 7.3800000000 5.1400000000 
H 6.8700000000 6.4600000000 6.4300000000 
O 0.7200000000 8.2100000000 4.5900000000 
H 0.5100000000 7.9100000000 5.5200000000 
H 9.7100000000 8.1500000000 4.0500000000 
O 6.3700000000 1.8300000000 6.0500000000 
H 5.7500000000 2.0400000000 5.3100000000 
H 5.9400000000 0.9800000000 6.3200000000 
O 1.1700000000 7.4300000000 1.5800000000 
H 0.4000000000 7.9000000000 1.9100000000 
H 1.6300000000 7.1400000000 2.4200000000 
O 8.5100000000 0.2900000000 0.3900000000 
H 8.7400000000 0.0800000000 9.3600000000 
H 7.6100000000 0.7500000000 0.1900000000 
O 4.2300000000 3.0800000000 4.9600000000 
H 3.6900000000 3.8200000000 4.5700000000 
H 3.6200000000 2.7000000000 5.5700000000 
O 8.3700000000 9.3200000000 7.3600000000 
H 7.7400000000 8.6600000000 6.9600000000 
H 9.2000000000 8.8400000000 7.6200000000 
O 6.5100000000 4.6200000000 6.4600000000 
H 6.2800000000 3.6500000000 6.2300000000 
H 5.6000000000 4.9400000000 6.7900000000 
O 3.3000000000 7.4700000000 4.2100000000 
H 3.0400000000 6.5300000000 4.3100000000 
H 2.3900000000 7.8200000000 4.2600000000 
O 8.6600000000 8.5000000000 2.5900000000 
H 7.7100000000 8.3700000000 2.7600000000 
H 8.6800000000 8.8800000000 1.6600000000 
O 5.5200000000 5.6400000000 1.7700000000 
H 5.9100000000 6.2600000000 2.3600000000 
H 5.0900000000 6.1800000000 1.0600000000 

