&CONTROL
/
&SYSTEM
   ntyp             = 2
   nat              = 96
   ibrav            = 0
/
&ELECTRONS
/
&IONS
/
&CELL
/

ATOMIC_SPECIES
O 15.999 None
H 1.008 None

K_POINTS gamma

CELL_PARAMETERS angstrom
9.86520000000000 0.00000000000000 0.00000000000000
0.00000000000000 9.86520000000000 0.00000000000000
0.00000000000000 0.00000000000000 9.86520000000000

ATOMIC_POSITIONS angstrom
O 9.3200000000 6.3500000000 3.7200000000 
H 8.6300000000 6.7100000000 4.2700000000 
H 0.0200000000 5.9200000000 4.4500000000 
O 0.9900000000 7.1300000000 1.6500000000 
H 0.6100000000 6.4600000000 2.2700000000 
H 0.2400000000 7.7400000000 1.8400000000 
O 3.6000000000 1.5000000000 9.2100000000 
H 4.0100000000 2.4300000000 9.3300000000 
H 4.1500000000 1.0400000000 0.0900000000 
O 7.3700000000 6.6700000000 0.7400000000 
H 7.1600000000 7.2000000000 1.6000000000 
H 7.3300000000 5.8100000000 1.1600000000 
O 7.2300000000 4.5100000000 2.6400000000 
H 7.6300000000 3.6200000000 2.5100000000 
H 8.0100000000 4.9800000000 3.0000000000 
O 7.6200000000 0.4300000000 4.0600000000 
H 8.1300000000 9.6700000000 4.6400000000 
H 8.2600000000 0.5400000000 3.3200000000 
O 1.5200000000 2.8200000000 3.6500000000 
H 0.8500000000 2.4800000000 4.3100000000 
H 2.2600000000 3.1300000000 4.2900000000 
O 8.5700000000 6.9800000000 7.9900000000 
H 8.5000000000 6.7100000000 8.9100000000 
H 9.5100000000 7.1800000000 7.8800000000 
O 3.4300000000 7.7700000000 0.7100000000 
H 4.0300000000 8.2200000000 1.3900000000 
H 2.6500000000 7.4700000000 1.2900000000 
O 5.9200000000 8.4400000000 2.7000000000 
H 5.4200000000 7.8600000000 3.3000000000 
H 6.3800000000 9.1300000000 3.2800000000 
O 5.9600000000 0.2800000000 0.4700000000 
H 5.9400000000 9.5300000000 1.2100000000 
H 6.8800000000 0.2500000000 0.2400000000 
O 5.0500000000 1.2400000000 4.3800000000 
H 5.0900000000 0.4700000000 4.9800000000 
H 6.0100000000 1.3800000000 4.2900000000 
O 7.5000000000 7.5200000000 5.4700000000 
H 7.7400000000 7.2500000000 6.4200000000 
H 6.7400000000 8.1400000000 5.7300000000 
O 1.4400000000 1.4000000000 1.1000000000 
H 1.5800000000 2.0900000000 1.7800000000 
H 2.2200000000 1.4300000000 0.4500000000 
O 5.4000000000 9.3600000000 6.6100000000 
H 4.8500000000 8.6400000000 7.1200000000 
H 5.9100000000 9.7800000000 7.3600000000 
O 5.5900000000 4.6800000000 6.6200000000 
H 5.4700000000 5.3800000000 7.2800000000 
H 6.5800000000 4.5300000000 6.6900000000 
O 8.5400000000 0.3200000000 9.3400000000 
H 8.7900000000 0.7500000000 8.4900000000 
H 9.1700000000 9.4600000000 9.4000000000 
O 1.3900000000 8.0600000000 8.5000000000 
H 2.1300000000 8.0300000000 9.1800000000 
H 1.8300000000 7.6900000000 7.7000000000 
O 2.4300000000 9.6100000000 4.3800000000 
H 2.3600000000 0.2500000000 5.2500000000 
H 3.0200000000 0.3700000000 3.9700000000 
O 8.2500000000 4.1700000000 6.4400000000 
H 8.7400000000 3.3600000000 6.7100000000 
H 8.9100000000 4.8900000000 6.5700000000 
O 4.4900000000 6.3900000000 4.0600000000 
H 4.0900000000 5.8300000000 3.3100000000 
H 5.3900000000 5.9000000000 4.2100000000 
O 5.1400000000 6.6400000000 8.7900000000 
H 6.0400000000 6.6500000000 9.2500000000 
H 4.5300000000 7.1900000000 9.3300000000 
O 0.0200000000 9.3900000000 2.6800000000 
H 0.8300000000 9.3900000000 3.2600000000 
H 0.3800000000 9.8500000000 1.8900000000 
O 1.2700000000 4.6200000000 8.6500000000 
H 0.9200000000 5.3800000000 9.2400000000 
H 2.1200000000 4.3700000000 8.9900000000 
O 3.8300000000 4.2700000000 9.6100000000 
H 4.5000000000 4.9600000000 9.4500000000 
H 3.9300000000 4.0400000000 0.7100000000 
O 9.7600000000 2.1000000000 7.4400000000 
H 0.3600000000 2.7100000000 8.0200000000 
H 0.6300000000 1.5700000000 7.0400000000 
O 2.3500000000 1.3200000000 6.6800000000 
H 2.6700000000 1.1900000000 7.6200000000 
H 2.9700000000 2.0100000000 6.3400000000 
O 3.6200000000 3.3100000000 5.2900000000 
H 4.1300000000 3.9100000000 5.9300000000 
H 4.2600000000 2.7000000000 4.8400000000 
O 2.8800000000 7.5300000000 6.2900000000 
H 2.4300000000 8.2100000000 5.7800000000 
H 3.4800000000 7.0200000000 5.5900000000 
O 8.5200000000 2.1900000000 1.6700000000 
H 8.1000000000 1.6200000000 0.9800000000 
H 9.4500000000 1.8900000000 1.6300000000 
O 4.6700000000 4.0300000000 2.2500000000 
H 4.6600000000 3.1000000000 2.6100000000 
H 5.6100000000 4.3700000000 2.4600000000 
O 0.8900000000 5.4700000000 5.9700000000 
H 1.3900000000 6.2800000000 6.2800000000 
H 1.3800000000 4.7500000000 6.3800000000 

