&CONTROL
/
&SYSTEM
   ntyp             = 2
   nat              = 96
   ibrav            = 0
/
&ELECTRONS
/
&IONS
/
&CELL
/

ATOMIC_SPECIES
O 15.999 None
H 1.008 None

K_POINTS gamma

CELL_PARAMETERS angstrom
9.86520000000000 0.00000000000000 0.00000000000000
0.00000000000000 9.86520000000000 0.00000000000000
0.00000000000000 0.00000000000000 9.86520000000000

ATOMIC_POSITIONS angstrom
O 1.6900000000 6.3300000000 2.8100000000 
H 2.3500000000 6.9600000000 3.2700000000 
H 1.3900000000 5.7700000000 3.5700000000 
O 2.8800000000 7.8800000000 6.9400000000 
H 3.1600000000 8.5900000000 6.2600000000 
H 2.0000000000 7.4800000000 6.7400000000 
O 9.3300000000 8.2600000000 2.4400000000 
H 0.2800000000 7.9600000000 2.1500000000 
H 8.8800000000 8.5800000000 1.6100000000 
O 6.6900000000 4.5100000000 5.4400000000 
H 6.1900000000 4.7800000000 4.6100000000 
H 6.5400000000 5.3100000000 5.9500000000 
O 6.3700000000 3.7500000000 0.1600000000 
H 7.1800000000 3.8200000000 0.7700000000 
H 5.5400000000 3.4700000000 0.6100000000 
O 8.6900000000 0.5100000000 6.8800000000 
H 8.6400000000 9.5900000000 6.3200000000 
H 7.8100000000 0.5600000000 7.2500000000 
O 8.4000000000 4.4200000000 2.3000000000 
H 9.4300000000 4.5100000000 2.2300000000 
H 8.4100000000 3.4200000000 2.2000000000 
O 3.2900000000 5.7900000000 9.5400000000 
H 2.5100000000 6.1500000000 0.2100000000 
H 3.2900000000 6.3900000000 8.7000000000 
O 0.5800000000 5.7900000000 0.4500000000 
H 0.9500000000 6.1500000000 1.3200000000 
H 9.5300000000 6.1600000000 0.3400000000 
O 3.3700000000 9.8100000000 4.7900000000 
H 4.0300000000 0.6500000000 4.9700000000 
H 3.9100000000 9.1200000000 4.3800000000 
O 6.0300000000 9.2800000000 0.9900000000 
H 5.9200000000 0.0300000000 0.2900000000 
H 6.8000000000 8.8900000000 0.5800000000 
O 1.2500000000 3.2100000000 3.6700000000 
H 0.9900000000 2.4900000000 3.0300000000 
H 1.2100000000 2.5700000000 4.5100000000 
O 5.5700000000 9.4900000000 6.5200000000 
H 5.8800000000 0.3100000000 5.9000000000 
H 5.9100000000 0.0000000000 7.3500000000 
O 9.4300000000 3.4000000000 6.7700000000 
H 9.6200000000 2.4800000000 6.6400000000 
H 8.5300000000 3.5500000000 6.3700000000 
O 2.6300000000 9.3300000000 1.4700000000 
H 3.2200000000 9.4700000000 0.7100000000 
H 3.2700000000 8.9400000000 2.1100000000 
O 8.9000000000 8.1200000000 5.4000000000 
H 9.1900000000 7.3400000000 5.9100000000 
H 9.0700000000 8.0400000000 4.4500000000 
O 1.2200000000 1.2500000000 5.4500000000 
H 0.5700000000 0.6700000000 5.9400000000 
H 1.9800000000 0.5900000000 5.1900000000 
O 4.0300000000 2.6500000000 8.0700000000 
H 4.2200000000 3.5400000000 7.7200000000 
H 3.2400000000 2.7700000000 8.7000000000 
O 0.7100000000 1.7700000000 1.4400000000 
H 1.0400000000 2.3400000000 0.6900000000 
H 1.4300000000 1.0300000000 1.4100000000 
O 1.2900000000 3.3500000000 9.2200000000 
H 1.0400000000 4.2200000000 9.6200000000 
H 0.5600000000 3.1800000000 8.5800000000 
O 6.3100000000 1.6700000000 4.7400000000 
H 6.7500000000 2.1600000000 4.0200000000 
H 5.6800000000 2.3500000000 5.1400000000 
O 5.8200000000 5.3500000000 3.1200000000 
H 6.6900000000 5.2600000000 2.6600000000 
H 5.2200000000 4.7200000000 2.6300000000 
O 7.6100000000 6.2200000000 8.9300000000 
H 7.4700000000 5.4200000000 9.5200000000 
H 6.7600000000 6.1100000000 8.3700000000 
O 4.5900000000 8.0900000000 3.2600000000 
H 4.9100000000 7.1600000000 3.3100000000 
H 5.2000000000 8.3900000000 2.5600000000 
O 6.4400000000 1.4400000000 8.4700000000 
H 6.7900000000 2.0700000000 9.1400000000 
H 5.6600000000 1.9600000000 8.2100000000 
O 8.0100000000 1.5900000000 2.5700000000 
H 8.0400000000 0.9100000000 3.2600000000 
H 8.7900000000 1.2600000000 2.0600000000 
O 2.2400000000 4.8300000000 5.4500000000 
H 2.0800000000 4.1000000000 4.7600000000 
H 1.7100000000 4.6200000000 6.2600000000 
O 8.4100000000 8.6800000000 9.7400000000 
H 9.1300000000 9.0400000000 9.2200000000 
H 8.2900000000 7.7100000000 9.4700000000 
O 0.0200000000 6.1800000000 7.3000000000 
H 9.8100000000 5.2800000000 6.9300000000 
H 9.5100000000 6.0400000000 8.1900000000 
O 5.4600000000 6.6500000000 6.9700000000 
H 5.7600000000 7.5200000000 6.5600000000 
H 4.5400000000 6.9300000000 7.1800000000 
O 3.9100000000 3.7900000000 1.9200000000 
H 3.7100000000 4.4400000000 1.1900000000 
H 3.1800000000 3.8700000000 2.5500000000 
O 3.8200000000 0.0800000000 9.0100000000 
H 3.8300000000 1.0700000000 8.8200000000 
H 3.6500000000 9.4700000000 8.1600000000 

