&CONTROL
/
&SYSTEM
   ntyp             = 2
   nat              = 96
   ibrav            = 0
/
&ELECTRONS
/
&IONS
/
&CELL
/

ATOMIC_SPECIES
O 15.999 None
H 1.008 None

K_POINTS gamma

CELL_PARAMETERS angstrom
9.86520000000000 0.00000000000000 0.00000000000000
0.00000000000000 9.86520000000000 0.00000000000000
0.00000000000000 0.00000000000000 9.86520000000000

ATOMIC_POSITIONS angstrom
O 0.1800000000 8.1200000000 4.3200000000 
H 0.0800000000 7.5500000000 5.0300000000 
H 0.3100000000 7.5100000000 3.5300000000 
O 2.7100000000 1.3300000000 9.4300000000 
H 3.3900000000 0.6000000000 9.5700000000 
H 2.0500000000 0.8500000000 8.8400000000 
O 8.2200000000 9.7200000000 0.5800000000 
H 8.2800000000 0.1800000000 1.4800000000 
H 7.3000000000 0.1200000000 0.3800000000 
O 4.8800000000 6.7500000000 4.5900000000 
H 4.6500000000 6.4300000000 3.6100000000 
H 4.6500000000 5.8800000000 5.0200000000 
O 6.5100000000 7.4100000000 6.8500000000 
H 6.0800000000 8.2000000000 7.2400000000 
H 6.1000000000 7.4100000000 5.9400000000 
O 6.2500000000 3.2500000000 0.5900000000 
H 7.2300000000 3.2800000000 0.4200000000 
H 5.9600000000 2.3700000000 0.2700000000 
O 4.5400000000 0.6300000000 5.8400000000 
H 4.3100000000 1.4600000000 5.3500000000 
H 3.6600000000 0.3300000000 6.0300000000 
O 5.5500000000 0.4300000000 1.1800000000 
H 4.8000000000 9.6700000000 0.9900000000 
H 5.5500000000 0.5300000000 2.1800000000 
O 3.4300000000 2.6300000000 4.2600000000 
H 2.9000000000 3.4500000000 4.3100000000 
H 2.9400000000 2.2800000000 3.5200000000 
O 2.0900000000 4.2900000000 0.4400000000 
H 1.1800000000 4.6800000000 0.2100000000 
H 2.3200000000 3.7800000000 9.5100000000 
O 0.4100000000 2.0600000000 4.3200000000 
H 9.6000000000 1.4300000000 4.0700000000 
H 0.9500000000 2.1500000000 3.5100000000 
O 5.0200000000 5.1200000000 2.2300000000 
H 4.1300000000 4.6400000000 2.3500000000 
H 5.3500000000 4.4800000000 1.4700000000 
O 0.1200000000 6.3900000000 2.2600000000 
H 8.9800000000 6.5500000000 2.2300000000 
H 0.1000000000 5.8200000000 1.5100000000 
O 0.4900000000 4.1500000000 6.4100000000 
H 9.3800000000 4.3800000000 6.4300000000 
H 0.3800000000 3.3800000000 5.8400000000 
O 9.5800000000 5.2200000000 9.6300000000 
H 9.3100000000 4.4100000000 9.0900000000 
H 9.1100000000 5.9900000000 9.2000000000 
O 6.3800000000 0.4000000000 7.8600000000 
H 7.3500000000 0.5000000000 7.6800000000 
H 5.9300000000 0.5500000000 6.9800000000 
O 3.6300000000 6.1600000000 9.1600000000 
H 3.0500000000 5.6100000000 9.7600000000 
H 4.4100000000 5.4900000000 9.1400000000 
O 4.8500000000 4.3500000000 5.8900000000 
H 4.7800000000 3.7400000000 6.6900000000 
H 4.4200000000 3.7300000000 5.2300000000 
O 1.9100000000 9.4000000000 6.3400000000 
H 1.5600000000 8.9800000000 5.5300000000 
H 1.9100000000 8.5100000000 6.8600000000 
O 8.4500000000 3.0400000000 8.7000000000 
H 8.5400000000 2.1300000000 8.3000000000 
H 7.8200000000 3.5500000000 8.1700000000 
O 8.5500000000 0.2100000000 3.2000000000 
H 7.7200000000 9.8100000000 3.6700000000 
H 9.1000000000 9.2400000000 3.3400000000 
O 1.9100000000 6.3900000000 6.6100000000 
H 1.4700000000 5.4400000000 6.6300000000 
H 2.5100000000 6.3300000000 7.3800000000 
O 7.3900000000 6.6900000000 1.6900000000 
H 6.7000000000 6.0400000000 1.5500000000 
H 7.0300000000 7.5800000000 1.5300000000 
O 2.1900000000 5.1900000000 4.1300000000 
H 1.9300000000 5.6400000000 4.9300000000 
H 1.5800000000 5.4500000000 3.4100000000 
O 4.4400000000 2.8800000000 8.0300000000 
H 3.5700000000 2.5400000000 8.4700000000 
H 4.9900000000 2.0400000000 7.8600000000 
O 8.4800000000 7.5100000000 8.5600000000 
H 8.3000000000 8.3400000000 8.9400000000 
H 7.8600000000 7.4700000000 7.6900000000 
O 9.3100000000 0.8100000000 7.3300000000 
H 9.5000000000 0.8300000000 6.3200000000 
H 0.3400000000 0.5100000000 7.6800000000 
O 1.7500000000 2.1100000000 2.0800000000 
H 1.8600000000 1.5300000000 1.2600000000 
H 1.8700000000 3.0100000000 1.5800000000 
O 3.5800000000 8.6500000000 0.4900000000 
H 2.7500000000 8.8700000000 0.1200000000 
H 3.7600000000 7.6600000000 0.2800000000 
O 6.1100000000 9.2200000000 3.8200000000 
H 5.4500000000 9.6300000000 4.4500000000 
H 5.7700000000 8.2700000000 3.8600000000 
O 7.4200000000 4.8100000000 6.8500000000 
H 7.1000000000 5.7400000000 6.7400000000 
H 6.7000000000 4.2700000000 6.4000000000 
O 0.9100000000 9.0900000000 9.5500000000 
H 0.4200000000 8.2800000000 9.3600000000 
H 0.1900000000 9.6500000000 0.1100000000 

