&CONTROL
/
&SYSTEM
   ntyp             = 2
   nat              = 96
   ibrav            = 0
/
&ELECTRONS
/
&IONS
/
&CELL
/

ATOMIC_SPECIES
O 15.999 None
H 1.008 None

K_POINTS gamma

CELL_PARAMETERS angstrom
9.86520000000000 0.00000000000000 0.00000000000000
0.00000000000000 9.86520000000000 0.00000000000000
0.00000000000000 0.00000000000000 9.86520000000000

ATOMIC_POSITIONS angstrom
O 4.0400000000 3.4700000000 5.1400000000 
H 4.6200000000 4.3200000000 5.2000000000 
H 4.0800000000 3.2800000000 4.1700000000 
O 0.4300000000 3.5800000000 4.4800000000 
H 9.3600000000 3.5200000000 4.2600000000 
H 0.8900000000 3.4100000000 3.6000000000 
O 5.3800000000 5.9200000000 5.0800000000 
H 6.1300000000 6.5600000000 5.0700000000 
H 4.7600000000 6.2700000000 4.4700000000 
O 0.5100000000 9.8600000000 1.4400000000 
H 0.9900000000 0.8400000000 1.4700000000 
H 0.6800000000 9.6800000000 0.4900000000 
O 7.3100000000 3.6500000000 4.1600000000 
H 7.3900000000 4.4900000000 3.6100000000 
H 6.7300000000 3.0900000000 3.7000000000 
O 4.2600000000 2.6800000000 2.3800000000 
H 4.2500000000 3.4100000000 1.7200000000 
H 5.0900000000 2.2100000000 2.0400000000 
O 8.2700000000 8.7900000000 7.8700000000 
H 9.1200000000 8.4900000000 8.2500000000 
H 8.3900000000 9.6800000000 7.4500000000 
O 7.4000000000 7.7600000000 5.1700000000 
H 7.3600000000 8.4400000000 4.5400000000 
H 8.2000000000 8.0100000000 5.7100000000 
O 0.7200000000 1.6900000000 6.3600000000 
H 0.8600000000 2.5100000000 5.8100000000 
H 1.3500000000 1.1400000000 5.8600000000 
O 1.4900000000 1.6100000000 9.0000000000 
H 2.3600000000 1.2400000000 8.5800000000 
H 0.9700000000 1.7200000000 8.1400000000 
O 3.7700000000 9.6300000000 8.5300000000 
H 4.6000000000 9.3700000000 9.0600000000 
H 4.1900000000 0.1500000000 7.7000000000 
O 9.4500000000 5.3900000000 8.4400000000 
H 8.6800000000 5.5300000000 7.8100000000 
H 0.3600000000 5.1900000000 7.9400000000 
O 8.2600000000 9.8600000000 3.2500000000 
H 9.1500000000 0.0900000000 2.8200000000 
H 7.7200000000 0.6900000000 2.7500000000 
O 1.2800000000 8.4300000000 8.4600000000 
H 2.1600000000 8.8900000000 8.6200000000 
H 1.4700000000 8.2900000000 7.5200000000 
O 6.0800000000 8.9600000000 9.6700000000 
H 7.0000000000 8.8400000000 9.3200000000 
H 5.7500000000 8.0800000000 0.0400000000 
O 1.9700000000 4.5700000000 6.5500000000 
H 1.3700000000 4.2300000000 5.7600000000 
H 2.9000000000 4.2000000000 6.2800000000 
O 8.0200000000 1.3900000000 5.9000000000 
H 8.9200000000 1.6100000000 6.3400000000 
H 8.2400000000 1.0900000000 5.0100000000 
O 8.4400000000 2.5600000000 9.4300000000 
H 9.3100000000 2.1700000000 9.5400000000 
H 8.7100000000 3.3200000000 8.9500000000 
O 1.0100000000 7.5000000000 2.9500000000 
H 0.7600000000 8.3500000000 2.5000000000 
H 0.7600000000 6.8500000000 2.3800000000 
O 3.8000000000 6.7700000000 2.6100000000 
H 3.9300000000 7.7500000000 2.7900000000 
H 2.8000000000 6.7700000000 2.7100000000 
O 2.3500000000 7.3500000000 6.2600000000 
H 1.6100000000 7.2300000000 5.6300000000 
H 2.4400000000 6.3900000000 6.5300000000 
O 3.6300000000 3.5200000000 9.6000000000 
H 4.2800000000 3.6600000000 8.9200000000 
H 2.8000000000 3.6900000000 9.1600000000 
O 5.3200000000 1.3400000000 6.4400000000 
H 4.9200000000 2.0300000000 5.9200000000 
H 6.3300000000 1.4900000000 6.3400000000 
O 4.6400000000 5.5300000000 7.8300000000 
H 4.9900000000 5.2800000000 6.9100000000 
H 4.1700000000 6.3900000000 7.6700000000 
O 0.7000000000 5.4000000000 0.9800000000 
H 9.6400000000 5.0900000000 1.1100000000 
H 0.5300000000 5.8300000000 0.1000000000 
O 6.5100000000 1.3000000000 1.2200000000 
H 6.2700000000 0.6400000000 0.5700000000 
H 7.0600000000 1.9800000000 0.7000000000 
O 2.9200000000 0.1400000000 5.6100000000 
H 3.1100000000 9.1000000000 5.8000000000 
H 3.7700000000 0.4800000000 5.6500000000 
O 4.6000000000 9.4400000000 2.7000000000 
H 5.3200000000 9.8300000000 2.2300000000 
H 4.2700000000 0.3100000000 3.2500000000 
O 7.9100000000 5.3100000000 6.3400000000 
H 7.6500000000 6.1800000000 5.9500000000 
H 7.5600000000 4.6100000000 5.6500000000 
O 7.6100000000 5.6800000000 2.4000000000 
H 6.9800000000 5.8200000000 1.6500000000 
H 8.0600000000 6.6000000000 2.4600000000 
O 1.5100000000 2.6600000000 2.1100000000 
H 1.3600000000 3.2200000000 1.3400000000 
H 2.5000000000 2.6000000000 2.2000000000 
O 5.5800000000 6.3800000000 0.5900000000 
H 5.2100000000 5.6000000000 0.0400000000 
H 4.8900000000 6.4400000000 1.2900000000 

