&CONTROL
/
&SYSTEM
   ntyp             = 2
   nat              = 96
   ibrav            = 0
/
&ELECTRONS
/
&IONS
/
&CELL
/

ATOMIC_SPECIES
O 15.999 None
H 1.008 None

K_POINTS gamma

CELL_PARAMETERS angstrom
9.86520000000000 0.00000000000000 0.00000000000000
0.00000000000000 9.86520000000000 0.00000000000000
0.00000000000000 0.00000000000000 9.86520000000000

ATOMIC_POSITIONS angstrom
O 3.3600000000 4.0400000000 3.6600000000 
H 3.4400000000 4.4500000000 2.7800000000 
H 2.7300000000 3.3700000000 3.4400000000 
O 2.7300000000 9.0500000000 0.0800000000 
H 2.4200000000 8.0900000000 0.1800000000 
H 3.7000000000 8.9200000000 0.1100000000 
O 6.9700000000 3.5900000000 3.2100000000 
H 7.7700000000 4.1200000000 3.0700000000 
H 6.3800000000 4.0400000000 2.5300000000 
O 7.7900000000 9.4600000000 9.5200000000 
H 8.6900000000 9.5200000000 9.1200000000 
H 7.9700000000 0.1400000000 0.4600000000 
O 0.0200000000 7.6800000000 6.4600000000 
H 0.0600000000 8.1200000000 5.5200000000 
H 0.2500000000 8.4200000000 7.0700000000 
O 5.5000000000 5.0800000000 5.1700000000 
H 6.2500000000 4.4900000000 5.0500000000 
H 4.7200000000 4.7800000000 4.5600000000 
O 2.4600000000 1.8900000000 7.4000000000 
H 3.4400000000 1.5500000000 7.5200000000 
H 2.3300000000 1.5100000000 6.5000000000 
O 5.0900000000 8.1500000000 2.7800000000 
H 4.4300000000 7.8900000000 3.4800000000 
H 5.9900000000 8.0900000000 3.2300000000 
O 7.5300000000 2.0700000000 7.4800000000 
H 7.3200000000 3.0500000000 7.7000000000 
H 8.5100000000 2.2500000000 7.4600000000 
O 0.2000000000 9.1900000000 4.2800000000 
H 1.0500000000 9.7600000000 4.2700000000 
H 9.3400000000 9.8500000000 4.2500000000 
O 5.3800000000 1.5600000000 0.4300000000 
H 6.2900000000 1.4800000000 0.8400000000 
H 5.3800000000 2.4300000000 0.0600000000 
O 5.4900000000 4.0800000000 9.0200000000 
H 6.3100000000 4.6100000000 8.8800000000 
H 4.9300000000 4.2800000000 8.3100000000 
O 7.7700000000 5.2600000000 8.1500000000 
H 8.3900000000 4.9000000000 7.4800000000 
H 7.7300000000 6.1900000000 7.8900000000 
O 4.6900000000 9.1400000000 5.4900000000 
H 4.8600000000 9.5900000000 6.3300000000 
H 5.6500000000 9.0900000000 5.0500000000 
O 5.3600000000 8.2300000000 9.8400000000 
H 5.2400000000 8.1300000000 0.9800000000 
H 6.2700000000 8.5600000000 9.7300000000 
O 8.2600000000 1.4500000000 4.5900000000 
H 8.4100000000 1.4500000000 5.5300000000 
H 7.8000000000 2.2600000000 4.4000000000 
O 4.2900000000 6.3500000000 7.1600000000 
H 4.3900000000 7.3700000000 7.1200000000 
H 4.7700000000 5.9800000000 6.3300000000 
O 1.4200000000 3.4800000000 9.2300000000 
H 1.6300000000 2.8400000000 8.4700000000 
H 1.0400000000 4.2700000000 8.8100000000 
O 1.8000000000 6.4300000000 0.3800000000 
H 2.5800000000 6.0200000000 0.7700000000 
H 1.5400000000 5.9300000000 9.4200000000 
O 5.2300000000 0.9500000000 7.4800000000 
H 6.1600000000 1.3400000000 7.5000000000 
H 5.0000000000 1.0700000000 8.4500000000 
O 1.0700000000 2.4400000000 1.9100000000 
H 1.2900000000 2.9900000000 1.1100000000 
H 1.9800000000 2.0500000000 1.9900000000 
O 9.4800000000 4.6900000000 3.6500000000 
H 0.1700000000 4.2000000000 3.0400000000 
H 0.1200000000 5.5500000000 3.5900000000 
O 4.4900000000 5.4900000000 1.3300000000 
H 5.0100000000 6.2500000000 1.2700000000 
H 4.9500000000 4.9500000000 0.6100000000 
O 8.4100000000 1.2500000000 1.5600000000 
H 8.2800000000 1.5300000000 2.5300000000 
H 9.3200000000 1.4600000000 1.3100000000 
O 3.4400000000 1.2900000000 2.1300000000 
H 3.0000000000 0.5100000000 1.6600000000 
H 4.2300000000 1.2000000000 1.5200000000 
O 6.9600000000 7.5100000000 4.5900000000 
H 7.9200000000 7.2900000000 4.3900000000 
H 6.7300000000 6.7300000000 5.1200000000 
O 9.4900000000 4.0100000000 6.3000000000 
H 0.6000000000 4.1900000000 6.3900000000 
H 9.5000000000 4.2300000000 5.3500000000 
O 9.7200000000 7.2100000000 2.3500000000 
H 9.7400000000 8.1800000000 2.6500000000 
H 0.6800000000 7.0600000000 1.8100000000 
O 2.4700000000 0.7300000000 4.6500000000 
H 3.2800000000 0.3000000000 5.0100000000 
H 2.8600000000 0.9000000000 3.7600000000 
O 0.5800000000 0.1300000000 8.5200000000 
H 1.2200000000 9.6900000000 9.2000000000 
H 1.0500000000 0.9000000000 8.1700000000 
O 1.5700000000 5.8900000000 7.6000000000 
H 2.5200000000 5.9800000000 7.5100000000 
H 1.1300000000 6.7200000000 7.2000000000 
O 7.5800000000 5.5600000000 1.3000000000 
H 7.5500000000 5.6200000000 0.3100000000 
H 8.1400000000 6.3500000000 1.6000000000 

