&CONTROL
/
&SYSTEM
   ntyp             = 2
   nat              = 96
   ibrav            = 0
/
&ELECTRONS
/
&IONS
/
&CELL
/

ATOMIC_SPECIES
O 15.999 None
H 1.008 None

K_POINTS gamma

CELL_PARAMETERS angstrom
9.86520000000000 0.00000000000000 0.00000000000000
0.00000000000000 9.86520000000000 0.00000000000000
0.00000000000000 0.00000000000000 9.86520000000000

ATOMIC_POSITIONS angstrom
O 0.8200000000 8.8800000000 6.1100000000 
H 0.6800000000 0.0000000000 6.1200000000 
H 1.3000000000 8.7600000000 5.2000000000 
O 6.5900000000 0.5800000000 6.2700000000 
H 7.2800000000 1.2700000000 6.4900000000 
H 6.8500000000 9.8000000000 7.0400000000 
O 7.7300000000 9.6300000000 8.3900000000 
H 8.4300000000 8.9600000000 8.5600000000 
H 7.5500000000 9.8200000000 9.3500000000 
O 4.4800000000 7.4400000000 6.4300000000 
H 3.5900000000 7.7700000000 6.6200000000 
H 4.3900000000 6.4800000000 6.6900000000 
O 4.6600000000 5.9700000000 1.9800000000 
H 4.0500000000 5.3900000000 2.4600000000 
H 4.3400000000 6.8100000000 2.3400000000 
O 4.6100000000 4.8000000000 6.6700000000 
H 5.0800000000 4.8900000000 7.5500000000 
H 3.7900000000 4.4400000000 6.9800000000 
O 5.5500000000 5.4300000000 9.1000000000 
H 4.9200000000 5.8100000000 9.7300000000 
H 6.3200000000 6.0000000000 9.3000000000 
O 7.5100000000 0.3600000000 1.2900000000 
H 8.2500000000 0.7200000000 1.8600000000 
H 6.8700000000 1.0800000000 1.3600000000 
O 1.3600000000 4.2000000000 9.1500000000 
H 1.8900000000 5.0700000000 9.1100000000 
H 1.2500000000 4.0700000000 8.1600000000 
O 4.5500000000 1.4000000000 4.5200000000 
H 4.7500000000 2.3100000000 4.2700000000 
H 5.3300000000 0.9800000000 4.9900000000 
O 1.6200000000 1.2400000000 9.6700000000 
H 2.2500000000 1.0000000000 8.9300000000 
H 1.6100000000 2.2000000000 9.5600000000 
O 3.4000000000 1.1400000000 7.4700000000 
H 4.0300000000 1.2100000000 6.7000000000 
H 3.7000000000 0.3300000000 7.8900000000 
O 8.4200000000 4.5100000000 3.9500000000 
H 8.4400000000 4.5800000000 2.9900000000 
H 8.8600000000 5.3600000000 4.3100000000 
O 2.0100000000 4.0000000000 6.4900000000 
H 2.2400000000 4.5900000000 5.7300000000 
H 1.9900000000 3.1500000000 5.9600000000 
O 8.1100000000 6.9200000000 9.4900000000 
H 8.1900000000 7.0300000000 0.6300000000 
H 9.0000000000 7.2300000000 9.2300000000 
O 5.8300000000 2.6900000000 1.8100000000 
H 6.3400000000 3.3200000000 1.2600000000 
H 5.9400000000 3.0200000000 2.8000000000 
O 5.4400000000 3.9800000000 4.1800000000 
H 4.9900000000 4.4200000000 4.9000000000 
H 6.1700000000 4.5400000000 4.1700000000 
O 4.6000000000 8.7300000000 9.2400000000 
H 5.2000000000 8.7200000000 0.1900000000 
H 5.1800000000 8.5700000000 8.4800000000 
O 1.4300000000 9.2400000000 3.2100000000 
H 2.4000000000 9.3600000000 2.9600000000 
H 1.0500000000 0.1500000000 2.7300000000 
O 9.8400000000 6.8100000000 4.5400000000 
H 9.8300000000 7.5500000000 3.9100000000 
H 0.1800000000 7.3400000000 5.3800000000 
O 2.2600000000 5.2700000000 3.6400000000 
H 1.9500000000 4.4900000000 3.2100000000 
H 1.3900000000 5.6800000000 3.8700000000 
O 1.5100000000 2.0200000000 4.5300000000 
H 0.9000000000 1.7200000000 3.8900000000 
H 2.3200000000 1.8500000000 4.1200000000 
O 4.3600000000 9.3300000000 2.4300000000 
H 5.2500000000 9.0600000000 2.4300000000 
H 4.4100000000 0.2100000000 3.1300000000 
O 7.5100000000 3.4800000000 9.3000000000 
H 6.6800000000 4.0500000000 9.2200000000 
H 7.6300000000 3.3200000000 8.3400000000 
O 2.6700000000 3.0200000000 1.9800000000 
H 3.5700000000 2.7100000000 2.0900000000 
H 2.5800000000 3.2100000000 1.0400000000 
O 9.4600000000 4.1500000000 1.3500000000 
H 0.3400000000 4.1700000000 0.6700000000 
H 8.6700000000 3.8900000000 0.7100000000 
O 0.1100000000 1.5800000000 2.2700000000 
H 9.7700000000 2.6100000000 2.1900000000 
H 0.7000000000 1.4800000000 1.4400000000 
O 8.8800000000 2.6100000000 6.2700000000 
H 8.4600000000 3.2300000000 5.6400000000 
H 9.8300000000 2.7000000000 6.1300000000 
O 7.5100000000 6.8800000000 2.3300000000 
H 6.5700000000 6.6800000000 2.3100000000 
H 7.5700000000 7.2100000000 3.2900000000 
O 0.5100000000 8.5100000000 8.6600000000 
H 0.4700000000 8.6200000000 7.6700000000 
H 0.6500000000 9.4000000000 9.0000000000 
O 2.8800000000 6.5500000000 9.1000000000 
H 1.9600000000 6.8600000000 8.8200000000 
H 3.3300000000 7.4500000000 9.2700000000 
O 6.5000000000 8.3200000000 4.5200000000 
H 6.6800000000 9.0800000000 5.1000000000 
H 5.7500000000 7.8800000000 5.0300000000 

