&CONTROL
/
&SYSTEM
   ntyp             = 2
   nat              = 96
   ibrav            = 0
/
&ELECTRONS
/
&IONS
/
&CELL
/

ATOMIC_SPECIES
O 15.999 None
H 1.008 None

K_POINTS gamma

CELL_PARAMETERS angstrom
9.86520000000000 0.00000000000000 0.00000000000000
0.00000000000000 9.86520000000000 0.00000000000000
0.00000000000000 0.00000000000000 9.86520000000000

ATOMIC_POSITIONS angstrom
O 1.1600000000 5.2200000000 3.5400000000 
H 0.4300000000 4.7300000000 4.0100000000 
H 1.8700000000 4.4900000000 3.4400000000 
O 7.4300000000 9.4800000000 1.1000000000 
H 6.6800000000 0.1100000000 0.6500000000 
H 7.1300000000 8.4800000000 0.8900000000 
O 3.5100000000 2.1100000000 7.5700000000 
H 4.2800000000 2.2600000000 6.9900000000 
H 3.8000000000 1.3100000000 8.0000000000 
O 3.6200000000 5.7300000000 7.2700000000 
H 4.6000000000 5.5200000000 7.3500000000 
H 3.5000000000 6.0300000000 6.3800000000 
O 5.0800000000 3.0900000000 0.7000000000 
H 5.8600000000 3.4600000000 0.2300000000 
H 5.0800000000 2.1600000000 0.3400000000 
O 2.4800000000 7.6400000000 2.7000000000 
H 1.6800000000 7.2800000000 3.0800000000 
H 2.7900000000 6.9000000000 2.1000000000 
O 2.3100000000 8.5900000000 6.9300000000 
H 2.4900000000 8.4200000000 7.8600000000 
H 1.3500000000 8.2900000000 6.8700000000 
O 1.1100000000 1.4600000000 6.4800000000 
H 0.9000000000 0.9500000000 7.3200000000 
H 2.0400000000 1.7800000000 6.5400000000 
O 2.2200000000 0.5000000000 2.7100000000 
H 2.1200000000 9.3700000000 2.6500000000 
H 1.7000000000 0.7100000000 3.4600000000 
O 1.6300000000 2.4200000000 0.5100000000 
H 1.1900000000 1.7500000000 0.0900000000 
H 2.1200000000 1.8700000000 1.2300000000 
O 3.3300000000 5.7900000000 0.6200000000 
H 3.1100000000 5.0700000000 1.1500000000 
H 3.2700000000 5.3200000000 9.6100000000 
O 9.5900000000 4.4900000000 1.0500000000 
H 0.1600000000 3.6000000000 0.9400000000 
H 0.2800000000 4.9600000000 1.7200000000 
O 3.8700000000 8.3300000000 9.7900000000 
H 3.7700000000 7.3200000000 9.8100000000 
H 3.3900000000 8.6300000000 0.7400000000 
O 9.6300000000 3.0700000000 4.5600000000 
H 9.8000000000 2.5800000000 5.3300000000 
H 9.0400000000 2.4900000000 4.0000000000 
O 6.6700000000 7.6700000000 6.0000000000 
H 6.6700000000 6.6600000000 6.2400000000 
H 5.6900000000 7.7000000000 5.6600000000 
O 6.0700000000 3.2200000000 4.3400000000 
H 5.4700000000 2.4500000000 4.0900000000 
H 6.8900000000 2.8100000000 3.9600000000 
O 7.9600000000 1.2500000000 3.3900000000 
H 8.5500000000 0.5400000000 3.6400000000 
H 7.8200000000 0.7600000000 2.5200000000 
O 4.5600000000 0.9500000000 4.3000000000 
H 3.7400000000 1.2500000000 3.7800000000 
H 4.7800000000 0.0800000000 3.9400000000 
O 3.5800000000 3.8000000000 2.7400000000 
H 4.2300000000 3.9100000000 3.4300000000 
H 4.1200000000 3.6000000000 1.9600000000 
O 9.3200000000 5.1500000000 7.0700000000 
H 0.2500000000 4.8400000000 7.5500000000 
H 9.6000000000 5.2100000000 6.0800000000 
O 7.3600000000 4.3000000000 9.3000000000 
H 7.8400000000 4.3100000000 8.4700000000 
H 8.1500000000 4.4500000000 0.1100000000 
O 9.2100000000 9.0600000000 4.2100000000 
H 8.8500000000 8.1800000000 3.9300000000 
H 9.0400000000 9.1500000000 5.2100000000 
O 1.6100000000 4.4200000000 8.5200000000 
H 2.3500000000 4.6300000000 7.9400000000 
H 1.8400000000 3.5300000000 8.7900000000 
O 9.5300000000 8.0400000000 6.9100000000 
H 9.4500000000 7.7700000000 7.8100000000 
H 8.7600000000 7.5700000000 6.5100000000 
O 6.4200000000 6.3400000000 1.3000000000 
H 6.6900000000 5.5300000000 0.7600000000 
H 5.4400000000 6.1400000000 1.4500000000 
O 8.1800000000 6.3900000000 3.4400000000 
H 7.5600000000 6.4000000000 2.6900000000 
H 7.6900000000 6.4700000000 4.2900000000 
O 5.3900000000 0.5800000000 9.4500000000 
H 5.5900000000 0.5500000000 8.4700000000 
H 4.8200000000 9.6500000000 9.5500000000 
O 4.1300000000 7.5300000000 5.0900000000 
H 3.5500000000 8.1800000000 5.5700000000 
H 3.6500000000 7.4300000000 4.2600000000 
O 0.4900000000 7.2100000000 9.3700000000 
H 1.2000000000 6.6000000000 9.2200000000 
H 9.7900000000 6.6900000000 0.0700000000 
O 6.4500000000 4.9900000000 6.3300000000 
H 6.3100000000 4.4300000000 5.5400000000 
H 7.2600000000 4.5200000000 6.6900000000 
O 5.8200000000 0.3300000000 6.9200000000 
H 5.3100000000 0.4400000000 6.0700000000 
H 6.6000000000 9.6000000000 6.6900000000 
O 0.2000000000 0.2400000000 9.4500000000 
H 9.3600000000 0.0700000000 0.2800000000 
H 0.5800000000 9.2400000000 9.4400000000 

