&CONTROL
/
&SYSTEM
   ntyp             = 2
   nat              = 96
   ibrav            = 0
/
&ELECTRONS
/
&IONS
/
&CELL
/

ATOMIC_SPECIES
O 15.999 None
H 1.008 None

K_POINTS gamma

CELL_PARAMETERS angstrom
9.86520000000000 0.00000000000000 0.00000000000000
0.00000000000000 9.86520000000000 0.00000000000000
0.00000000000000 0.00000000000000 9.86520000000000

ATOMIC_POSITIONS angstrom
O 5.2800000000 6.1500000000 4.5200000000 
H 4.5900000000 6.0200000000 5.1700000000 
H 4.8800000000 6.7100000000 3.7900000000 
O 2.7000000000 9.5900000000 8.6500000000 
H 3.3300000000 0.4500000000 8.5500000000 
H 1.8300000000 0.1600000000 8.3700000000 
O 7.3400000000 0.1500000000 6.8000000000 
H 6.8600000000 0.7000000000 7.4000000000 
H 7.6400000000 0.8300000000 6.1600000000 
O 4.8100000000 1.7100000000 5.5300000000 
H 3.9000000000 1.9200000000 5.5000000000 
H 4.9800000000 1.7300000000 6.5300000000 
O 3.5800000000 2.1600000000 2.1400000000 
H 3.0700000000 2.9600000000 2.4200000000 
H 4.4900000000 2.5200000000 1.7000000000 
O 2.5100000000 3.2400000000 6.2800000000 
H 1.8500000000 2.5300000000 6.5300000000 
H 2.9100000000 3.5400000000 7.1400000000 
O 2.2500000000 4.4900000000 3.8400000000 
H 2.2400000000 5.4400000000 4.1000000000 
H 2.2200000000 3.9200000000 4.7200000000 
O 7.4700000000 7.3100000000 0.4000000000 
H 6.5900000000 7.4700000000 0.7700000000 
H 7.4900000000 6.3700000000 0.7700000000 
O 5.4900000000 0.4700000000 3.2600000000 
H 4.5200000000 0.7900000000 3.0000000000 
H 5.5100000000 0.9300000000 4.2300000000 
O 7.2700000000 5.1800000000 1.7400000000 
H 8.2600000000 4.9300000000 1.8200000000 
H 6.9200000000 4.5200000000 2.3300000000 
O 3.4100000000 6.5500000000 6.4700000000 
H 2.4400000000 6.6500000000 6.2800000000 
H 3.4100000000 5.8500000000 7.1800000000 
O 6.6000000000 3.9300000000 8.6200000000 
H 6.8800000000 4.5300000000 7.9500000000 
H 7.1300000000 4.0800000000 9.4400000000 
O 0.6800000000 1.2700000000 7.2900000000 
H 0.2200000000 0.5400000000 7.7300000000 
H 9.7700000000 1.7500000000 6.7500000000 
O 5.3500000000 1.4700000000 8.1300000000 
H 5.8300000000 1.1800000000 8.9800000000 
H 5.5900000000 2.4200000000 8.1500000000 
O 2.1900000000 6.1500000000 0.6900000000 
H 3.0600000000 6.6300000000 0.3600000000 
H 1.5900000000 6.2600000000 9.7700000000 
O 0.7100000000 6.8800000000 5.5100000000 
H 9.6200000000 6.8100000000 5.1800000000 
H 1.0800000000 7.2300000000 4.6600000000 
O 9.8500000000 4.5500000000 2.1300000000 
H 0.4400000000 5.1000000000 1.4000000000 
H 0.5400000000 4.7300000000 2.8800000000 
O 5.9200000000 3.5000000000 3.4800000000 
H 5.6000000000 2.8500000000 4.1800000000 
H 5.6700000000 4.3700000000 3.7800000000 
O 5.2800000000 7.5500000000 2.1400000000 
H 5.3700000000 8.4900000000 2.5600000000 
H 4.7200000000 7.5200000000 1.3700000000 
O 3.5900000000 4.3700000000 8.3500000000 
H 4.5000000000 4.2400000000 8.7500000000 
H 3.1500000000 4.5900000000 9.1500000000 
O 9.5300000000 9.1600000000 9.4200000000 
H 8.6300000000 8.7300000000 9.5500000000 
H 9.6800000000 9.5400000000 0.4500000000 
O 9.3700000000 0.1700000000 2.4000000000 
H 0.4800000000 9.7200000000 2.3700000000 
H 8.8200000000 9.3700000000 2.9000000000 
O 8.7300000000 2.4300000000 1.0700000000 
H 9.2300000000 3.0300000000 1.6100000000 
H 9.0400000000 1.5700000000 1.4100000000 
O 8.4100000000 2.6800000000 5.8300000000 
H 8.1100000000 2.7200000000 4.8500000000 
H 8.2600000000 3.5900000000 6.0700000000 
O 2.1500000000 7.2300000000 3.1700000000 
H 2.3700000000 8.1700000000 3.0200000000 
H 2.2100000000 6.6700000000 2.3600000000 
O 4.2900000000 7.3500000000 9.4100000000 
H 4.7200000000 7.0100000000 8.5900000000 
H 3.5600000000 7.9900000000 9.1000000000 
O 7.2500000000 5.1400000000 6.0800000000 
H 7.3500000000 6.0200000000 6.6100000000 
H 6.5800000000 5.4200000000 5.4200000000 
O 7.1200000000 7.3800000000 7.3000000000 
H 7.2900000000 7.3800000000 8.2100000000 
H 7.3700000000 8.3000000000 6.9400000000 
O 6.3500000000 1.1700000000 0.6800000000 
H 6.1500000000 0.9400000000 1.6400000000 
H 7.2300000000 1.7000000000 0.7800000000 
O 0.6200000000 6.7000000000 8.5300000000 
H 0.6300000000 6.7500000000 7.5300000000 
H 0.2100000000 7.5000000000 8.8600000000 
O 2.1200000000 9.7300000000 1.6700000000 
H 2.6300000000 0.6200000000 1.9800000000 
H 2.3700000000 9.8400000000 0.6800000000 
O 8.1000000000 7.3800000000 3.8500000000 
H 7.9200000000 6.7700000000 3.1100000000 
H 7.2200000000 7.6600000000 4.2400000000 

