&CONTROL
/
&SYSTEM
   ntyp             = 2
   nat              = 96
   ibrav            = 0
/
&ELECTRONS
/
&IONS
/
&CELL
/

ATOMIC_SPECIES
O 15.999 None
H 1.008 None

K_POINTS gamma

CELL_PARAMETERS angstrom
9.86520000000000 0.00000000000000 0.00000000000000
0.00000000000000 9.86520000000000 0.00000000000000
0.00000000000000 0.00000000000000 9.86520000000000

ATOMIC_POSITIONS angstrom
O 3.2100000000 3.3600000000 0.8600000000 
H 2.7600000000 3.5500000000 0.0000000000 
H 2.6500000000 3.9200000000 1.5000000000 
O 8.8000000000 2.9400000000 2.3700000000 
H 8.2500000000 2.6800000000 1.5800000000 
H 8.4900000000 3.8400000000 2.3900000000 
O 7.1600000000 4.5700000000 5.2200000000 
H 6.2300000000 4.3300000000 5.0600000000 
H 7.2500000000 4.7400000000 4.1700000000 
O 3.3900000000 6.7400000000 9.8100000000 
H 2.8100000000 7.4900000000 9.5400000000 
H 2.9800000000 5.9700000000 9.3400000000 
O 8.3900000000 1.5500000000 4.7100000000 
H 8.4800000000 1.8300000000 3.7600000000 
H 9.0800000000 2.1500000000 5.0200000000 
O 4.4000000000 6.2400000000 2.4000000000 
H 5.1500000000 6.8500000000 2.3600000000 
H 3.9300000000 6.2800000000 1.4900000000 
O 5.4400000000 8.8300000000 6.1300000000 
H 4.7200000000 8.6200000000 5.5500000000 
H 5.2000000000 9.7100000000 6.4700000000 
O 7.2700000000 5.3000000000 2.3800000000 
H 6.7600000000 5.1400000000 1.5900000000 
H 7.5800000000 6.2100000000 2.2300000000 
O 8.2200000000 8.7600000000 5.0600000000 
H 8.5100000000 9.6300000000 4.7800000000 
H 7.2700000000 9.0100000000 5.2100000000 
O 1.9700000000 0.3600000000 4.3500000000 
H 2.4000000000 9.4100000000 4.5700000000 
H 1.3300000000 0.0800000000 3.6900000000 
O 6.3900000000 3.2800000000 0.3900000000 
H 5.4100000000 3.3100000000 0.6700000000 
H 6.3500000000 3.5400000000 9.3400000000 
O 9.6400000000 2.3900000000 8.4200000000 
H 8.8600000000 1.8900000000 8.2300000000 
H 0.4600000000 1.8300000000 8.0000000000 
O 9.3900000000 7.5100000000 2.4200000000 
H 9.1800000000 7.9500000000 3.2800000000 
H 9.5800000000 8.3600000000 1.8600000000 
O 1.8300000000 9.4200000000 9.4500000000 
H 2.0700000000 0.1600000000 8.7100000000 
H 1.0600000000 8.9000000000 9.1300000000 
O 6.7100000000 9.5300000000 9.2200000000 
H 6.8000000000 0.2300000000 8.4000000000 
H 6.0700000000 0.1700000000 9.7000000000 
O 4.2500000000 0.7300000000 1.2000000000 
H 3.6500000000 0.0300000000 0.9000000000 
H 3.7700000000 1.5700000000 1.1000000000 
O 3.2200000000 7.9600000000 4.5500000000 
H 3.0200000000 7.2000000000 5.1100000000 
H 3.2900000000 7.4900000000 3.6200000000 
O 4.4300000000 1.6000000000 5.5600000000 
H 4.5400000000 2.4400000000 5.0400000000 
H 3.6700000000 1.1200000000 5.0900000000 
O 9.2300000000 6.5000000000 6.1300000000 
H 8.6900000000 5.7300000000 5.7200000000 
H 9.0100000000 7.3300000000 5.5800000000 
O 9.5700000000 4.8200000000 9.2100000000 
H 9.4100000000 3.8700000000 8.8900000000 
H 8.7200000000 5.3400000000 9.1200000000 
O 2.3600000000 4.4200000000 8.3300000000 
H 2.4600000000 4.9900000000 7.4600000000 
H 1.4000000000 4.5000000000 8.5700000000 
O 1.1900000000 5.1600000000 1.8500000000 
H 0.7400000000 4.9700000000 1.0100000000 
H 0.7000000000 5.9000000000 2.1700000000 
O 4.3600000000 4.0500000000 4.3900000000 
H 4.4000000000 4.4900000000 3.5200000000 
H 3.4500000000 3.6900000000 4.4200000000 
O 5.9600000000 7.0200000000 7.9300000000 
H 5.9300000000 7.4500000000 7.0300000000 
H 5.9300000000 7.7800000000 8.5100000000 
O 9.3900000000 8.1600000000 8.3500000000 
H 9.1900000000 7.5900000000 7.5900000000 
H 8.5200000000 8.2700000000 8.7700000000 
O 6.7500000000 4.4000000000 7.9100000000 
H 6.3400000000 5.3200000000 8.1000000000 
H 6.9600000000 4.5100000000 6.9600000000 
O 2.4400000000 1.5600000000 7.7700000000 
H 2.8700000000 1.6800000000 6.9600000000 
H 2.5800000000 2.4500000000 8.1000000000 
O 2.0000000000 5.6900000000 6.0200000000 
H 1.0200000000 5.9900000000 6.1500000000 
H 1.9000000000 4.9400000000 5.3200000000 
O 6.9900000000 1.5200000000 7.3200000000 
H 6.7500000000 2.4700000000 7.3900000000 
H 7.0400000000 1.3700000000 6.3400000000 
O 0.3800000000 0.1600000000 1.7000000000 
H 0.0600000000 1.0800000000 1.4600000000 
H 1.2100000000 0.0900000000 1.1300000000 
O 1.5600000000 3.6000000000 4.2700000000 
H 1.6200000000 2.6400000000 4.1400000000 
H 1.2100000000 4.0600000000 3.5300000000 
O 6.5100000000 8.2800000000 2.1200000000 
H 7.0300000000 8.5500000000 1.3700000000 
H 5.7900000000 8.9300000000 2.1800000000 

