&CONTROL
/
&SYSTEM
   ntyp             = 2
   nat              = 96
   ibrav            = 0
/
&ELECTRONS
/
&IONS
/
&CELL
/

ATOMIC_SPECIES
O 15.999 None
H 1.008 None

K_POINTS gamma

CELL_PARAMETERS angstrom
9.86520000000000 0.00000000000000 0.00000000000000
0.00000000000000 9.86520000000000 0.00000000000000
0.00000000000000 0.00000000000000 9.86520000000000

ATOMIC_POSITIONS angstrom
O 4.9100000000 9.0900000000 0.1800000000 
H 4.7000000000 9.3100000000 9.0900000000 
H 5.7500000000 8.6200000000 0.1300000000 
O 1.7200000000 0.4200000000 7.4900000000 
H 1.4500000000 0.8200000000 6.7200000000 
H 0.8200000000 0.3600000000 7.9700000000 
O 4.3700000000 6.0500000000 3.9900000000 
H 3.6600000000 5.4800000000 4.4000000000 
H 3.7900000000 6.6300000000 3.4900000000 
O 3.2400000000 8.7600000000 5.3000000000 
H 3.4100000000 8.5000000000 4.4000000000 
H 2.7600000000 9.6200000000 5.1800000000 
O 6.1900000000 3.5100000000 2.0500000000 
H 6.0500000000 3.9500000000 2.9400000000 
H 6.7500000000 2.7800000000 2.2300000000 
O 5.6500000000 4.5800000000 9.2600000000 
H 5.9600000000 4.2500000000 0.2800000000 
H 5.5400000000 3.6700000000 8.8200000000 
O 6.3100000000 4.5100000000 4.7000000000 
H 5.8000000000 5.2500000000 4.3900000000 
H 7.0200000000 4.9400000000 5.2000000000 
O 1.0500000000 0.7600000000 1.5500000000 
H 1.2700000000 1.5100000000 1.0400000000 
H 1.9900000000 0.5800000000 1.7700000000 
O 3.4200000000 8.1800000000 2.2500000000 
H 3.3700000000 7.3800000000 1.6900000000 
H 4.0700000000 8.7700000000 1.7700000000 
O 7.5700000000 7.6700000000 2.9600000000 
H 8.4700000000 7.8300000000 2.6600000000 
H 7.1300000000 7.3900000000 2.1900000000 
O 5.0400000000 9.2800000000 7.3200000000 
H 5.7800000000 8.7100000000 7.0400000000 
H 4.3100000000 9.1500000000 6.6400000000 
O 7.2100000000 5.4700000000 7.2400000000 
H 6.3700000000 5.3500000000 7.8000000000 
H 7.1400000000 6.4000000000 6.9300000000 
O 9.8500000000 8.6500000000 5.4200000000 
H 9.8400000000 9.6700000000 5.4700000000 
H 9.8000000000 8.3800000000 4.4800000000 
O 1.4700000000 3.3000000000 9.7200000000 
H 2.1800000000 3.1300000000 9.1100000000 
H 0.6400000000 3.4400000000 9.1600000000 
O 8.6600000000 1.9700000000 2.3600000000 
H 9.0200000000 2.3300000000 3.2000000000 
H 9.3800000000 1.6400000000 1.8200000000 
O 9.5100000000 1.5500000000 6.2500000000 
H 9.3100000000 2.1400000000 7.0100000000 
H 9.5400000000 2.3100000000 5.6200000000 
O 3.8200000000 1.5900000000 2.3400000000 
H 4.2100000000 2.3500000000 1.9400000000 
H 4.4700000000 0.9000000000 2.2800000000 
O 2.4800000000 7.4500000000 7.6300000000 
H 1.9800000000 8.3400000000 7.8600000000 
H 2.7500000000 7.7800000000 6.7800000000 
O 2.4800000000 1.4000000000 4.6600000000 
H 2.3100000000 2.3000000000 4.8900000000 
H 3.2400000000 1.3900000000 4.0400000000 
O 1.8300000000 4.3900000000 2.3100000000 
H 2.4700000000 4.9700000000 1.8500000000 
H 1.4900000000 3.8700000000 1.5300000000 
O 6.3900000000 7.4100000000 5.5100000000 
H 6.8200000000 7.4100000000 4.6100000000 
H 5.4800000000 7.0500000000 5.2300000000 
O 2.6300000000 4.1400000000 5.5700000000 
H 1.9400000000 4.6500000000 5.9900000000 
H 3.1800000000 3.7600000000 6.3300000000 
O 6.3400000000 0.3800000000 3.5200000000 
H 7.2000000000 0.8800000000 3.5800000000 
H 6.6400000000 9.3000000000 3.6900000000 
O 8.3000000000 8.4000000000 7.8500000000 
H 8.1600000000 9.3200000000 7.4700000000 
H 8.8300000000 8.0200000000 7.0600000000 
O 9.7500000000 3.5400000000 4.3100000000 
H 9.4900000000 4.4600000000 4.2700000000 
H 0.7400000000 3.6600000000 3.8100000000 
O 0.6800000000 5.9900000000 6.4000000000 
H 0.1200000000 6.7900000000 6.2200000000 
H 1.4600000000 6.2300000000 6.9700000000 
O 5.7600000000 1.9900000000 5.9500000000 
H 5.7400000000 1.3400000000 5.2500000000 
H 5.8900000000 2.9000000000 5.5300000000 
O 0.3600000000 8.3500000000 2.6400000000 
H 1.1800000000 7.8700000000 2.4000000000 
H 0.3600000000 9.2700000000 2.2200000000 
O 3.5700000000 2.4700000000 7.6000000000 
H 3.3600000000 1.6000000000 7.8700000000 
H 4.5100000000 2.3400000000 7.2100000000 
O 6.8700000000 7.2000000000 0.2800000000 
H 6.7200000000 6.2700000000 0.1700000000 
H 7.5500000000 7.4600000000 9.4000000000 
O 9.1800000000 3.8300000000 7.7500000000 
H 8.3700000000 4.3900000000 7.8500000000 
H 9.6100000000 4.5500000000 7.2200000000 
O 3.2800000000 6.0600000000 0.3700000000 
H 3.9600000000 5.5200000000 9.7900000000 
H 2.8300000000 6.5300000000 9.4900000000 

