&CONTROL
/
&SYSTEM
   ntyp             = 2
   nat              = 96
   ibrav            = 0
/
&ELECTRONS
/
&IONS
/
&CELL
/

ATOMIC_SPECIES
O 15.999 None
H 1.008 None

K_POINTS gamma

CELL_PARAMETERS angstrom
9.86520000000000 0.00000000000000 0.00000000000000
0.00000000000000 9.86520000000000 0.00000000000000
0.00000000000000 0.00000000000000 9.86520000000000

ATOMIC_POSITIONS angstrom
O 7.6300000000 3.7300000000 7.2200000000 
H 8.5300000000 3.4500000000 6.8900000000 
H 7.2700000000 4.2500000000 6.4700000000 
O 3.1800000000 3.4300000000 7.4500000000 
H 2.7600000000 3.0000000000 8.2300000000 
H 2.5000000000 3.9400000000 7.0400000000 
O 0.3800000000 4.3000000000 3.2800000000 
H 9.3100000000 4.2500000000 3.0600000000 
H 0.7300000000 4.0000000000 2.4200000000 
O 2.5000000000 6.4300000000 2.8500000000 
H 2.3200000000 5.6700000000 3.4700000000 
H 1.6900000000 6.3900000000 2.3000000000 
O 0.2000000000 9.4600000000 5.5200000000 
H 9.4400000000 9.2500000000 4.7700000000 
H 0.9900000000 9.0300000000 5.1500000000 
O 5.6300000000 8.5900000000 3.2800000000 
H 6.2000000000 8.0300000000 3.8500000000 
H 6.0800000000 8.5600000000 2.4100000000 
O 2.5900000000 2.5400000000 0.2800000000 
H 1.8200000000 2.1900000000 0.8100000000 
H 3.0600000000 3.1300000000 0.9400000000 
O 0.9600000000 1.2400000000 2.0400000000 
H 0.0400000000 1.3800000000 2.3200000000 
H 1.4300000000 1.1500000000 2.8600000000 
O 1.7200000000 7.3200000000 8.4300000000 
H 2.5600000000 6.8100000000 8.3900000000 
H 2.1000000000 8.2200000000 8.3800000000 
O 0.5300000000 0.6400000000 9.1900000000 
H 0.2700000000 0.8700000000 0.2800000000 
H 1.4700000000 0.6800000000 9.0600000000 
O 1.0600000000 4.5100000000 5.9000000000 
H 0.8600000000 4.5300000000 4.9300000000 
H 0.7500000000 3.6200000000 6.1500000000 
O 0.1800000000 2.0200000000 6.7600000000 
H 0.0900000000 1.6500000000 7.6900000000 
H 0.1000000000 1.1700000000 6.1500000000 
O 4.2400000000 5.9700000000 8.6800000000 
H 4.2300000000 4.9700000000 8.5400000000 
H 4.5900000000 6.0600000000 9.5900000000 
O 3.6100000000 9.4500000000 8.2900000000 
H 4.1900000000 8.8200000000 7.9100000000 
H 3.9600000000 0.4300000000 7.9800000000 
O 5.8900000000 7.6700000000 7.4200000000 
H 5.2100000000 7.0000000000 7.5500000000 
H 5.8400000000 7.8900000000 6.4800000000 
O 0.2700000000 7.1600000000 1.1900000000 
H 9.2600000000 6.8400000000 0.8100000000 
H 0.8400000000 7.3500000000 0.4100000000 
O 7.3600000000 2.8600000000 9.7000000000 
H 7.3600000000 3.2300000000 8.7900000000 
H 6.4300000000 2.4500000000 9.7500000000 
O 9.5300000000 6.4100000000 6.8200000000 
H 0.2000000000 5.6900000000 6.4900000000 
H 0.2300000000 6.7400000000 7.5800000000 
O 5.2400000000 1.2900000000 0.3200000000 
H 4.3100000000 1.1800000000 0.4800000000 
H 5.7200000000 0.4100000000 0.2500000000 
O 8.0100000000 1.3300000000 2.3700000000 
H 7.5400000000 1.5000000000 1.5100000000 
H 7.3200000000 1.4700000000 3.1100000000 
O 4.9300000000 6.2900000000 1.4800000000 
H 5.0300000000 5.3900000000 1.6600000000 
H 4.2500000000 6.6100000000 2.0900000000 
O 6.4000000000 4.5400000000 4.4000000000 
H 6.7700000000 4.6700000000 3.5100000000 
H 6.1200000000 5.4500000000 4.5900000000 
O 2.4900000000 9.0400000000 3.4500000000 
H 2.4700000000 8.0800000000 3.2500000000 
H 3.3100000000 9.3700000000 3.1300000000 
O 7.4300000000 6.0900000000 9.3000000000 
H 7.6900000000 5.2700000000 8.7400000000 
H 7.0400000000 6.7200000000 8.7200000000 
O 7.6000000000 4.6500000000 1.7600000000 
H 7.3700000000 5.5200000000 1.3000000000 
H 7.2400000000 3.9700000000 1.1600000000 
O 8.6700000000 8.7500000000 3.2700000000 
H 9.2100000000 8.3600000000 2.5400000000 
H 8.2700000000 9.5100000000 2.8400000000 
O 5.4800000000 1.3600000000 3.7500000000 
H 5.2400000000 1.4100000000 4.7500000000 
H 5.4700000000 0.3500000000 3.5700000000 
O 8.4500000000 8.8300000000 8.4300000000 
H 8.4500000000 8.9500000000 7.4500000000 
H 9.1700000000 9.3800000000 8.8300000000 
O 5.2300000000 1.6200000000 6.4600000000 
H 6.0400000000 2.1800000000 6.5800000000 
H 4.4800000000 2.2800000000 6.6100000000 
O 7.5600000000 7.3000000000 5.1900000000 
H 8.2100000000 6.8500000000 5.7500000000 
H 8.1600000000 7.8500000000 4.7000000000 
O 4.9200000000 3.5300000000 1.7400000000 
H 4.9500000000 2.8300000000 1.0900000000 
H 4.8400000000 3.0600000000 2.6400000000 
O 6.4200000000 8.5400000000 0.6300000000 
H 7.0900000000 8.3900000000 9.7600000000 
H 5.9200000000 7.7000000000 0.6300000000 

