&CONTROL
/
&SYSTEM
   ntyp             = 2
   nat              = 96
   ibrav            = 0
/
&ELECTRONS
/
&IONS
/
&CELL
/

ATOMIC_SPECIES
O 15.999 None
H 1.008 None

K_POINTS gamma

CELL_PARAMETERS angstrom
9.86520000000000 0.00000000000000 0.00000000000000
0.00000000000000 9.86520000000000 0.00000000000000
0.00000000000000 0.00000000000000 9.86520000000000

ATOMIC_POSITIONS angstrom
O 1.4000000000 0.3800000000 0.1900000000 
H 2.0100000000 0.8900000000 0.7900000000 
H 0.5500000000 0.5100000000 0.6700000000 
O 0.4200000000 7.9500000000 2.4500000000 
H 1.3100000000 8.2000000000 2.6700000000 
H 0.0800000000 8.7300000000 1.9300000000 
O 1.5400000000 7.4500000000 9.3800000000 
H 1.6700000000 8.3600000000 9.8000000000 
H 1.0600000000 7.8200000000 8.5600000000 
O 5.3200000000 1.7200000000 4.3200000000 
H 4.3300000000 1.5500000000 4.3600000000 
H 5.5800000000 1.9300000000 5.3000000000 
O 5.4400000000 6.1100000000 1.6900000000 
H 5.8300000000 5.5100000000 2.3200000000 
H 4.4800000000 5.9300000000 1.7300000000 
O 3.3700000000 1.4700000000 1.9700000000 
H 3.8100000000 2.2700000000 1.6600000000 
H 3.2000000000 1.7700000000 2.8800000000 
O 6.6200000000 4.3100000000 8.9100000000 
H 5.9400000000 4.2500000000 9.6200000000 
H 7.2500000000 5.0800000000 9.0700000000 
O 0.1500000000 2.4200000000 5.5000000000 
H 9.4100000000 1.7200000000 5.8500000000 
H 9.6100000000 2.8000000000 4.6800000000 
O 9.1600000000 5.6500000000 9.2300000000 
H 0.1800000000 6.0400000000 9.3500000000 
H 8.5700000000 6.4300000000 9.5600000000 
O 8.4900000000 0.2100000000 1.3200000000 
H 8.3600000000 1.1000000000 0.9700000000 
H 8.1300000000 0.3800000000 2.2400000000 
O 8.2200000000 2.8400000000 0.9300000000 
H 7.8300000000 3.5700000000 0.4100000000 
H 8.4600000000 3.2500000000 1.8100000000 
O 5.3600000000 7.5300000000 4.5100000000 
H 4.6300000000 7.1900000000 5.0900000000 
H 4.7300000000 7.9900000000 3.8500000000 
O 9.0500000000 3.8100000000 3.4800000000 
H 9.5700000000 4.5000000000 3.8800000000 
H 8.1700000000 4.0800000000 3.7100000000 
O 5.9900000000 4.3900000000 3.9400000000 
H 5.6000000000 4.6400000000 4.7800000000 
H 5.6800000000 3.5300000000 3.7900000000 
O 9.7800000000 6.5000000000 4.7200000000 
H 9.7100000000 6.9600000000 3.8700000000 
H 8.8400000000 6.4800000000 5.0400000000 
O 7.3800000000 6.6100000000 5.9700000000 
H 7.2100000000 7.3500000000 6.5400000000 
H 6.6400000000 6.7500000000 5.3400000000 
O 6.7000000000 8.7500000000 7.8300000000 
H 7.2100000000 8.5700000000 8.6200000000 
H 5.7800000000 8.4400000000 8.0800000000 
O 4.1800000000 3.7600000000 0.5300000000 
H 3.8000000000 3.4300000000 9.5400000000 
H 3.4900000000 4.2800000000 0.9200000000 
O 2.6300000000 2.6000000000 4.1700000000 
H 2.9300000000 3.5400000000 4.4100000000 
H 1.7700000000 2.4600000000 4.6700000000 
O 3.0900000000 7.4100000000 6.3800000000 
H 3.5500000000 7.7600000000 7.1400000000 
H 2.2000000000 7.6500000000 6.5600000000 
O 2.7900000000 5.7500000000 2.0100000000 
H 1.9200000000 6.1700000000 1.8200000000 
H 2.8000000000 5.5900000000 2.9800000000 
O 4.5100000000 7.4500000000 9.2200000000 
H 5.1800000000 7.0300000000 9.8500000000 
H 3.6300000000 7.0200000000 9.4500000000 
O 4.7600000000 4.5300000000 6.4000000000 
H 5.3000000000 4.8300000000 7.1900000000 
H 4.8100000000 3.5400000000 6.4300000000 
O 8.3400000000 0.4500000000 6.1500000000 
H 7.8700000000 0.0600000000 5.3000000000 
H 7.7000000000 0.1200000000 6.8000000000 
O 7.4400000000 7.6300000000 0.4900000000 
H 7.7700000000 8.3900000000 1.0600000000 
H 6.8400000000 7.2000000000 1.1500000000 
O 2.5600000000 5.1800000000 4.7000000000 
H 3.0500000000 5.0700000000 5.5200000000 
H 1.8100000000 5.7500000000 5.0100000000 
O 5.2500000000 1.9900000000 6.9600000000 
H 5.7100000000 2.1600000000 7.7900000000 
H 4.3300000000 1.7000000000 7.3100000000 
O 3.9600000000 8.8600000000 2.4800000000 
H 4.2000000000 8.7100000000 1.5500000000 
H 3.6900000000 9.8200000000 2.2900000000 
O 0.9200000000 3.8600000000 7.6600000000 
H 0.4600000000 3.5100000000 6.8500000000 
H 0.0900000000 4.3000000000 8.1100000000 
O 7.0100000000 9.5600000000 4.0100000000 
H 6.2700000000 0.3300000000 3.7300000000 
H 6.4100000000 8.7900000000 4.1200000000 
O 0.4400000000 8.3600000000 6.9700000000 
H 9.6700000000 9.0800000000 6.6600000000 
H 0.2200000000 7.6300000000 6.4200000000 
O 2.8700000000 1.7900000000 8.2000000000 
H 2.2400000000 1.2000000000 8.6600000000 
H 2.2400000000 2.4700000000 7.9800000000 

