&CONTROL
/
&SYSTEM
   ntyp             = 2
   nat              = 96
   ibrav            = 0
/
&ELECTRONS
/
&IONS
/
&CELL
/

ATOMIC_SPECIES
O 15.999 None
H 1.008 None

K_POINTS gamma

CELL_PARAMETERS angstrom
9.86520000000000 0.00000000000000 0.00000000000000
0.00000000000000 9.86520000000000 0.00000000000000
0.00000000000000 0.00000000000000 9.86520000000000

ATOMIC_POSITIONS angstrom
O 3.4600000000 6.8600000000 9.5800000000 
H 3.6900000000 5.9500000000 0.0700000000 
H 4.3900000000 7.1400000000 9.5000000000 
O 1.0900000000 7.2200000000 8.2600000000 
H 2.0500000000 7.1400000000 8.6000000000 
H 1.1800000000 7.3700000000 7.3000000000 
O 4.1300000000 4.6300000000 3.6800000000 
H 3.8000000000 3.7500000000 4.0100000000 
H 3.6300000000 4.5800000000 2.7900000000 
O 6.4500000000 6.4300000000 4.4500000000 
H 5.6300000000 5.9400000000 4.2700000000 
H 6.2000000000 7.1800000000 3.8700000000 
O 6.4400000000 3.5400000000 8.9900000000 
H 5.6400000000 3.2700000000 8.6100000000 
H 7.1200000000 3.2000000000 8.3400000000 
O 5.4500000000 3.2900000000 6.2600000000 
H 4.4700000000 3.2400000000 6.3500000000 
H 5.5900000000 2.7900000000 5.4200000000 
O 8.3400000000 4.8700000000 3.3400000000 
H 8.6400000000 5.2500000000 2.5200000000 
H 7.6100000000 5.4300000000 3.6500000000 
O 3.0100000000 9.5900000000 9.3900000000 
H 2.7100000000 8.6500000000 9.5400000000 
H 3.5600000000 9.4700000000 8.6100000000 
O 0.5000000000 6.3900000000 1.4500000000 
H 1.1800000000 5.6600000000 1.6000000000 
H 0.3300000000 6.1400000000 0.5200000000 
O 3.5600000000 7.2700000000 4.4200000000 
H 2.8700000000 7.2000000000 5.0900000000 
H 3.8700000000 6.3700000000 4.1600000000 
O 1.0900000000 3.0700000000 9.3900000000 
H 0.8800000000 2.1400000000 9.2200000000 
H 0.2600000000 3.5600000000 9.0700000000 
O 1.4500000000 0.5800000000 2.2900000000 
H 0.8200000000 0.8500000000 1.5700000000 
H 2.2200000000 0.2500000000 1.7900000000 
O 8.4000000000 2.0300000000 7.4000000000 
H 8.7900000000 1.2200000000 7.7700000000 
H 7.8200000000 1.6000000000 6.7400000000 
O 7.1500000000 5.4500000000 6.9100000000 
H 6.7000000000 4.5800000000 6.7500000000 
H 6.9900000000 5.9200000000 6.0200000000 
O 9.6800000000 8.1900000000 3.3000000000 
H 0.2900000000 8.9800000000 2.9200000000 
H 0.0900000000 7.5000000000 2.6000000000 
O 7.4900000000 9.2200000000 5.4000000000 
H 8.1000000000 8.6900000000 4.8300000000 
H 7.2300000000 0.0500000000 4.7600000000 
O 3.0100000000 2.8300000000 7.3300000000 
H 2.4400000000 3.2100000000 6.6600000000 
H 2.5400000000 3.1600000000 8.0800000000 
O 2.5100000000 4.1600000000 1.5000000000 
H 3.1500000000 3.4300000000 1.3500000000 
H 1.8600000000 3.7400000000 0.9000000000 
O 9.3100000000 0.7500000000 0.4700000000 
H 9.0500000000 0.1800000000 9.6400000000 
H 8.4900000000 1.1100000000 0.7700000000 
O 9.3800000000 4.9600000000 8.3200000000 
H 8.6900000000 5.2500000000 7.7200000000 
H 0.3100000000 5.5600000000 8.1300000000 
O 4.0600000000 9.3900000000 6.4600000000 
H 3.5200000000 0.2800000000 6.1100000000 
H 4.2200000000 8.8500000000 5.6600000000 
O 2.6900000000 2.2800000000 4.4000000000 
H 2.5200000000 1.4700000000 3.7600000000 
H 1.7500000000 2.5100000000 4.6400000000 
O 8.8500000000 9.3500000000 7.9700000000 
H 9.3400000000 8.5000000000 7.9700000000 
H 8.3100000000 9.2200000000 7.1300000000 
O 5.7500000000 7.5200000000 8.4700000000 
H 5.7000000000 8.2400000000 7.8400000000 
H 6.0900000000 6.8100000000 7.8500000000 
O 4.3900000000 2.1700000000 0.6700000000 
H 5.1900000000 2.0700000000 1.2700000000 
H 4.0600000000 1.3000000000 0.4300000000 
O 7.1800000000 8.2000000000 2.3500000000 
H 7.2800000000 7.6100000000 1.5500000000 
H 8.1100000000 8.0900000000 2.7700000000 
O 0.3400000000 3.2200000000 5.2300000000 
H 9.5200000000 3.6100000000 4.6500000000 
H 9.7100000000 2.8700000000 6.0200000000 
O 7.3200000000 6.3000000000 0.4700000000 
H 7.5600000000 5.4200000000 0.0500000000 
H 6.7700000000 6.6600000000 9.5900000000 
O 0.8800000000 7.1600000000 5.4800000000 
H 0.4500000000 7.6900000000 4.7600000000 
H 0.4300000000 6.3200000000 5.4000000000 
O 6.4200000000 1.6000000000 4.2200000000 
H 6.9600000000 1.7000000000 3.4200000000 
H 5.5900000000 1.0800000000 3.8600000000 
O 7.4900000000 2.7400000000 1.8400000000 
H 7.1800000000 3.2300000000 1.0700000000 
H 7.8300000000 3.4200000000 2.4700000000 
O 4.7000000000 9.5000000000 2.6900000000 
H 5.5000000000 8.9700000000 2.4700000000 
H 3.9900000000 8.9400000000 3.1500000000 

