&CONTROL
/
&SYSTEM
   ntyp             = 2
   nat              = 96
   ibrav            = 0
/
&ELECTRONS
/
&IONS
/
&CELL
/

ATOMIC_SPECIES
O 15.999 None
H 1.008 None

K_POINTS gamma

CELL_PARAMETERS angstrom
9.86520000000000 0.00000000000000 0.00000000000000
0.00000000000000 9.86520000000000 0.00000000000000
0.00000000000000 0.00000000000000 9.86520000000000

ATOMIC_POSITIONS angstrom
O 4.0800000000 9.1200000000 3.4700000000 
H 3.3900000000 9.5900000000 4.0100000000 
H 3.5300000000 8.7600000000 2.7700000000 
O 1.2700000000 7.1900000000 6.1800000000 
H 0.3900000000 7.0400000000 6.6600000000 
H 1.8200000000 6.4600000000 6.6400000000 
O 5.7500000000 1.1600000000 4.3700000000 
H 5.3700000000 0.3600000000 3.9900000000 
H 5.3300000000 1.1100000000 5.3000000000 
O 7.2900000000 4.7200000000 4.3800000000 
H 7.9400000000 5.4500000000 4.3900000000 
H 7.2300000000 4.6900000000 5.3500000000 
O 1.3200000000 1.6100000000 1.5700000000 
H 2.0300000000 1.6900000000 0.8600000000 
H 1.2700000000 2.5700000000 1.6900000000 
O 3.2400000000 2.6900000000 6.6800000000 
H 3.5600000000 2.8500000000 7.5900000000 
H 2.6700000000 1.8600000000 6.6200000000 
O 4.5000000000 3.2300000000 9.3100000000 
H 4.4100000000 4.1000000000 9.7200000000 
H 5.4700000000 2.9600000000 9.4600000000 
O 8.2800000000 6.9200000000 7.2900000000 
H 7.8900000000 6.6000000000 8.1500000000 
H 7.6300000000 7.5700000000 6.8500000000 
O 1.7500000000 0.5600000000 7.3500000000 
H 2.3400000000 0.5500000000 8.1300000000 
H 1.8400000000 9.5900000000 6.8800000000 
O 5.1800000000 3.5300000000 3.2200000000 
H 6.0200000000 4.0100000000 3.6200000000 
H 5.4500000000 2.5600000000 3.3500000000 
O 9.3800000000 9.2500000000 1.6000000000 
H 9.7700000000 8.7500000000 0.8100000000 
H 0.1900000000 0.1100000000 1.7100000000 
O 3.1700000000 0.2600000000 9.5200000000 
H 3.1200000000 9.5700000000 0.4500000000 
H 4.1200000000 0.0500000000 9.3100000000 
O 8.0500000000 4.2700000000 1.4800000000 
H 7.4000000000 3.9800000000 2.2000000000 
H 8.9100000000 4.1700000000 1.8700000000 
O 9.6000000000 2.1600000000 8.1000000000 
H 9.1800000000 1.9700000000 7.2400000000 
H 0.3600000000 1.3800000000 8.1000000000 
O 6.1700000000 9.4400000000 0.3600000000 
H 6.0300000000 8.8300000000 1.0900000000 
H 6.9000000000 0.1400000000 0.7000000000 
O 4.1500000000 5.1800000000 1.6400000000 
H 4.4400000000 4.5700000000 2.3700000000 
H 4.7800000000 5.9100000000 1.7800000000 
O 4.0200000000 5.6700000000 6.9800000000 
H 4.9100000000 5.2000000000 7.0200000000 
H 3.8000000000 5.4800000000 6.0800000000 
O 8.4300000000 7.1700000000 3.2200000000 
H 9.3700000000 7.1700000000 3.3800000000 
H 8.5100000000 7.9400000000 2.6200000000 
O 7.9900000000 1.2300000000 6.0900000000 
H 7.4900000000 1.3500000000 5.2700000000 
H 7.3600000000 0.6900000000 6.6300000000 
O 1.4800000000 6.6800000000 3.6100000000 
H 1.5000000000 5.6700000000 3.8200000000 
H 1.4800000000 6.9200000000 4.5300000000 
O 2.7000000000 4.2900000000 4.4000000000 
H 3.3600000000 3.8700000000 3.7900000000 
H 2.7500000000 3.6700000000 5.1300000000 
O 3.8000000000 8.5500000000 6.6400000000 
H 3.7500000000 7.6300000000 6.9300000000 
H 3.2400000000 8.4800000000 5.7700000000 
O 6.0200000000 7.2500000000 2.0400000000 
H 6.7700000000 7.1300000000 2.7000000000 
H 5.2600000000 7.7000000000 2.5600000000 
O 6.3300000000 9.5100000000 7.5600000000 
H 5.4600000000 9.2000000000 7.4800000000 
H 6.5600000000 9.3500000000 8.4900000000 
O 1.4100000000 4.4400000000 1.4400000000 
H 1.3400000000 4.6400000000 0.4800000000 
H 2.2800000000 4.9100000000 1.6300000000 
O 0.0900000000 7.3900000000 9.4800000000 
H 9.5700000000 7.5600000000 8.6200000000 
H 0.3900000000 6.4500000000 9.2700000000 
O 2.5700000000 8.0300000000 1.3800000000 
H 1.9000000000 7.9100000000 0.6300000000 
H 2.2200000000 7.4100000000 2.0900000000 
O 1.7000000000 0.4700000000 4.3500000000 
H 1.5800000000 0.7000000000 3.4100000000 
H 0.8200000000 0.6100000000 4.6600000000 
O 6.4500000000 4.4100000000 7.0000000000 
H 7.2500000000 4.9500000000 7.3000000000 
H 6.3900000000 3.7500000000 7.7300000000 
O 7.1100000000 2.5300000000 9.3600000000 
H 7.3200000000 3.1300000000 0.2600000000 
H 8.0300000000 2.3500000000 9.0500000000 
O 1.7600000000 5.1200000000 8.5000000000 
H 2.7000000000 5.2600000000 8.1900000000 
H 1.5300000000 4.2400000000 8.1500000000 
O 7.1300000000 6.2300000000 9.5500000000 
H 7.4000000000 5.4500000000 0.2900000000 
H 6.8700000000 6.9000000000 0.3600000000 

