&CONTROL
/
&SYSTEM
   ntyp             = 2
   nat              = 96
   ibrav            = 0
/
&ELECTRONS
/
&IONS
/
&CELL
/

ATOMIC_SPECIES
O 15.999 None
H 1.008 None

K_POINTS gamma

CELL_PARAMETERS angstrom
9.86520000000000 0.00000000000000 0.00000000000000
0.00000000000000 9.86520000000000 0.00000000000000
0.00000000000000 0.00000000000000 9.86520000000000

ATOMIC_POSITIONS angstrom
O 3.3300000000 6.0600000000 9.7900000000 
H 3.5300000000 6.9500000000 9.3000000000 
H 2.4000000000 5.9900000000 9.6600000000 
O 5.1700000000 4.2600000000 0.2900000000 
H 5.8300000000 4.5900000000 9.5400000000 
H 4.3900000000 4.8100000000 0.0700000000 
O 9.5500000000 7.6100000000 6.3200000000 
H 8.5900000000 7.8200000000 6.1500000000 
H 0.1200000000 8.5000000000 6.0800000000 
O 0.6600000000 6.2400000000 8.6400000000 
H 0.3500000000 6.3900000000 7.6900000000 
H 0.2900000000 6.9600000000 9.1500000000 
O 7.3600000000 2.7200000000 1.1700000000 
H 7.0700000000 1.7900000000 1.0700000000 
H 6.5600000000 3.1900000000 0.7000000000 
O 8.9100000000 7.7400000000 0.9100000000 
H 8.2000000000 8.0300000000 0.2800000000 
H 8.9000000000 6.7700000000 0.9000000000 
O 3.7600000000 3.9500000000 6.7400000000 
H 4.1600000000 3.6200000000 5.9300000000 
H 4.4000000000 4.6300000000 6.9300000000 
O 8.0000000000 0.4900000000 7.3100000000 
H 8.4000000000 1.2100000000 7.8300000000 
H 7.6300000000 9.8000000000 8.0000000000 
O 7.3900000000 4.9600000000 8.5500000000 
H 8.0400000000 5.1600000000 9.2400000000 
H 7.9900000000 4.7200000000 7.8100000000 
O 0.3400000000 2.2000000000 5.7500000000 
H 0.5700000000 1.2600000000 5.4600000000 
H 0.7500000000 2.5200000000 6.5700000000 
O 0.5800000000 1.4000000000 9.3000000000 
H 0.8100000000 2.1800000000 8.8600000000 
H 1.2200000000 1.2400000000 0.0700000000 
O 1.3900000000 9.6500000000 5.1000000000 
H 2.1800000000 9.0900000000 4.9400000000 
H 0.8500000000 9.6600000000 4.2700000000 
O 4.5800000000 7.6900000000 5.7900000000 
H 5.1100000000 6.9000000000 5.7800000000 
H 3.7700000000 7.4000000000 5.3200000000 
O 2.5000000000 7.1400000000 4.2400000000 
H 2.1100000000 6.2200000000 4.5200000000 
H 2.9100000000 7.1300000000 3.3400000000 
O 6.7100000000 8.7500000000 9.0500000000 
H 6.3600000000 9.3000000000 9.8000000000 
H 5.8800000000 8.4500000000 8.5900000000 
O 9.6000000000 0.0900000000 2.6000000000 
H 8.8800000000 9.6200000000 3.2000000000 
H 9.5600000000 9.2000000000 1.9400000000 
O 3.4700000000 1.7100000000 2.4300000000 
H 3.8400000000 2.5600000000 2.7400000000 
H 2.4400000000 1.9000000000 2.5400000000 
O 3.1300000000 0.6600000000 7.3600000000 
H 2.4500000000 0.3900000000 6.6300000000 
H 2.5200000000 1.2500000000 7.9100000000 
O 5.6600000000 0.6300000000 1.3500000000 
H 5.8000000000 0.1300000000 2.1800000000 
H 4.7300000000 0.9200000000 1.4800000000 
O 0.7500000000 2.5500000000 2.2200000000 
H 0.4300000000 1.6900000000 2.6400000000 
H 9.8500000000 2.7500000000 1.6800000000 
O 8.0800000000 9.3700000000 4.8100000000 
H 7.2200000000 9.4300000000 4.3000000000 
H 7.8600000000 0.0700000000 5.6200000000 
O 5.2600000000 6.2900000000 2.3400000000 
H 4.7100000000 6.2000000000 1.5300000000 
H 4.9500000000 5.4300000000 2.7500000000 
O 1.3400000000 3.5800000000 8.1100000000 
H 1.0800000000 4.4800000000 8.4800000000 
H 2.1900000000 3.7800000000 7.6000000000 
O 5.4200000000 3.3000000000 3.5200000000 
H 5.4400000000 2.4600000000 4.0100000000 
H 5.9000000000 3.1400000000 2.6900000000 
O 5.5000000000 1.1700000000 5.7600000000 
H 4.7900000000 1.2200000000 6.4500000000 
H 6.3100000000 0.8900000000 6.1800000000 
O 8.5100000000 4.3000000000 5.7500000000 
H 9.0200000000 3.4500000000 5.7500000000 
H 8.9700000000 4.8000000000 5.0200000000 
O 2.0500000000 4.1700000000 3.9800000000 
H 1.8300000000 3.4700000000 4.6700000000 
H 1.4600000000 3.8400000000 3.2000000000 
O 9.1500000000 4.8800000000 1.0200000000 
H 9.2200000000 5.1300000000 1.9400000000 
H 8.5600000000 4.1100000000 1.1000000000 
O 9.3300000000 6.0200000000 3.6900000000 
H 9.6800000000 6.2900000000 4.5700000000 
H 8.6100000000 6.5900000000 3.5300000000 
O 6.0800000000 5.2400000000 5.4600000000 
H 5.8000000000 4.6900000000 4.7400000000 
H 7.0000000000 4.8000000000 5.5300000000 
O 5.8800000000 8.7800000000 3.5500000000 
H 5.9700000000 7.7800000000 3.3100000000 
H 5.2000000000 8.7500000000 4.2500000000 
O 3.9900000000 8.1900000000 8.3000000000 
H 3.6900000000 9.1900000000 8.2100000000 
H 4.1900000000 7.8600000000 7.3400000000 

