&CONTROL
/
&SYSTEM
   ntyp             = 2
   nat              = 96
   ibrav            = 0
/
&ELECTRONS
/
&IONS
/
&CELL
/

ATOMIC_SPECIES
O 15.999 None
H 1.008 None

K_POINTS gamma

CELL_PARAMETERS angstrom
9.86520000000000 0.00000000000000 0.00000000000000
0.00000000000000 9.86520000000000 0.00000000000000
0.00000000000000 0.00000000000000 9.86520000000000

ATOMIC_POSITIONS angstrom
O 3.6100000000 6.5200000000 6.5300000000 
H 3.6000000000 7.2000000000 7.2200000000 
H 2.8800000000 5.8700000000 6.7000000000 
O 4.3700000000 8.5700000000 1.4900000000 
H 4.2700000000 7.9400000000 0.7600000000 
H 4.2500000000 9.4100000000 1.0300000000 
O 8.5300000000 2.3700000000 6.2800000000 
H 8.6100000000 2.6500000000 7.2000000000 
H 8.5800000000 1.3500000000 6.2400000000 
O 4.4300000000 1.0300000000 9.4600000000 
H 5.3700000000 0.9100000000 9.1400000000 
H 4.3500000000 2.0300000000 9.1700000000 
O 3.4500000000 9.5600000000 7.2700000000 
H 4.3500000000 9.6800000000 6.8300000000 
H 3.4500000000 0.2100000000 8.1000000000 
O 3.6700000000 2.2200000000 5.3800000000 
H 4.4200000000 1.7100000000 5.8600000000 
H 3.0200000000 1.4800000000 5.2200000000 
O 0.6600000000 3.3600000000 1.5900000000 
H 0.9000000000 4.1300000000 2.1800000000 
H 0.3000000000 2.7300000000 2.3000000000 
O 9.4200000000 9.6100000000 9.3300000000 
H 8.5800000000 0.2400000000 9.2500000000 
H 9.5300000000 9.6000000000 0.4900000000 
O 3.0800000000 4.3500000000 1.1800000000 
H 2.3300000000 3.7600000000 1.1100000000 
H 3.4300000000 4.0800000000 2.0400000000 
O 9.2600000000 5.8400000000 8.0800000000 
H 9.5800000000 6.0400000000 7.1600000000 
H 8.2900000000 5.9600000000 7.9800000000 
O 2.1900000000 5.6200000000 3.8900000000 
H 3.1000000000 5.4400000000 3.5900000000 
H 2.1900000000 5.2000000000 4.7600000000 
O 6.8500000000 2.4600000000 2.4400000000 
H 7.0100000000 3.2000000000 1.8600000000 
H 7.1700000000 2.8100000000 3.3100000000 
O 1.6300000000 4.3400000000 6.6100000000 
H 1.8400000000 3.3900000000 6.2900000000 
H 0.9200000000 4.3100000000 7.3000000000 
O 6.0800000000 9.6100000000 3.3800000000 
H 5.2600000000 9.3000000000 2.8200000000 
H 6.5100000000 0.4400000000 2.9000000000 
O 3.7800000000 6.5600000000 9.6700000000 
H 2.8400000000 6.8700000000 9.4400000000 
H 3.5600000000 5.8600000000 0.4400000000 
O 1.7600000000 0.3500000000 5.2700000000 
H 2.2800000000 9.7400000000 5.9800000000 
H 1.7700000000 9.5600000000 4.5400000000 
O 9.3400000000 3.2300000000 8.9300000000 
H 9.3000000000 4.1700000000 9.0700000000 
H 9.7800000000 3.0400000000 9.7800000000 
O 7.2900000000 4.3200000000 4.3900000000 
H 7.5900000000 3.7300000000 5.1000000000 
H 6.9600000000 5.1600000000 4.8000000000 
O 2.1700000000 8.2400000000 3.2500000000 
H 2.2000000000 7.2800000000 3.2600000000 
H 3.0300000000 8.4300000000 2.8500000000 
O 4.5000000000 3.5100000000 8.5400000000 
H 4.8500000000 4.0600000000 7.8600000000 
H 4.1400000000 4.1400000000 9.2000000000 
O 7.5200000000 7.3900000000 3.0000000000 
H 6.9000000000 8.1800000000 3.0700000000 
H 8.3000000000 7.8200000000 2.5200000000 
O 9.4300000000 6.5100000000 5.3200000000 
H 8.5700000000 6.5200000000 4.7700000000 
H 0.3100000000 6.3100000000 4.7200000000 
O 7.2700000000 4.6800000000 1.0900000000 
H 6.9700000000 5.2000000000 0.3100000000 
H 7.2900000000 5.4200000000 1.7800000000 
O 9.6200000000 1.8000000000 3.7600000000 
H 8.9700000000 2.1400000000 4.3900000000 
H 0.4000000000 1.5300000000 4.4000000000 
O 6.3300000000 6.4300000000 5.6300000000 
H 5.3500000000 6.2900000000 5.7200000000 
H 6.3700000000 7.2000000000 5.0200000000 
O 6.5500000000 5.9400000000 8.5900000000 
H 5.7300000000 6.3400000000 8.9700000000 
H 6.5300000000 6.1900000000 7.6400000000 
O 4.4400000000 4.0600000000 3.6100000000 
H 5.4200000000 4.0500000000 3.5200000000 
H 4.1800000000 3.3900000000 4.2700000000 
O 8.3100000000 9.1700000000 6.5000000000 
H 8.5500000000 9.1400000000 7.4700000000 
H 8.8500000000 8.4500000000 6.0500000000 
O 7.2800000000 1.5500000000 9.5200000000 
H 7.8800000000 2.3100000000 9.2900000000 
H 6.9900000000 1.8500000000 0.5100000000 
O 1.2700000000 7.5400000000 8.7100000000 
H 0.4600000000 6.9800000000 8.8200000000 
H 1.0000000000 8.5200000000 8.6400000000 
O 9.6900000000 9.1300000000 2.3500000000 
H 0.6400000000 8.7300000000 2.7000000000 
H 9.7000000000 0.1200000000 2.8300000000 
O 5.8300000000 0.4500000000 6.1700000000 
H 6.0200000000 9.8500000000 5.2900000000 
H 6.6500000000 0.2400000000 6.6800000000 

