&CONTROL
/
&SYSTEM
   ntyp             = 2
   nat              = 96
   ibrav            = 0
/
&ELECTRONS
/
&IONS
/
&CELL
/

ATOMIC_SPECIES
O 15.999 None
H 1.008 None

K_POINTS gamma

CELL_PARAMETERS angstrom
9.86520000000000 0.00000000000000 0.00000000000000
0.00000000000000 9.86520000000000 0.00000000000000
0.00000000000000 0.00000000000000 9.86520000000000

ATOMIC_POSITIONS angstrom
O 0.7800000000 6.6300000000 3.9700000000 
H 1.6900000000 6.2400000000 3.9200000000 
H 0.8100000000 7.5700000000 3.8100000000 
O 5.3400000000 6.7700000000 0.3100000000 
H 5.0400000000 7.6400000000 0.7300000000 
H 6.2000000000 7.0000000000 9.6700000000 
O 6.3800000000 4.4700000000 1.5500000000 
H 5.8700000000 5.2900000000 1.3700000000 
H 7.1100000000 4.8000000000 0.9600000000 
O 7.3500000000 9.0800000000 3.4500000000 
H 7.2700000000 9.8000000000 4.1800000000 
H 8.2800000000 8.8200000000 3.5600000000 
O 9.5700000000 5.8200000000 1.5500000000 
H 9.6100000000 5.8600000000 2.5700000000 
H 0.5100000000 5.2900000000 1.3900000000 
O 4.7400000000 8.2500000000 4.3300000000 
H 5.6400000000 8.2400000000 3.9500000000 
H 4.9300000000 8.1300000000 5.3300000000 
O 2.7600000000 8.4700000000 2.4600000000 
H 3.4500000000 8.2400000000 3.1600000000 
H 3.2100000000 9.1400000000 1.8800000000 
O 9.4500000000 9.2100000000 8.0600000000 
H 8.5200000000 8.9200000000 7.8600000000 
H 0.1100000000 8.4200000000 8.2300000000 
O 1.0500000000 1.6200000000 7.4800000000 
H 1.6000000000 0.9300000000 7.0700000000 
H 0.3200000000 1.0000000000 7.8300000000 
O 0.3900000000 8.5500000000 0.9800000000 
H 9.7500000000 7.6700000000 1.1100000000 
H 1.3000000000 8.4000000000 1.3300000000 
O 5.4600000000 9.4400000000 1.4600000000 
H 6.2600000000 9.3500000000 2.0700000000 
H 5.7000000000 0.4400000000 1.0000000000 
O 3.3900000000 6.0700000000 8.4900000000 
H 3.9600000000 6.2300000000 9.2600000000 
H 3.2700000000 5.1100000000 8.5700000000 
O 7.5200000000 7.5600000000 7.1700000000 
H 7.6400000000 7.1000000000 6.3300000000 
H 7.7400000000 6.8500000000 7.8900000000 
O 2.1500000000 4.6000000000 1.5700000000 
H 2.6100000000 3.7100000000 1.5700000000 
H 2.7800000000 5.1200000000 2.0600000000 
O 4.8600000000 7.8400000000 7.0100000000 
H 5.8500000000 7.6400000000 7.0500000000 
H 4.4400000000 7.2700000000 7.6400000000 
O 3.9800000000 3.5300000000 5.6800000000 
H 3.6700000000 3.6200000000 6.6200000000 
H 4.9400000000 3.6700000000 5.7600000000 
O 6.5900000000 3.0300000000 8.2500000000 
H 6.6300000000 3.3700000000 7.3400000000 
H 7.5100000000 3.0600000000 8.5600000000 
O 1.3300000000 7.2300000000 7.2300000000 
H 1.9800000000 6.7500000000 7.7600000000 
H 0.8800000000 6.6800000000 6.5500000000 
O 0.1700000000 9.4600000000 3.6700000000 
H 0.2600000000 9.4200000000 2.7000000000 
H 0.9100000000 0.2100000000 3.9100000000 
O 6.8000000000 3.4700000000 5.5500000000 
H 6.9900000000 2.8900000000 4.7600000000 
H 7.4300000000 4.2100000000 5.3900000000 
O 3.4700000000 5.6900000000 3.5500000000 
H 4.0600000000 6.3600000000 3.8800000000 
H 3.6300000000 4.9100000000 4.1600000000 
O 8.0400000000 5.8300000000 9.3000000000 
H 8.6000000000 5.9800000000 0.2800000000 
H 8.4200000000 4.9800000000 8.9300000000 
O 2.4800000000 1.9200000000 1.4900000000 
H 2.5300000000 1.9700000000 2.5100000000 
H 3.3100000000 1.6900000000 1.2200000000 
O 0.3600000000 3.4000000000 5.4300000000 
H 0.7800000000 2.8000000000 4.8100000000 
H 0.5200000000 2.9000000000 6.2700000000 
O 3.1700000000 3.2500000000 8.3100000000 
H 3.5000000000 2.9400000000 9.1600000000 
H 2.4000000000 2.6600000000 8.1500000000 
O 9.2300000000 3.4100000000 9.2100000000 
H 9.4000000000 2.8900000000 0.1400000000 
H 0.0500000000 3.0400000000 8.5000000000 
O 2.2600000000 1.5900000000 4.5500000000 
H 2.9300000000 2.2000000000 4.9000000000 
H 2.3000000000 0.8200000000 5.2300000000 
O 5.1100000000 2.2100000000 0.3700000000 
H 5.5700000000 2.4100000000 9.3700000000 
H 5.5500000000 2.9500000000 0.9600000000 
O 2.5500000000 9.5500000000 6.5300000000 
H 3.3800000000 9.0500000000 6.5200000000 
H 1.9600000000 8.7500000000 6.7300000000 
O 9.5400000000 1.4100000000 1.2100000000 
H 9.7300000000 0.5600000000 0.7000000000 
H 0.5600000000 1.6200000000 1.5200000000 
O 7.6000000000 2.6100000000 3.1500000000 
H 7.1300000000 3.3000000000 2.6100000000 
H 8.2200000000 2.1200000000 2.5000000000 
O 8.6600000000 5.4700000000 5.5700000000 
H 9.3300000000 6.1400000000 5.1400000000 
H 9.2200000000 4.6100000000 5.6200000000 

