&CONTROL
/
&SYSTEM
   ntyp             = 2
   nat              = 96
   ibrav            = 0
/
&ELECTRONS
/
&IONS
/
&CELL
/

ATOMIC_SPECIES
O 15.999 None
H 1.008 None

K_POINTS gamma

CELL_PARAMETERS angstrom
9.86520000000000 0.00000000000000 0.00000000000000
0.00000000000000 9.86520000000000 0.00000000000000
0.00000000000000 0.00000000000000 9.86520000000000

ATOMIC_POSITIONS angstrom
O 1.2900000000 4.5800000000 3.5600000000 
H 1.5800000000 4.2400000000 4.4100000000 
H 1.6500000000 5.4600000000 3.5600000000 
O 7.3900000000 8.2300000000 4.3500000000 
H 8.1600000000 8.0900000000 5.0100000000 
H 7.6600000000 8.9300000000 3.7100000000 
O 6.3300000000 3.6900000000 2.3500000000 
H 7.1600000000 3.9000000000 2.9100000000 
H 6.7900000000 3.1300000000 1.6300000000 
O 0.3600000000 9.6800000000 9.6900000000 
H 0.3600000000 0.6300000000 0.3900000000 
H 1.3300000000 9.5800000000 9.4800000000 
O 0.0400000000 4.7600000000 0.4100000000 
H 0.8600000000 4.9600000000 9.8000000000 
H 0.1900000000 5.2400000000 1.2600000000 
O 6.5400000000 9.6400000000 7.2400000000 
H 7.3800000000 9.8400000000 6.7200000000 
H 5.8200000000 9.5400000000 6.5400000000 
O 1.1500000000 8.2500000000 7.0600000000 
H 1.7300000000 7.7200000000 6.4900000000 
H 0.9200000000 7.5100000000 7.7300000000 
O 7.4700000000 9.1700000000 9.8200000000 
H 7.1300000000 9.2900000000 8.9600000000 
H 8.4200000000 9.0400000000 9.5300000000 
O 9.1600000000 0.1300000000 6.3700000000 
H 9.6200000000 0.3600000000 5.4900000000 
H 9.8300000000 9.3400000000 6.7400000000 
O 3.8900000000 9.7800000000 6.2700000000 
H 4.4900000000 0.6600000000 5.8900000000 
H 3.5000000000 9.3000000000 5.4800000000 
O 3.4000000000 2.7000000000 9.5000000000 
H 3.2600000000 1.7900000000 9.1800000000 
H 3.3800000000 2.5600000000 0.5700000000 
O 2.5200000000 5.3900000000 9.3500000000 
H 3.3200000000 5.7900000000 9.6300000000 
H 2.7700000000 4.4600000000 9.2500000000 
O 5.5500000000 6.8400000000 7.6800000000 
H 5.8000000000 7.8000000000 7.5700000000 
H 6.3900000000 6.6000000000 8.1800000000 
O 2.5400000000 7.2700000000 4.6300000000 
H 3.4700000000 6.8600000000 4.6800000000 
H 2.7300000000 8.0900000000 4.1800000000 
O 2.9400000000 9.7100000000 8.9600000000 
H 3.2700000000 9.5500000000 8.0700000000 
H 3.6100000000 9.1800000000 9.5500000000 
O 5.3200000000 4.4400000000 6.7100000000 
H 5.2900000000 5.3400000000 7.1000000000 
H 4.4100000000 4.1200000000 6.6400000000 
O 3.5300000000 2.5400000000 2.4900000000 
H 3.2300000000 3.0200000000 3.2100000000 
H 4.4700000000 2.7800000000 2.5000000000 
O 2.4700000000 3.1600000000 5.5100000000 
H 3.1300000000 2.6700000000 6.0800000000 
H 1.7100000000 3.0100000000 6.0800000000 
O 0.4300000000 2.0900000000 1.7000000000 
H 1.1000000000 2.6300000000 2.1700000000 
H 9.6100000000 2.7100000000 1.3800000000 
O 7.8000000000 3.7000000000 7.5100000000 
H 6.9000000000 3.7000000000 6.9800000000 
H 8.4300000000 3.0700000000 7.0500000000 
O 8.5400000000 4.3300000000 3.8900000000 
H 9.5300000000 4.3800000000 3.8100000000 
H 8.4700000000 5.0600000000 4.5400000000 
O 8.5200000000 6.0500000000 8.2200000000 
H 8.9300000000 5.7600000000 9.0800000000 
H 8.1700000000 5.1900000000 7.9500000000 
O 4.7100000000 5.7600000000 1.5000000000 
H 5.2300000000 5.7200000000 2.3900000000 
H 4.4400000000 4.8100000000 1.3900000000 
O 5.6700000000 1.2500000000 4.5100000000 
H 5.7900000000 2.1800000000 4.2000000000 
H 6.4300000000 0.8100000000 4.0600000000 
O 0.6700000000 0.5200000000 4.1600000000 
H 1.5000000000 0.0200000000 3.8300000000 
H 0.5000000000 1.0400000000 3.3800000000 
O 7.8500000000 2.3900000000 0.2400000000 
H 7.8900000000 3.1400000000 9.4600000000 
H 7.3800000000 1.7700000000 9.5800000000 
O 5.1100000000 6.4300000000 4.5900000000 
H 5.7800000000 7.1100000000 4.4700000000 
H 5.4400000000 5.8800000000 5.2900000000 
O 7.8000000000 0.5300000000 2.3600000000 
H 8.6900000000 0.9900000000 2.3500000000 
H 7.8400000000 0.2600000000 1.3700000000 
O 3.3200000000 9.5500000000 3.4400000000 
H 3.3600000000 9.2500000000 2.5100000000 
H 4.0900000000 0.2500000000 3.4500000000 
O 0.3400000000 2.4000000000 7.2800000000 
H 0.3500000000 2.1500000000 8.1900000000 
H 0.1000000000 1.4900000000 6.9400000000 
O 4.8500000000 8.5400000000 0.6700000000 
H 5.7600000000 8.8100000000 0.5100000000 
H 4.9300000000 7.6000000000 0.9400000000 
O 9.2800000000 6.5400000000 5.5000000000 
H 0.3800000000 6.6300000000 5.3500000000 
H 9.1400000000 6.5000000000 6.4600000000 

