&CONTROL
/
&SYSTEM
   ntyp             = 2
   nat              = 96
   ibrav            = 0
/
&ELECTRONS
/
&IONS
/
&CELL
/

ATOMIC_SPECIES
O 15.999 None
H 1.008 None

K_POINTS gamma

CELL_PARAMETERS angstrom
9.86520000000000 0.00000000000000 0.00000000000000
0.00000000000000 9.86520000000000 0.00000000000000
0.00000000000000 0.00000000000000 9.86520000000000

ATOMIC_POSITIONS angstrom
O 3.3300000000 4.2700000000 1.4700000000 
H 2.7600000000 3.8600000000 0.7800000000 
H 2.6000000000 4.7800000000 1.9300000000 
O 3.6000000000 9.5300000000 6.4300000000 
H 4.2200000000 0.0900000000 5.7300000000 
H 3.3400000000 8.7100000000 6.0100000000 
O 1.3200000000 5.3000000000 3.2800000000 
H 0.4700000000 5.1100000000 2.8400000000 
H 1.4000000000 4.6300000000 3.9800000000 
O 7.5900000000 6.7900000000 5.4000000000 
H 7.8800000000 7.0600000000 4.4900000000 
H 6.6100000000 6.7000000000 5.3200000000 
O 8.2100000000 2.5500000000 9.3100000000 
H 7.4300000000 2.5100000000 0.0700000000 
H 8.1200000000 3.4600000000 8.9400000000 
O 7.7500000000 2.3000000000 4.3600000000 
H 6.8600000000 2.7100000000 4.2700000000 
H 7.6300000000 1.5600000000 5.0000000000 
O 8.5200000000 4.3500000000 6.3400000000 
H 8.2200000000 5.2200000000 6.1100000000 
H 8.3500000000 3.7500000000 5.5900000000 
O 3.7800000000 9.4200000000 9.3800000000 
H 2.7400000000 9.3800000000 9.4200000000 
H 3.9500000000 8.9400000000 8.5600000000 
O 1.2400000000 8.5300000000 9.3200000000 
H 1.1600000000 7.6300000000 9.6300000000 
H 1.1100000000 8.4600000000 8.3500000000 
O 2.6800000000 7.5200000000 4.3200000000 
H 3.2400000000 7.8900000000 3.5400000000 
H 2.0900000000 6.9100000000 3.9100000000 
O 9.0000000000 0.7100000000 7.4600000000 
H 8.8400000000 1.4700000000 8.0700000000 
H 8.1300000000 0.7000000000 6.9800000000 
O 0.3700000000 2.2900000000 3.3400000000 
H 0.1500000000 1.5500000000 2.6900000000 
H 9.3700000000 2.3600000000 3.7200000000 
O 7.0800000000 9.6300000000 5.9100000000 
H 6.2200000000 0.0700000000 5.6200000000 
H 7.2700000000 8.8000000000 5.3700000000 
O 5.3200000000 4.2600000000 7.0900000000 
H 6.1600000000 4.4400000000 7.5400000000 
H 5.1000000000 3.4400000000 7.6500000000 
O 3.5300000000 8.9600000000 2.3500000000 
H 3.0800000000 9.8400000000 2.2100000000 
H 3.7600000000 8.7500000000 1.4200000000 
O 0.9300000000 7.8300000000 6.7300000000 
H 1.3800000000 7.8100000000 5.8700000000 
H 9.8500000000 8.0900000000 6.5900000000 
O 1.8100000000 1.4700000000 7.4900000000 
H 2.5300000000 0.8900000000 7.3300000000 
H 1.0900000000 0.9300000000 7.0800000000 
O 1.3300000000 3.4400000000 9.5100000000 
H 1.2200000000 4.3300000000 9.1700000000 
H 1.3800000000 2.9800000000 8.6200000000 
O 9.4500000000 0.6400000000 1.3900000000 
H 0.2200000000 0.4600000000 0.6700000000 
H 8.7900000000 1.0700000000 0.8200000000 
O 7.3600000000 5.2300000000 8.7700000000 
H 6.6700000000 5.8800000000 9.1500000000 
H 8.1500000000 5.7600000000 8.7800000000 
O 4.8800000000 0.5700000000 4.2300000000 
H 4.8100000000 1.4200000000 3.7900000000 
H 4.9000000000 9.8300000000 3.4500000000 
O 5.1900000000 3.3100000000 4.2500000000 
H 4.2000000000 3.3000000000 4.0800000000 
H 5.3000000000 3.6900000000 5.1700000000 
O 7.5300000000 8.3800000000 8.5200000000 
H 8.3800000000 8.8100000000 8.6400000000 
H 7.4500000000 8.3900000000 7.5300000000 
O 6.3100000000 9.5600000000 0.7200000000 
H 5.4200000000 9.6500000000 0.3500000000 
H 6.8000000000 9.0100000000 0.0300000000 
O 4.5000000000 2.1100000000 8.9100000000 
H 5.1500000000 2.3000000000 9.6100000000 
H 4.1700000000 1.1900000000 9.1100000000 
O 7.8200000000 8.3900000000 2.6900000000 
H 7.1400000000 8.9000000000 2.1100000000 
H 8.6700000000 8.9600000000 2.6900000000 
O 2.3500000000 2.8800000000 4.9600000000 
H 2.0500000000 2.5900000000 5.8500000000 
H 1.4900000000 2.6800000000 4.5200000000 
O 8.6100000000 5.8000000000 2.5500000000 
H 8.6300000000 6.7000000000 2.8700000000 
H 7.7700000000 5.7100000000 2.0700000000 
O 0.6500000000 5.4800000000 8.0100000000 
H 0.9500000000 6.3200000000 7.6200000000 
H 9.8000000000 5.1100000000 7.4700000000 
O 4.8700000000 6.5400000000 5.4700000000 
H 4.6100000000 5.6200000000 5.8300000000 
H 4.1500000000 6.9300000000 4.9700000000 
O 5.8000000000 2.9200000000 1.2800000000 
H 5.0400000000 3.5200000000 1.2800000000 
H 6.2900000000 3.0100000000 2.0900000000 
O 2.4900000000 1.4700000000 1.5000000000 
H 1.9800000000 1.9800000000 2.2100000000 
H 2.4300000000 2.0900000000 0.7600000000 

