&CONTROL
/
&SYSTEM
   ntyp             = 2
   nat              = 96
   ibrav            = 0
/
&ELECTRONS
/
&IONS
/
&CELL
/

ATOMIC_SPECIES
O 15.999 None
H 1.008 None

K_POINTS gamma

CELL_PARAMETERS angstrom
9.86520000000000 0.00000000000000 0.00000000000000
0.00000000000000 9.86520000000000 0.00000000000000
0.00000000000000 0.00000000000000 9.86520000000000

ATOMIC_POSITIONS angstrom
O 1.3400000000 6.2900000000 6.7700000000 
H 1.4600000000 7.1800000000 7.2300000000 
H 2.0600000000 5.7600000000 7.1600000000 
O 5.1700000000 7.0300000000 0.3900000000 
H 5.3000000000 6.0600000000 0.6000000000 
H 5.5900000000 7.5000000000 1.1700000000 
O 0.6100000000 1.6500000000 7.2400000000 
H 0.5100000000 2.4300000000 6.6300000000 
H 0.1400000000 1.0100000000 6.7000000000 
O 7.2600000000 0.8400000000 8.5300000000 
H 8.0400000000 1.3800000000 8.7500000000 
H 7.2100000000 0.1200000000 9.2000000000 
O 1.7700000000 9.1200000000 8.2000000000 
H 1.8600000000 9.1200000000 9.1300000000 
H 1.4800000000 0.1900000000 8.0600000000 
O 3.4000000000 2.6000000000 7.2000000000 
H 3.7000000000 2.5000000000 6.2300000000 
H 2.5600000000 2.0600000000 7.2500000000 
O 1.1000000000 9.6800000000 1.4700000000 
H 1.4200000000 0.6500000000 0.9500000000 
H 1.6200000000 9.6100000000 2.3400000000 
O 9.3100000000 2.5400000000 9.4100000000 
H 9.7500000000 3.4000000000 9.5400000000 
H 9.6400000000 2.2200000000 8.5900000000 
O 1.3300000000 4.5300000000 9.8600000000 
H 2.1500000000 4.8200000000 9.3800000000 
H 0.7500000000 5.3100000000 9.7700000000 
O 5.4900000000 7.4500000000 7.6200000000 
H 5.8700000000 7.5900000000 8.4800000000 
H 4.6800000000 6.9400000000 7.8600000000 
O 9.6600000000 4.2200000000 2.5200000000 
H 0.2100000000 3.6100000000 3.1400000000 
H 0.4700000000 4.4800000000 1.8400000000 
O 7.0600000000 2.4000000000 4.2100000000 
H 6.1400000000 2.6600000000 4.4200000000 
H 7.1600000000 2.6000000000 3.2700000000 
O 3.4400000000 5.2200000000 8.3400000000 
H 3.4200000000 4.2300000000 8.1100000000 
H 4.2500000000 5.2800000000 8.9400000000 
O 4.7200000000 0.5300000000 2.6900000000 
H 3.7200000000 0.2300000000 2.9800000000 
H 5.0800000000 1.0800000000 3.4000000000 
O 2.6700000000 7.0800000000 1.3700000000 
H 2.2800000000 7.9800000000 1.5100000000 
H 3.4600000000 7.3100000000 0.8200000000 
O 3.6700000000 9.4100000000 6.2200000000 
H 4.5600000000 9.0000000000 6.3400000000 
H 3.2100000000 9.1800000000 6.9800000000 
O 9.5100000000 3.3300000000 5.4000000000 
H 8.6900000000 3.0200000000 4.9500000000 
H 9.2100000000 4.0700000000 5.9500000000 
O 1.6900000000 2.4100000000 4.1500000000 
H 0.9100000000 2.9500000000 4.5000000000 
H 1.4400000000 1.5200000000 4.4900000000 
O 0.3100000000 7.4400000000 4.6100000000 
H 9.7300000000 6.6400000000 4.2100000000 
H 0.7000000000 6.9200000000 5.4000000000 
O 4.8200000000 4.3000000000 0.9500000000 
H 4.2900000000 4.0600000000 1.7800000000 
H 5.7400000000 3.9800000000 1.1300000000 
O 6.3100000000 8.4800000000 2.4000000000 
H 7.1800000000 8.7400000000 2.0400000000 
H 5.7200000000 9.2800000000 2.4700000000 
O 6.9700000000 6.6100000000 5.1700000000 
H 6.4000000000 6.9600000000 5.9600000000 
H 6.9500000000 7.2700000000 4.4900000000 
O 7.4800000000 2.8700000000 1.6000000000 
H 7.9500000000 2.4000000000 0.8400000000 
H 8.1500000000 3.4400000000 2.0200000000 
O 2.6600000000 1.9500000000 0.4800000000 
H 2.2400000000 2.8100000000 0.4100000000 
H 3.4200000000 2.0100000000 9.6800000000 
O 3.8400000000 5.4100000000 3.5500000000 
H 3.2600000000 5.8400000000 2.8600000000 
H 4.3800000000 6.1700000000 3.8300000000 
O 9.3600000000 7.0700000000 9.0100000000 
H 0.2500000000 7.5700000000 8.5600000000 
H 9.0300000000 6.4400000000 8.2900000000 
O 4.3500000000 2.9900000000 4.3400000000 
H 4.2000000000 4.0000000000 4.3400000000 
H 3.4500000000 2.7500000000 4.1700000000 
O 9.5100000000 0.2800000000 5.1900000000 
H 9.4500000000 9.2400000000 4.7900000000 
H 8.6400000000 0.6500000000 4.9700000000 
O 6.1800000000 3.3500000000 7.8400000000 
H 6.5900000000 2.4400000000 8.1500000000 
H 5.3500000000 3.0700000000 7.4000000000 
O 2.4100000000 9.3200000000 3.8600000000 
H 2.8900000000 9.5500000000 4.6700000000 
H 1.8500000000 8.5900000000 4.0700000000 
O 8.4800000000 9.1300000000 0.7100000000 
H 8.5100000000 8.2500000000 0.2000000000 
H 9.3200000000 9.2200000000 1.2500000000 
O 8.2300000000 5.2700000000 7.1700000000 
H 7.8700000000 5.9300000000 6.5000000000 
H 7.4900000000 4.6300000000 7.2600000000 

