&CONTROL
/
&SYSTEM
   ntyp             = 2
   nat              = 96
   ibrav            = 0
/
&ELECTRONS
/
&IONS
/
&CELL
/

ATOMIC_SPECIES
O 15.999 None
H 1.008 None

K_POINTS gamma

CELL_PARAMETERS angstrom
9.86520000000000 0.00000000000000 0.00000000000000
0.00000000000000 9.86520000000000 0.00000000000000
0.00000000000000 0.00000000000000 9.86520000000000

ATOMIC_POSITIONS angstrom
O 9.4800000000 2.3400000000 1.8600000000 
H 0.4200000000 2.9100000000 2.1400000000 
H 8.7000000000 2.9600000000 1.9300000000 
O 4.1000000000 8.1900000000 3.6200000000 
H 3.4900000000 8.8900000000 3.3700000000 
H 3.5500000000 7.7300000000 4.2800000000 
O 4.4400000000 2.1800000000 8.0900000000 
H 5.3800000000 1.9000000000 8.3600000000 
H 4.2800000000 1.5900000000 7.3400000000 
O 3.9500000000 1.2700000000 5.4300000000 
H 4.8100000000 1.5800000000 4.9800000000 
H 3.3900000000 1.0100000000 4.6400000000 
O 6.4400000000 7.6500000000 9.7100000000 
H 6.9900000000 6.8700000000 0.1500000000 
H 5.5800000000 7.2100000000 9.5400000000 
O 3.7000000000 6.8300000000 0.4800000000 
H 4.1500000000 6.4900000000 1.2700000000 
H 2.8700000000 7.1800000000 0.8900000000 
O 6.7100000000 2.0400000000 9.4800000000 
H 6.5100000000 1.4600000000 0.3000000000 
H 7.7200000000 1.8300000000 9.4200000000 
O 9.8300000000 9.4700000000 5.1500000000 
H 9.5200000000 9.1500000000 4.3100000000 
H 9.3900000000 0.4900000000 5.2900000000 
O 1.2600000000 7.6100000000 6.6100000000 
H 0.7200000000 8.2300000000 6.0700000000 
H 0.7400000000 7.2300000000 7.3400000000 
O 6.1300000000 0.1300000000 1.3400000000 
H 6.1000000000 9.0500000000 1.0800000000 
H 5.3800000000 0.1400000000 1.9600000000 
O 1.0100000000 3.6200000000 3.7400000000 
H 0.6200000000 3.7300000000 4.6500000000 
H 1.9400000000 3.6500000000 4.0700000000 
O 2.1000000000 6.5000000000 4.3900000000 
H 2.4200000000 5.5600000000 4.4700000000 
H 1.8000000000 6.7000000000 5.3700000000 
O 3.6800000000 3.9200000000 4.5900000000 
H 4.4900000000 4.3800000000 4.2900000000 
H 4.0400000000 3.3100000000 5.2400000000 
O 7.9800000000 5.4600000000 5.3500000000 
H 7.9400000000 5.0700000000 4.4300000000 
H 7.4900000000 6.3100000000 5.1800000000 
O 9.2000000000 9.4700000000 2.3500000000 
H 8.4000000000 9.3700000000 1.7300000000 
H 9.4300000000 0.5700000000 2.2300000000 
O 5.4100000000 5.8700000000 3.5200000000 
H 5.9200000000 6.4100000000 4.1900000000 
H 4.7900000000 6.6400000000 3.2700000000 
O 3.6600000000 8.4700000000 7.4200000000 
H 3.5900000000 7.8300000000 8.0900000000 
H 2.7300000000 8.3500000000 7.0000000000 
O 2.4000000000 0.7400000000 2.8600000000 
H 2.5200000000 1.0600000000 1.9000000000 
H 1.4800000000 1.0100000000 3.0400000000 
O 0.6700000000 4.1600000000 6.4600000000 
H 1.1700000000 4.3200000000 7.2900000000 
H 9.8100000000 4.7800000000 6.4600000000 
O 9.3400000000 1.4800000000 9.0600000000 
H 0.3900000000 1.3400000000 8.7600000000 
H 9.4400000000 1.9500000000 0.0500000000 
O 7.5100000000 4.3900000000 2.6800000000 
H 6.6100000000 4.9000000000 2.8500000000 
H 7.5900000000 4.5700000000 1.7100000000 
O 4.4500000000 3.5600000000 1.2600000000 
H 5.1100000000 3.1000000000 0.8000000000 
H 4.5300000000 3.2900000000 2.2500000000 
O 7.2100000000 4.5400000000 7.7400000000 
H 6.5900000000 3.7700000000 7.8300000000 
H 7.2600000000 4.6600000000 6.6900000000 
O 7.7900000000 1.5300000000 6.4100000000 
H 7.2600000000 0.7400000000 6.6100000000 
H 8.3400000000 1.6400000000 7.2200000000 
O 0.9100000000 6.2700000000 9.0300000000 
H 0.9600000000 6.7700000000 9.8300000000 
H 1.6000000000 5.6400000000 9.1900000000 
O 1.3600000000 7.4800000000 1.7100000000 
H 0.7000000000 8.0900000000 2.0800000000 
H 1.5200000000 6.8600000000 2.4700000000 
O 6.2100000000 9.2900000000 7.4600000000 
H 6.4400000000 8.8300000000 8.3600000000 
H 5.2400000000 8.9900000000 7.3700000000 
O 6.5000000000 7.7900000000 5.4300000000 
H 5.5800000000 8.1200000000 5.3200000000 
H 6.7900000000 8.3100000000 6.2400000000 
O 2.6300000000 4.0100000000 8.8500000000 
H 3.2600000000 4.4100000000 9.5100000000 
H 3.2800000000 3.4200000000 8.3800000000 
O 8.4200000000 5.4700000000 0.2300000000 
H 9.1500000000 5.7400000000 9.4500000000 
H 7.9000000000 5.0400000000 9.3600000000 
O 6.1000000000 2.3900000000 4.3400000000 
H 6.6800000000 2.9900000000 3.7400000000 
H 6.7300000000 2.2800000000 5.1400000000 
O 2.5900000000 1.3200000000 0.2000000000 
H 2.9700000000 0.9300000000 9.3000000000 
H 2.7300000000 2.2800000000 0.0000000000 

