&CONTROL
/
&SYSTEM
   ntyp             = 2
   nat              = 96
   ibrav            = 0
/
&ELECTRONS
/
&IONS
/
&CELL
/

ATOMIC_SPECIES
O 15.999 None
H 1.008 None

K_POINTS gamma

CELL_PARAMETERS angstrom
9.86520000000000 0.00000000000000 0.00000000000000
0.00000000000000 9.86520000000000 0.00000000000000
0.00000000000000 0.00000000000000 9.86520000000000

ATOMIC_POSITIONS angstrom
O 8.6200000000 3.2900000000 6.2800000000 
H 8.7800000000 2.8400000000 7.1500000000 
H 9.4600000000 3.1500000000 5.8500000000 
O 9.6700000000 6.1500000000 4.6700000000 
H 0.4500000000 6.8000000000 4.4300000000 
H 0.3200000000 5.3000000000 4.4700000000 
O 1.4800000000 3.3100000000 9.7100000000 
H 0.9100000000 3.0900000000 8.9700000000 
H 2.2000000000 2.6000000000 9.6500000000 
O 6.7200000000 7.8800000000 3.3800000000 
H 7.2300000000 7.3200000000 2.8000000000 
H 6.6600000000 8.7200000000 2.8500000000 
O 5.2900000000 4.0800000000 3.4900000000 
H 6.0400000000 3.6400000000 3.1200000000 
H 5.7900000000 4.5200000000 4.2700000000 
O 6.3200000000 9.7700000000 1.2300000000 
H 6.1300000000 9.6500000000 0.2700000000 
H 7.0100000000 0.5700000000 1.1800000000 
O 9.0900000000 9.2200000000 3.7200000000 
H 8.7000000000 0.2300000000 4.0200000000 
H 8.3900000000 8.5700000000 3.9900000000 
O 9.4600000000 1.4700000000 8.1000000000 
H 9.0800000000 0.6000000000 8.3300000000 
H 0.5300000000 1.2100000000 7.8900000000 
O 3.8200000000 7.2000000000 9.5500000000 
H 4.0900000000 6.8700000000 0.5800000000 
H 4.5900000000 7.7300000000 9.3600000000 
O 7.5500000000 2.3800000000 0.3000000000 
H 7.0500000000 2.9800000000 9.6100000000 
H 8.3200000000 2.1100000000 9.5900000000 
O 7.1100000000 5.8000000000 9.2800000000 
H 7.8600000000 5.9000000000 8.6800000000 
H 7.4300000000 6.1800000000 0.3100000000 
O 8.1200000000 2.7000000000 3.0500000000 
H 8.9600000000 3.0600000000 2.8100000000 
H 7.7400000000 2.7400000000 2.1500000000 
O 8.8300000000 8.6000000000 8.7300000000 
H 9.4700000000 8.2900000000 9.4800000000 
H 9.1400000000 7.8600000000 8.1200000000 
O 1.7800000000 8.3300000000 3.0700000000 
H 2.3900000000 9.1000000000 2.9500000000 
H 0.8600000000 8.7600000000 3.1700000000 
O 5.1900000000 9.7500000000 5.7200000000 
H 4.5700000000 0.5300000000 5.3600000000 
H 6.1000000000 0.3600000000 5.5300000000 
O 4.4100000000 7.2000000000 5.6400000000 
H 5.1400000000 6.5800000000 5.3100000000 
H 4.7800000000 8.0700000000 5.5300000000 
O 7.1600000000 1.4600000000 5.2200000000 
H 7.5700000000 2.1100000000 5.8100000000 
H 7.2100000000 2.0400000000 4.3900000000 
O 2.1900000000 7.5000000000 7.3000000000 
H 2.8100000000 7.2100000000 8.0800000000 
H 2.7300000000 7.2400000000 6.5000000000 
O 4.6300000000 6.3200000000 2.0600000000 
H 5.1200000000 5.5800000000 2.4400000000 
H 5.1200000000 7.1200000000 2.4200000000 
O 9.4100000000 6.1800000000 7.4400000000 
H 9.3700000000 5.9600000000 6.4700000000 
H 0.5100000000 6.5300000000 7.4300000000 
O 0.4600000000 4.1300000000 2.2800000000 
H 1.2800000000 4.5600000000 2.6200000000 
H 0.6900000000 3.8300000000 1.3400000000 
O 2.1700000000 0.4800000000 7.4000000000 
H 1.8600000000 9.4100000000 7.5800000000 
H 2.8300000000 0.3800000000 6.7200000000 
O 2.5400000000 5.4300000000 3.6700000000 
H 2.5900000000 6.4300000000 3.7500000000 
H 3.3700000000 5.1700000000 3.1400000000 
O 1.0700000000 7.5400000000 0.3400000000 
H 1.9800000000 7.5900000000 9.7700000000 
H 1.4000000000 7.4500000000 1.2700000000 
O 5.1000000000 4.0600000000 9.3800000000 
H 5.9100000000 4.6300000000 9.3300000000 
H 4.3900000000 4.7800000000 9.4400000000 
O 8.7600000000 6.5300000000 1.7000000000 
H 9.2500000000 5.7700000000 2.0600000000 
H 9.4200000000 7.1800000000 1.3900000000 
O 3.7300000000 1.6700000000 9.3500000000 
H 3.4600000000 1.3800000000 8.4500000000 
H 4.3500000000 2.4600000000 9.3000000000 
O 6.9400000000 5.4200000000 5.4300000000 
H 7.6500000000 5.9200000000 4.9800000000 
H 7.5400000000 4.9500000000 6.0300000000 
O 5.9600000000 8.6600000000 8.6700000000 
H 6.8200000000 8.1600000000 8.5600000000 
H 5.6300000000 8.8200000000 7.7700000000 
O 3.7100000000 0.6000000000 1.9000000000 
H 3.7300000000 0.8900000000 0.8900000000 
H 4.5100000000 0.0700000000 1.9600000000 
O 3.6800000000 1.7900000000 4.2800000000 
H 3.5300000000 1.3600000000 3.4400000000 
H 4.2600000000 2.5600000000 4.0100000000 
O 1.4200000000 3.3200000000 5.2500000000 
H 2.1500000000 2.6900000000 4.9700000000 
H 1.8000000000 4.1400000000 4.8600000000 

