&CONTROL
/
&SYSTEM
   ntyp             = 2
   nat              = 96
   ibrav            = 0
/
&ELECTRONS
/
&IONS
/
&CELL
/

ATOMIC_SPECIES
O 15.999 None
H 1.008 None

K_POINTS gamma

CELL_PARAMETERS angstrom
9.86520000000000 0.00000000000000 0.00000000000000
0.00000000000000 9.86520000000000 0.00000000000000
0.00000000000000 0.00000000000000 9.86520000000000

ATOMIC_POSITIONS angstrom
O 4.9200000000 7.5000000000 3.6100000000 
H 5.4700000000 8.2600000000 3.8100000000 
H 4.8700000000 7.0800000000 4.4800000000 
O 7.2400000000 5.1600000000 7.6600000000 
H 8.1000000000 5.2500000000 8.1400000000 
H 6.9300000000 5.9200000000 7.1000000000 
O 7.0500000000 4.6300000000 4.6600000000 
H 7.9200000000 4.7500000000 5.0300000000 
H 7.1400000000 4.3300000000 3.7400000000 
O 4.6300000000 5.0400000000 5.4300000000 
H 5.5400000000 5.2300000000 5.1400000000 
H 4.6400000000 4.4500000000 6.2900000000 
O 2.5900000000 3.4700000000 0.6600000000 
H 2.7700000000 2.8300000000 9.7500000000 
H 2.8800000000 2.9300000000 1.4100000000 
O 4.4900000000 1.4000000000 5.2500000000 
H 5.0200000000 1.9500000000 5.8500000000 
H 4.0400000000 0.7800000000 5.9200000000 
O 4.3600000000 3.4400000000 7.5400000000 
H 5.3100000000 3.1000000000 7.6200000000 
H 3.7600000000 2.6900000000 7.8200000000 
O 6.3700000000 9.8400000000 4.0000000000 
H 5.7500000000 0.5400000000 4.4300000000 
H 6.8800000000 0.5700000000 3.4100000000 
O 3.5000000000 9.1800000000 6.5200000000 
H 3.0300000000 8.3100000000 6.4200000000 
H 4.1800000000 8.9200000000 7.1700000000 
O 3.3900000000 1.9200000000 2.8200000000 
H 3.9000000000 1.9900000000 3.6200000000 
H 2.8700000000 1.0900000000 2.9000000000 
O 9.0700000000 1.1000000000 3.8100000000 
H 9.3500000000 0.3300000000 3.2500000000 
H 9.6800000000 1.2700000000 4.5200000000 
O 4.8800000000 0.5600000000 0.3600000000 
H 4.1200000000 9.6600000000 0.3700000000 
H 4.5700000000 1.0700000000 1.1300000000 
O 7.4000000000 0.9000000000 1.0300000000 
H 6.4700000000 0.5600000000 0.7900000000 
H 7.8700000000 0.2800000000 0.4200000000 
O 2.4300000000 1.6000000000 8.0900000000 
H 1.6400000000 1.8700000000 7.5100000000 
H 2.5100000000 0.6300000000 7.8500000000 
O 8.4600000000 8.4000000000 0.2600000000 
H 8.7100000000 7.4800000000 9.8300000000 
H 8.8600000000 8.4800000000 1.1600000000 
O 2.1100000000 4.2000000000 4.4600000000 
H 2.2600000000 3.4400000000 3.8300000000 
H 3.0100000000 4.3600000000 4.8400000000 
O 0.3500000000 4.6700000000 8.3900000000 
H 1.2200000000 4.2800000000 8.7700000000 
H 9.7300000000 5.0000000000 9.1700000000 
O 9.5600000000 7.9300000000 5.2600000000 
H 0.5700000000 7.4700000000 5.5600000000 
H 8.9700000000 7.5300000000 5.9500000000 
O 9.7300000000 8.5100000000 2.6100000000 
H 0.8200000000 8.4800000000 2.7800000000 
H 9.4000000000 8.3200000000 3.5600000000 
O 2.0900000000 6.8800000000 6.2500000000 
H 2.6600000000 6.3600000000 5.6000000000 
H 2.3200000000 6.4500000000 7.0400000000 
O 5.8900000000 0.2200000000 7.6800000000 
H 5.6800000000 0.4400000000 8.6400000000 
H 6.4300000000 1.0100000000 7.4200000000 
O 2.9800000000 8.6100000000 9.8200000000 
H 2.1300000000 8.4600000000 9.2800000000 
H 3.3400000000 7.7000000000 9.7500000000 
O 8.2700000000 5.3900000000 0.7500000000 
H 8.2200000000 4.5200000000 1.2600000000 
H 7.5500000000 5.9900000000 1.1100000000 
O 9.5300000000 1.8100000000 6.9500000000 
H 8.5700000000 1.7700000000 6.8000000000 
H 9.6600000000 2.8100000000 6.7600000000 
O 7.7800000000 3.1100000000 2.3300000000 
H 8.4100000000 2.5100000000 2.8300000000 
H 7.4100000000 2.3500000000 1.7400000000 
O 0.6000000000 9.1400000000 8.2000000000 
H 0.4000000000 9.8200000000 7.5300000000 
H 9.6900000000 8.9800000000 8.7800000000 
O 3.5200000000 6.2000000000 1.5700000000 
H 4.0200000000 6.5600000000 2.3400000000 
H 2.7400000000 5.7900000000 2.0100000000 
O 2.6300000000 9.0000000000 2.6100000000 
H 3.4100000000 8.6700000000 3.1000000000 
H 2.8500000000 8.7900000000 1.7000000000 
O 6.4600000000 7.5700000000 6.5700000000 
H 6.5200000000 8.2000000000 5.9200000000 
H 6.4800000000 8.3000000000 7.2700000000 
O 6.8100000000 2.5300000000 6.7000000000 
H 7.1400000000 3.2600000000 7.3300000000 
H 6.8700000000 3.0900000000 5.8900000000 
O 9.5600000000 4.4100000000 5.6700000000 
H 0.5700000000 4.2900000000 5.1400000000 
H 0.1200000000 4.5800000000 6.5400000000 
O 3.2200000000 5.8300000000 8.6300000000 
H 3.2800000000 5.7100000000 9.6000000000 
H 3.6900000000 5.0400000000 8.2600000000 

