&CONTROL
/
&SYSTEM
   ntyp             = 2
   nat              = 96
   ibrav            = 0
/
&ELECTRONS
/
&IONS
/
&CELL
/

ATOMIC_SPECIES
O 15.999 None
H 1.008 None

K_POINTS gamma

CELL_PARAMETERS angstrom
9.86520000000000 0.00000000000000 0.00000000000000
0.00000000000000 9.86520000000000 0.00000000000000
0.00000000000000 0.00000000000000 9.86520000000000

ATOMIC_POSITIONS angstrom
O 2.5300000000 8.0600000000 6.5600000000 
H 2.2800000000 8.6900000000 7.2700000000 
H 2.3400000000 7.2100000000 6.9900000000 
O 4.1500000000 8.1500000000 0.5700000000 
H 3.1600000000 8.2700000000 0.5300000000 
H 4.4100000000 9.0000000000 0.1800000000 
O 2.3800000000 1.6300000000 5.6100000000 
H 2.1000000000 2.1600000000 6.3500000000 
H 1.5600000000 1.0800000000 5.5400000000 
O 4.5800000000 0.6700000000 9.2800000000 
H 4.8800000000 0.3400000000 8.3800000000 
H 4.4000000000 1.6600000000 9.2100000000 
O 1.5000000000 8.4900000000 9.4200000000 
H 1.1300000000 8.2400000000 0.4500000000 
H 0.6900000000 8.6900000000 8.9100000000 
O 4.9800000000 0.0800000000 6.5800000000 
H 5.2000000000 9.0600000000 6.1900000000 
H 4.1900000000 0.3000000000 6.1700000000 
O 1.6400000000 1.8300000000 9.2800000000 
H 2.4400000000 1.3300000000 9.3100000000 
H 1.0000000000 1.3900000000 0.0200000000 
O 8.8200000000 1.8300000000 0.4800000000 
H 7.9700000000 2.2000000000 0.9000000000 
H 8.4900000000 1.6200000000 9.3800000000 
O 1.9600000000 4.4600000000 0.5600000000 
H 1.4000000000 3.7100000000 0.6900000000 
H 2.1500000000 4.7100000000 1.5100000000 
O 6.7500000000 5.5500000000 6.5200000000 
H 6.7400000000 6.4400000000 6.1400000000 
H 6.4600000000 5.7400000000 7.4500000000 
O 2.0700000000 5.3900000000 3.2400000000 
H 3.0000000000 5.2800000000 3.5700000000 
H 2.0300000000 6.3500000000 3.1300000000 
O 8.5000000000 3.5400000000 2.9200000000 
H 7.7600000000 2.8700000000 2.8600000000 
H 8.1700000000 4.3400000000 2.4100000000 
O 2.8700000000 5.4800000000 8.0100000000 
H 2.5400000000 4.8700000000 7.2700000000 
H 2.4900000000 5.1000000000 8.8700000000 
O 6.4100000000 2.0600000000 1.6900000000 
H 5.6800000000 2.1300000000 2.3200000000 
H 6.0000000000 2.4400000000 0.8500000000 
O 0.1900000000 7.3800000000 1.8600000000 
H 9.5200000000 6.5500000000 1.9100000000 
H 9.4600000000 8.0700000000 2.2800000000 
O 2.8300000000 8.3500000000 3.9500000000 
H 2.8000000000 8.1100000000 4.9600000000 
H 2.0300000000 8.9800000000 3.9200000000 
O 0.9900000000 3.4500000000 7.3300000000 
H 0.0600000000 3.0700000000 7.3800000000 
H 1.3600000000 3.1300000000 8.1300000000 
O 1.2700000000 2.5400000000 2.7500000000 
H 0.2800000000 2.8100000000 2.7200000000 
H 1.7100000000 3.4300000000 2.9000000000 
O 9.4800000000 6.4000000000 5.0600000000 
H 0.0600000000 5.5200000000 5.0300000000 
H 0.2400000000 7.0700000000 5.5000000000 
O 4.6300000000 3.5300000000 9.6400000000 
H 3.7300000000 3.7800000000 0.2400000000 
H 5.2100000000 4.3000000000 9.4300000000 
O 5.8200000000 7.6600000000 2.6300000000 
H 5.3500000000 8.0200000000 1.8000000000 
H 5.1000000000 7.1700000000 3.1000000000 
O 7.1200000000 7.8300000000 5.2000000000 
H 6.7500000000 8.0500000000 4.3100000000 
H 7.9900000000 7.3900000000 4.8900000000 
O 7.2000000000 5.4400000000 1.4400000000 
H 6.9500000000 5.6500000000 0.4500000000 
H 6.6400000000 6.0700000000 1.9600000000 
O 3.7100000000 0.8300000000 2.5300000000 
H 2.7700000000 0.9800000000 2.2400000000 
H 3.7400000000 9.7300000000 2.7900000000 
O 4.9400000000 5.4500000000 4.2400000000 
H 5.3900000000 5.6700000000 5.1100000000 
H 4.7700000000 4.4300000000 4.2900000000 
O 5.4000000000 6.0300000000 8.7700000000 
H 4.9400000000 6.8200000000 9.2100000000 
H 4.5700000000 5.6400000000 8.3300000000 
O 4.0000000000 3.0300000000 4.1700000000 
H 3.9700000000 2.3100000000 3.5100000000 
H 3.2700000000 2.6300000000 4.7100000000 
O 8.8600000000 9.1300000000 7.9900000000 
H 8.2700000000 0.0900000000 8.0800000000 
H 8.4400000000 8.7700000000 7.1600000000 
O 7.5100000000 1.5600000000 8.0200000000 
H 6.6000000000 1.2700000000 7.7300000000 
H 7.8500000000 2.1400000000 7.3400000000 
O 0.6400000000 0.1000000000 4.0700000000 
H 9.5800000000 0.1100000000 3.6600000000 
H 0.9100000000 0.9500000000 3.7100000000 
O 8.2700000000 9.4500000000 2.5200000000 
H 7.4100000000 8.9800000000 2.5300000000 
H 7.9900000000 0.3900000000 1.9100000000 
O 8.2600000000 3.2900000000 6.0700000000 
H 7.6900000000 4.0900000000 6.1200000000 
H 8.5100000000 3.3000000000 5.1600000000 

