&CONTROL
/
&SYSTEM
   ntyp             = 2
   nat              = 96
   ibrav            = 0
/
&ELECTRONS
/
&IONS
/
&CELL
/

ATOMIC_SPECIES
O 15.999 None
H 1.008 None

K_POINTS gamma

CELL_PARAMETERS angstrom
9.86520000000000 0.00000000000000 0.00000000000000
0.00000000000000 9.86520000000000 0.00000000000000
0.00000000000000 0.00000000000000 9.86520000000000

ATOMIC_POSITIONS angstrom
O 7.8700000000 5.5100000000 5.3900000000 
H 8.5100000000 5.7700000000 6.1000000000 
H 8.2500000000 4.6400000000 5.0400000000 
O 2.3400000000 3.7400000000 3.2000000000 
H 2.7900000000 4.5300000000 3.0000000000 
H 1.3800000000 3.9400000000 2.9100000000 
O 8.3600000000 2.2500000000 5.1800000000 
H 8.2600000000 1.6500000000 4.3500000000 
H 7.5300000000 2.7800000000 5.1400000000 
O 1.2400000000 5.3300000000 9.7500000000 
H 0.8100000000 4.5200000000 0.2100000000 
H 2.1100000000 5.2100000000 0.2400000000 
O 2.2000000000 7.0200000000 5.2500000000 
H 1.9700000000 6.5500000000 6.0600000000 
H 1.6000000000 7.7800000000 5.4300000000 
O 4.6500000000 8.4300000000 2.3800000000 
H 4.1200000000 9.2000000000 2.2800000000 
H 5.4300000000 8.8300000000 2.7900000000 
O 4.1400000000 4.7200000000 0.2500000000 
H 4.1000000000 3.8900000000 9.5700000000 
H 5.0400000000 4.5300000000 0.6800000000 
O 0.2200000000 3.2000000000 1.1400000000 
H 9.3600000000 2.5700000000 1.5500000000 
H 0.6000000000 2.4400000000 0.6300000000 
O 1.2600000000 1.2500000000 9.4100000000 
H 0.6800000000 0.4200000000 9.1900000000 
H 2.1700000000 0.8900000000 9.3000000000 
O 9.6700000000 9.3700000000 7.8300000000 
H 9.7900000000 9.5000000000 6.8200000000 
H 9.4000000000 8.4300000000 7.9500000000 
O 2.1700000000 1.4500000000 4.8000000000 
H 2.3000000000 2.0900000000 4.0400000000 
H 1.6100000000 2.0400000000 5.3600000000 
O 0.7000000000 2.7900000000 6.6500000000 
H 0.6500000000 2.3100000000 7.4500000000 
H 9.7700000000 2.5200000000 6.1300000000 
O 5.0500000000 7.5200000000 6.0400000000 
H 4.2000000000 7.0800000000 5.8100000000 
H 5.7700000000 6.9000000000 5.7500000000 
O 4.9900000000 2.6400000000 7.4600000000 
H 5.2000000000 3.0000000000 6.5300000000 
H 4.9100000000 1.6800000000 7.3400000000 
O 8.3100000000 8.2800000000 3.5800000000 
H 8.7000000000 7.6400000000 2.9500000000 
H 7.8900000000 7.6200000000 4.1400000000 
O 3.6100000000 7.2000000000 9.3500000000 
H 2.7900000000 6.9400000000 8.8900000000 
H 3.8400000000 6.2700000000 9.5300000000 
O 3.6900000000 1.5500000000 2.1000000000 
H 3.3800000000 1.3000000000 1.2500000000 
H 3.2200000000 2.3800000000 2.3500000000 
O 2.4000000000 5.0800000000 7.1700000000 
H 1.5500000000 4.6300000000 7.0700000000 
H 2.9800000000 4.3100000000 7.0300000000 
O 3.8400000000 0.0800000000 9.0900000000 
H 3.9400000000 0.2600000000 8.1300000000 
H 3.7900000000 8.9800000000 9.1900000000 
O 8.1700000000 1.0100000000 2.7100000000 
H 7.4000000000 1.0900000000 2.0700000000 
H 8.0200000000 0.1100000000 3.0800000000 
O 6.3900000000 6.4500000000 2.1000000000 
H 5.6400000000 6.9500000000 2.1800000000 
H 6.8400000000 7.0100000000 1.4100000000 
O 5.4400000000 3.0200000000 4.4500000000 
H 5.5800000000 3.5000000000 3.5800000000 
H 4.5700000000 2.6300000000 4.2800000000 
O 0.2800000000 9.0100000000 5.3000000000 
H 0.8500000000 9.7400000000 4.8400000000 
H 9.6900000000 8.6300000000 4.5100000000 
O 7.0600000000 4.2700000000 8.4900000000 
H 7.7700000000 3.5000000000 8.5400000000 
H 6.3700000000 3.7200000000 8.1300000000 
O 6.4200000000 3.7700000000 1.5000000000 
H 7.0400000000 3.9500000000 0.8100000000 
H 6.4500000000 4.6300000000 1.9600000000 
O 9.5600000000 6.3500000000 2.3100000000 
H 0.6500000000 6.4000000000 1.8900000000 
H 8.9900000000 5.6900000000 1.8400000000 
O 8.1300000000 1.5900000000 8.3600000000 
H 7.8700000000 1.4400000000 9.3000000000 
H 8.7400000000 0.8100000000 8.0700000000 
O 6.4900000000 0.3400000000 0.3800000000 
H 5.6500000000 0.5700000000 9.8500000000 
H 6.4500000000 9.2300000000 0.4300000000 
O 2.6200000000 6.3800000000 2.6500000000 
H 3.2500000000 7.1200000000 2.5100000000 
H 2.3700000000 6.6800000000 3.6200000000 
O 8.9900000000 6.3300000000 8.0700000000 
H 8.3200000000 5.6900000000 8.3400000000 
H 9.8400000000 5.9600000000 8.4200000000 
O 4.2700000000 0.2500000000 6.4400000000 
H 3.8000000000 0.5300000000 5.6400000000 
H 4.5900000000 9.1400000000 6.1600000000 
O 6.4900000000 7.4800000000 9.4600000000 
H 6.9700000000 7.2200000000 8.6300000000 
H 5.5800000000 7.4600000000 9.2600000000 

