&CONTROL
/
&SYSTEM
   ntyp             = 2
   nat              = 96
   ibrav            = 0
/
&ELECTRONS
/
&IONS
/
&CELL
/

ATOMIC_SPECIES
O 15.999 None
H 1.008 None

K_POINTS gamma

CELL_PARAMETERS angstrom
9.86520000000000 0.00000000000000 0.00000000000000
0.00000000000000 9.86520000000000 0.00000000000000
0.00000000000000 0.00000000000000 9.86520000000000

ATOMIC_POSITIONS angstrom
O 9.4400000000 5.3700000000 3.3600000000 
H 9.8500000000 5.7000000000 2.5300000000 
H 0.3000000000 5.3400000000 3.9600000000 
O 4.4600000000 6.7600000000 3.4600000000 
H 5.0900000000 6.0300000000 3.6700000000 
H 4.9500000000 7.6000000000 3.7000000000 
O 8.0200000000 2.9100000000 2.4600000000 
H 8.7900000000 3.5400000000 2.7100000000 
H 8.3500000000 2.8200000000 1.5300000000 
O 7.3100000000 7.8000000000 1.1500000000 
H 6.5900000000 8.4300000000 1.4400000000 
H 8.2000000000 8.1400000000 1.3700000000 
O 0.7700000000 6.4300000000 0.7500000000 
H 0.6600000000 7.3500000000 0.6800000000 
H 1.7200000000 6.1900000000 0.9000000000 
O 7.0000000000 6.2400000000 4.5700000000 
H 7.7700000000 6.2000000000 3.9500000000 
H 7.5000000000 6.3300000000 5.4000000000 
O 2.3600000000 9.2900000000 4.2200000000 
H 3.3000000000 9.4200000000 4.3800000000 
H 2.2800000000 8.6800000000 3.4200000000 
O 6.4700000000 9.3200000000 7.2700000000 
H 6.9300000000 8.4800000000 7.1000000000 
H 7.1800000000 0.0800000000 7.0100000000 
O 9.0800000000 1.0000000000 6.8000000000 
H 9.6900000000 1.6200000000 6.3400000000 
H 9.6900000000 0.2600000000 6.9200000000 
O 2.4800000000 1.7300000000 7.4200000000 
H 2.3400000000 1.8900000000 6.4500000000 
H 2.9200000000 0.9000000000 7.5400000000 
O 2.4700000000 0.6300000000 0.4700000000 
H 1.9200000000 1.2000000000 9.7300000000 
H 3.3300000000 0.6100000000 9.8400000000 
O 4.1300000000 6.4400000000 8.7600000000 
H 5.0800000000 6.1700000000 8.8200000000 
H 3.9400000000 6.1700000000 9.6500000000 
O 6.6400000000 5.5600000000 9.2600000000 
H 7.5400000000 5.4700000000 8.9400000000 
H 6.7900000000 6.3300000000 9.8500000000 
O 3.3600000000 5.4200000000 1.3000000000 
H 3.8900000000 4.5700000000 1.5400000000 
H 3.6100000000 6.0800000000 2.0400000000 
O 3.3800000000 8.9200000000 7.6400000000 
H 4.3300000000 9.0800000000 7.4400000000 
H 3.4900000000 8.2100000000 8.3300000000 
O 3.5200000000 4.5100000000 6.7900000000 
H 3.9500000000 3.7600000000 7.2400000000 
H 3.6900000000 5.2100000000 7.4500000000 
O 5.1400000000 0.5200000000 9.4500000000 
H 5.1300000000 1.4300000000 9.0700000000 
H 5.7800000000 0.0700000000 8.8400000000 
O 0.9700000000 8.5900000000 6.5800000000 
H 1.7700000000 8.5900000000 7.1400000000 
H 1.3900000000 9.0700000000 5.8200000000 
O 0.1800000000 9.3000000000 1.0900000000 
H 9.6100000000 0.2100000000 0.7300000000 
H 1.1000000000 9.6400000000 1.1300000000 
O 5.6800000000 3.1000000000 8.0400000000 
H 6.3700000000 3.2200000000 7.3200000000 
H 5.7800000000 3.9000000000 8.5600000000 
O 1.9400000000 5.4400000000 4.6300000000 
H 2.5700000000 6.0200000000 4.1200000000 
H 2.4400000000 5.0600000000 5.3800000000 
O 9.2600000000 5.6900000000 8.5300000000 
H 9.5800000000 5.9800000000 9.4300000000 
H 0.0900000000 5.0500000000 8.2800000000 
O 4.7600000000 3.3100000000 2.1500000000 
H 4.6200000000 3.2100000000 3.0700000000 
H 5.6600000000 2.9500000000 1.9300000000 
O 6.8800000000 3.4300000000 5.4200000000 
H 6.6800000000 4.2800000000 4.9500000000 
H 7.3800000000 2.9400000000 4.7300000000 
O 1.3600000000 1.9600000000 4.9600000000 
H 1.3100000000 2.5100000000 4.1000000000 
H 1.8400000000 1.1600000000 4.5900000000 
O 8.9200000000 1.4100000000 9.5400000000 
H 9.5000000000 2.2400000000 9.4400000000 
H 8.6800000000 1.2100000000 8.6000000000 
O 4.3100000000 3.0400000000 4.7100000000 
H 3.6600000000 3.2200000000 5.4000000000 
H 5.2300000000 3.0000000000 5.0800000000 
O 6.3600000000 0.5500000000 2.4100000000 
H 7.0500000000 1.3200000000 2.4900000000 
H 5.9700000000 0.6900000000 1.4800000000 
O 4.9400000000 9.4600000000 4.5400000000 
H 5.2200000000 9.8600000000 3.6500000000 
H 5.7600000000 9.2800000000 5.0700000000 
O 1.5300000000 3.3200000000 9.1900000000 
H 1.9000000000 2.8500000000 8.3600000000 
H 2.0000000000 4.1900000000 9.3500000000 
O 1.6500000000 2.7600000000 2.4900000000 
H 2.1800000000 2.1600000000 1.9300000000 
H 2.1300000000 3.5900000000 2.2400000000 
O 8.5100000000 7.1700000000 6.5900000000 
H 9.5000000000 7.4800000000 6.5000000000 
H 8.5800000000 6.5400000000 7.4200000000 

