&CONTROL
/
&SYSTEM
   ntyp             = 2
   nat              = 96
   ibrav            = 0
/
&ELECTRONS
/
&IONS
/
&CELL
/

ATOMIC_SPECIES
O 15.999 None
H 1.008 None

K_POINTS gamma

CELL_PARAMETERS angstrom
9.86520000000000 0.00000000000000 0.00000000000000
0.00000000000000 9.86520000000000 0.00000000000000
0.00000000000000 0.00000000000000 9.86520000000000

ATOMIC_POSITIONS angstrom
O 2.9400000000 4.3800000000 6.8500000000 
H 2.6800000000 4.0800000000 7.7300000000 
H 2.7400000000 5.3500000000 7.0200000000 
O 4.3100000000 0.7700000000 2.5400000000 
H 4.3200000000 1.6800000000 3.0400000000 
H 3.5700000000 0.8900000000 1.9000000000 
O 5.5500000000 5.8200000000 5.4500000000 
H 5.7700000000 6.4600000000 6.1100000000 
H 4.6300000000 6.0900000000 5.2300000000 
O 0.2000000000 5.4800000000 0.5000000000 
H 9.8100000000 5.2100000000 9.4600000000 
H 0.4000000000 6.4600000000 0.3500000000 
O 7.5800000000 2.7500000000 4.6100000000 
H 6.7500000000 2.9500000000 4.2500000000 
H 8.1300000000 3.4200000000 4.0900000000 
O 4.9900000000 3.5300000000 3.8300000000 
H 4.9800000000 4.0100000000 2.9900000000 
H 4.9100000000 4.1900000000 4.5300000000 
O 8.3900000000 9.1100000000 6.5900000000 
H 8.2400000000 8.7500000000 5.6400000000 
H 8.4600000000 8.2300000000 7.0500000000 
O 8.0900000000 7.5200000000 4.1500000000 
H 8.2700000000 8.0500000000 3.3200000000 
H 7.1600000000 7.0500000000 3.9800000000 
O 0.9600000000 2.6400000000 6.1900000000 
H 1.6100000000 3.3900000000 6.2900000000 
H 1.0000000000 2.5300000000 5.1900000000 
O 1.6400000000 8.3100000000 1.3000000000 
H 1.6600000000 9.2600000000 1.2800000000 
H 2.3700000000 8.1000000000 1.9100000000 
O 4.5800000000 0.5800000000 8.2900000000 
H 5.0900000000 0.7600000000 9.1000000000 
H 4.8900000000 1.2700000000 7.5800000000 
O 9.4000000000 0.3700000000 9.0700000000 
H 8.9600000000 0.2000000000 8.2100000000 
H 0.4700000000 0.4200000000 8.8100000000 
O 0.1900000000 1.1700000000 3.7100000000 
H 9.1700000000 1.2200000000 4.1200000000 
H 0.0800000000 1.3400000000 2.7300000000 
O 4.4100000000 7.6500000000 7.9000000000 
H 4.3100000000 8.6300000000 7.5500000000 
H 3.5000000000 7.4100000000 7.9100000000 
O 8.7400000000 8.4300000000 1.3500000000 
H 9.7100000000 8.4300000000 1.4500000000 
H 8.7000000000 9.0100000000 0.5700000000 
O 2.3200000000 0.9400000000 0.6100000000 
H 2.6500000000 0.8600000000 9.5400000000 
H 1.9500000000 1.8800000000 0.6400000000 
O 3.5400000000 9.3600000000 5.3000000000 
H 3.7100000000 9.6600000000 4.3600000000 
H 4.4400000000 9.4700000000 5.7000000000 
O 6.0800000000 0.1700000000 5.4000000000 
H 6.7900000000 9.7500000000 6.0400000000 
H 6.2200000000 1.0900000000 5.5200000000 
O 0.3600000000 6.4100000000 5.1700000000 
H 9.5500000000 7.1000000000 4.7800000000 
H 0.0800000000 5.6100000000 4.5100000000 
O 5.2800000000 4.5500000000 1.1400000000 
H 5.9100000000 3.8800000000 0.7100000000 
H 5.6300000000 5.4300000000 0.8200000000 
O 1.6800000000 6.8800000000 7.4600000000 
H 1.0800000000 6.5600000000 6.6900000000 
H 1.5900000000 7.8500000000 7.5500000000 
O 2.4500000000 3.6600000000 9.7700000000 
H 1.7000000000 4.2300000000 0.1700000000 
H 3.1400000000 4.1700000000 0.2600000000 
O 5.4000000000 2.7500000000 6.5300000000 
H 5.8600000000 3.4800000000 7.0600000000 
H 4.7000000000 3.1700000000 6.0300000000 
O 6.2900000000 6.8900000000 0.1000000000 
H 5.5400000000 7.4800000000 9.7400000000 
H 7.0100000000 7.4800000000 0.5100000000 
O 8.2900000000 6.1000000000 8.1200000000 
H 8.1500000000 5.1400000000 7.7600000000 
H 7.3800000000 6.2100000000 8.5300000000 
O 7.1500000000 2.9400000000 9.4800000000 
H 7.6600000000 3.0800000000 8.6000000000 
H 6.8900000000 2.0100000000 9.5600000000 
O 1.6600000000 9.6300000000 7.2900000000 
H 2.3500000000 9.5800000000 6.5700000000 
H 1.2100000000 0.5300000000 7.0400000000 
O 3.0900000000 6.8300000000 4.4500000000 
H 3.0300000000 7.8000000000 4.6400000000 
H 2.3100000000 6.4900000000 4.8900000000 
O 8.4000000000 3.4400000000 7.0600000000 
H 7.9700000000 3.3200000000 6.1600000000 
H 9.2300000000 3.0100000000 6.8700000000 
O 9.5600000000 2.4700000000 1.3800000000 
H 9.0800000000 1.9600000000 0.7900000000 
H 9.1600000000 3.3500000000 1.1200000000 
O 0.2600000000 4.3500000000 3.5100000000 
H 0.4100000000 3.4400000000 3.1100000000 
H 0.1800000000 4.9800000000 2.7600000000 
O 6.4200000000 0.4000000000 0.6200000000 
H 5.6900000000 0.7700000000 1.2000000000 
H 7.1900000000 0.1700000000 1.2500000000 

