&CONTROL
/
&SYSTEM
   ntyp             = 2
   nat              = 96
   ibrav            = 0
/
&ELECTRONS
/
&IONS
/
&CELL
/

ATOMIC_SPECIES
O 15.999 None
H 1.008 None

K_POINTS gamma

CELL_PARAMETERS angstrom
9.86520000000000 0.00000000000000 0.00000000000000
0.00000000000000 9.86520000000000 0.00000000000000
0.00000000000000 0.00000000000000 9.86520000000000

ATOMIC_POSITIONS angstrom
O 4.3500000000 6.4600000000 6.3300000000 
H 3.7700000000 7.2900000000 6.1600000000 
H 3.6200000000 5.8400000000 6.5400000000 
O 3.8700000000 9.0400000000 1.7100000000 
H 3.6800000000 8.0800000000 1.3200000000 
H 3.8900000000 9.5300000000 0.8100000000 
O 9.6100000000 2.4800000000 5.6800000000 
H 0.0900000000 2.8900000000 6.5000000000 
H 9.5700000000 1.5200000000 5.9000000000 
O 4.0500000000 0.8100000000 9.4100000000 
H 4.1500000000 0.7500000000 8.3900000000 
H 4.4500000000 1.7400000000 9.5900000000 
O 2.4200000000 8.2500000000 6.3600000000 
H 2.8800000000 9.1600000000 6.4500000000 
H 1.9400000000 8.2300000000 7.2000000000 
O 4.0700000000 0.6000000000 6.4000000000 
H 5.0800000000 0.7600000000 6.3600000000 
H 3.7100000000 1.0200000000 5.6500000000 
O 0.1600000000 2.4800000000 0.6700000000 
H 9.2400000000 2.9900000000 1.0300000000 
H 0.4300000000 1.8700000000 1.4000000000 
O 8.6400000000 9.4600000000 9.4100000000 
H 8.2800000000 0.5100000000 9.3400000000 
H 8.3000000000 9.1700000000 0.3800000000 
O 2.3800000000 4.1700000000 1.1900000000 
H 1.6000000000 3.5800000000 1.1300000000 
H 2.4800000000 4.3900000000 2.1100000000 
O 8.2400000000 5.6600000000 9.1600000000 
H 8.3300000000 5.8500000000 8.2000000000 
H 7.2200000000 5.6200000000 9.2900000000 
O 2.4800000000 5.2900000000 4.0000000000 
H 3.4500000000 5.0700000000 3.9100000000 
H 2.4000000000 5.0800000000 4.9400000000 
O 7.8100000000 3.4900000000 1.7600000000 
H 7.6000000000 4.4600000000 1.8800000000 
H 7.6800000000 3.1400000000 2.7100000000 
O 2.6000000000 4.2900000000 6.6200000000 
H 2.4800000000 3.3300000000 6.7600000000 
H 1.8900000000 4.5500000000 7.2600000000 
O 5.4300000000 1.4100000000 2.1200000000 
H 4.8000000000 0.6900000000 1.7800000000 
H 6.1500000000 1.5200000000 1.4400000000 
O 3.3000000000 6.7000000000 0.5700000000 
H 2.5700000000 7.1700000000 0.1100000000 
H 2.8800000000 5.8300000000 0.7900000000 
O 3.0000000000 0.2500000000 4.0900000000 
H 2.5500000000 9.3300000000 4.5100000000 
H 3.4800000000 9.7200000000 3.3600000000 
O 0.3000000000 3.5800000000 7.9700000000 
H 9.6600000000 4.4500000000 8.0800000000 
H 0.2500000000 3.1200000000 8.8800000000 
O 7.6900000000 3.7800000000 4.3900000000 
H 8.4600000000 3.3500000000 4.8100000000 
H 7.6600000000 4.7000000000 4.7000000000 
O 0.3500000000 7.3600000000 3.7700000000 
H 1.1000000000 6.7000000000 3.9700000000 
H 9.8400000000 6.9400000000 2.9500000000 
O 4.8300000000 3.5300000000 9.3300000000 
H 5.2000000000 4.4400000000 9.4200000000 
H 4.0500000000 3.5100000000 0.0800000000 
O 6.3500000000 7.8000000000 2.5000000000 
H 5.4900000000 8.0900000000 2.1100000000 
H 6.7900000000 8.6600000000 2.6200000000 
O 9.3700000000 6.6500000000 6.3300000000 
H 8.4200000000 6.3900000000 6.0900000000 
H 9.7900000000 6.9700000000 5.4600000000 
O 8.5900000000 6.3700000000 1.9900000000 
H 8.6400000000 6.2700000000 1.0100000000 
H 7.8000000000 6.8600000000 2.1300000000 
O 0.7400000000 1.4700000000 3.2900000000 
H 0.4400000000 1.9400000000 4.0900000000 
H 1.6000000000 1.0900000000 3.5200000000 
O 6.8700000000 6.3900000000 5.3000000000 
H 6.0500000000 6.5700000000 5.7900000000 
H 6.6200000000 6.8900000000 4.4800000000 
O 5.6400000000 6.0300000000 9.1300000000 
H 4.8600000000 6.3900000000 9.7100000000 
H 5.4000000000 6.3600000000 8.2100000000 
O 4.5600000000 3.4000000000 4.3200000000 
H 4.6300000000 2.4600000000 3.9400000000 
H 5.4700000000 3.7300000000 4.4000000000 
O 9.2200000000 9.6900000000 6.5700000000 
H 9.1300000000 9.5900000000 7.5400000000 
H 9.2100000000 8.7300000000 6.1900000000 
O 7.0000000000 1.9100000000 9.4000000000 
H 6.1500000000 2.3800000000 8.9700000000 
H 7.0000000000 2.4900000000 0.2700000000 
O 1.0700000000 8.1800000000 8.9000000000 
H 0.4400000000 7.4800000000 8.5600000000 
H 0.4200000000 8.8500000000 9.2700000000 
O 8.4600000000 9.4500000000 2.4400000000 
H 9.1900000000 8.8900000000 2.8300000000 
H 8.8300000000 0.4600000000 2.6800000000 
O 6.6700000000 1.1500000000 5.8700000000 
H 6.9000000000 1.8800000000 5.2900000000 
H 7.4900000000 0.6500000000 6.0400000000 

