&CONTROL
/
&SYSTEM
   ntyp             = 2
   nat              = 96
   ibrav            = 0
/
&ELECTRONS
/
&IONS
/
&CELL
/

ATOMIC_SPECIES
O 15.999 None
H 1.008 None

K_POINTS gamma

CELL_PARAMETERS angstrom
9.86520000000000 0.00000000000000 0.00000000000000
0.00000000000000 9.86520000000000 0.00000000000000
0.00000000000000 0.00000000000000 9.86520000000000

ATOMIC_POSITIONS angstrom
O 9.5400000000 2.5500000000 7.7000000000 
H 9.7100000000 2.7000000000 6.7400000000 
H 8.6500000000 2.9600000000 7.8700000000 
O 3.8200000000 6.0500000000 2.1600000000 
H 3.0300000000 5.6800000000 2.5900000000 
H 3.5300000000 6.8800000000 1.7000000000 
O 6.2500000000 9.1700000000 5.6700000000 
H 6.7300000000 8.3900000000 6.0900000000 
H 6.8900000000 0.0100000000 5.5500000000 
O 6.9900000000 3.2000000000 9.5400000000 
H 7.2100000000 2.3600000000 0.2100000000 
H 6.0500000000 3.1100000000 9.3200000000 
O 3.0400000000 2.6200000000 6.3700000000 
H 3.1500000000 3.0700000000 7.2400000000 
H 3.4900000000 3.2500000000 5.7500000000 
O 5.4100000000 6.3700000000 8.3000000000 
H 5.9200000000 6.0800000000 7.5900000000 
H 5.0200000000 7.2600000000 8.1200000000 
O 2.0500000000 0.0700000000 6.3300000000 
H 1.9000000000 9.7700000000 7.3000000000 
H 2.2600000000 1.0400000000 6.2900000000 
O 8.5100000000 1.6900000000 4.1200000000 
H 9.1000000000 2.4400000000 4.4500000000 
H 8.8500000000 0.8800000000 4.6600000000 
O 4.0100000000 1.5200000000 9.3700000000 
H 3.0300000000 1.3100000000 9.2400000000 
H 3.8200000000 2.4500000000 9.7700000000 
O 0.5300000000 7.1500000000 2.3400000000 
H 0.7700000000 6.7000000000 3.1700000000 
H 9.6000000000 7.6900000000 2.7000000000 
O 7.1600000000 6.9100000000 0.3900000000 
H 6.4200000000 7.0500000000 9.5800000000 
H 7.1000000000 5.9600000000 0.6300000000 
O 1.8700000000 5.4800000000 7.7000000000 
H 1.7800000000 4.9600000000 8.5200000000 
H 1.7700000000 6.3100000000 8.2100000000 
O 0.9200000000 4.0000000000 0.2600000000 
H 0.4000000000 3.4000000000 9.5400000000 
H 1.0000000000 3.4400000000 1.1000000000 
O 8.5400000000 7.1000000000 6.3600000000 
H 8.4400000000 6.5200000000 5.5500000000 
H 9.1300000000 6.5500000000 6.9300000000 
O 3.8300000000 8.5300000000 0.5900000000 
H 3.9500000000 9.2600000000 1.2400000000 
H 4.1500000000 9.0500000000 9.6500000000 
O 3.6000000000 0.5600000000 2.8600000000 
H 3.6800000000 9.6400000000 3.5100000000 
H 4.2500000000 1.1800000000 3.1100000000 
O 5.9400000000 2.5200000000 3.5200000000 
H 6.1400000000 2.4200000000 2.5500000000 
H 6.7300000000 2.1400000000 3.9200000000 
O 1.4600000000 0.7100000000 8.9300000000 
H 0.7600000000 1.2400000000 8.4000000000 
H 0.8700000000 0.2500000000 9.5600000000 
O 3.7300000000 8.1000000000 4.8800000000 
H 3.3400000000 8.6300000000 5.5700000000 
H 4.6700000000 8.4400000000 4.9300000000 
O 9.4200000000 9.4200000000 5.3800000000 
H 0.5700000000 9.4700000000 5.4400000000 
H 9.1500000000 8.6400000000 5.9900000000 
O 8.3300000000 4.8500000000 1.6400000000 
H 7.9100000000 4.1200000000 1.1400000000 
H 9.2600000000 4.8600000000 1.3400000000 
O 1.2000000000 2.2200000000 2.7000000000 
H 1.9500000000 1.5600000000 2.7000000000 
H 1.0700000000 2.3300000000 3.6400000000 
O 1.8700000000 6.1900000000 4.6000000000 
H 2.1500000000 5.6500000000 5.3200000000 
H 2.5600000000 6.8900000000 4.5300000000 
O 4.4900000000 9.3700000000 7.6000000000 
H 5.1800000000 9.5500000000 6.8600000000 
H 4.4900000000 0.3200000000 8.2200000000 
O 4.3800000000 4.3500000000 4.7300000000 
H 4.6000000000 5.2200000000 4.5000000000 
H 4.9500000000 3.7800000000 4.1800000000 
O 6.2000000000 7.1600000000 3.0500000000 
H 6.6600000000 7.6900000000 2.4200000000 
H 5.5800000000 6.7900000000 2.4800000000 
O 4.1700000000 4.2600000000 9.5700000000 
H 3.9400000000 4.9400000000 8.9200000000 
H 4.3200000000 4.8600000000 0.4200000000 
O 8.1600000000 5.6000000000 4.2100000000 
H 7.3700000000 6.0900000000 3.9500000000 
H 8.3000000000 5.1600000000 3.3800000000 
O 7.6500000000 1.5100000000 1.5800000000 
H 8.2000000000 1.6200000000 2.4100000000 
H 7.9500000000 0.6200000000 1.2300000000 
O 9.0200000000 9.1700000000 9.8100000000 
H 9.6500000000 8.4800000000 9.5700000000 
H 8.3400000000 8.5000000000 0.2000000000 
O 0.4600000000 3.3600000000 5.1900000000 
H 1.3500000000 3.1900000000 5.5700000000 
H 0.4700000000 4.3500000000 5.0300000000 
O 1.4000000000 7.3000000000 9.6500000000 
H 2.2500000000 7.7100000000 0.0300000000 
H 1.0700000000 7.1900000000 0.7700000000 

