&CONTROL
/
&SYSTEM
   ntyp             = 2
   nat              = 96
   ibrav            = 0
/
&ELECTRONS
/
&IONS
/
&CELL
/

ATOMIC_SPECIES
O 15.999 None
H 1.008 None

K_POINTS gamma

CELL_PARAMETERS angstrom
9.86520000000000 0.00000000000000 0.00000000000000
0.00000000000000 9.86520000000000 0.00000000000000
0.00000000000000 0.00000000000000 9.86520000000000

ATOMIC_POSITIONS angstrom
O 3.1300000000 4.4200000000 7.8200000000 
H 3.4700000000 4.0400000000 8.6700000000 
H 2.6700000000 5.2300000000 8.0700000000 
O 3.1600000000 1.7600000000 3.4800000000 
H 3.6800000000 2.6000000000 3.3200000000 
H 2.2400000000 2.0900000000 3.5900000000 
O 4.7800000000 6.4400000000 5.2200000000 
H 4.8800000000 6.4000000000 6.2500000000 
H 4.4700000000 7.3400000000 5.0300000000 
O 2.4900000000 6.2500000000 0.4600000000 
H 2.0900000000 6.9700000000 9.8600000000 
H 2.8500000000 6.7100000000 1.2600000000 
O 8.1100000000 3.9600000000 3.6200000000 
H 7.3100000000 4.3500000000 3.3000000000 
H 8.8100000000 4.1800000000 2.9600000000 
O 4.4200000000 4.2400000000 3.6300000000 
H 4.9700000000 4.6600000000 2.9400000000 
H 4.2100000000 5.0800000000 4.1800000000 
O 8.3200000000 7.6800000000 7.1900000000 
H 8.1900000000 7.6400000000 6.1500000000 
H 9.2600000000 7.4700000000 7.2700000000 
O 7.3500000000 7.2700000000 4.4700000000 
H 7.3700000000 8.1000000000 3.9100000000 
H 6.4600000000 6.9700000000 4.6000000000 
O 0.7100000000 3.2500000000 6.3700000000 
H 1.5100000000 3.6600000000 6.9700000000 
H 1.1100000000 3.0600000000 5.4900000000 
O 1.2500000000 8.7600000000 9.5200000000 
H 1.4100000000 8.8700000000 8.5700000000 
H 1.5100000000 9.6500000000 9.8600000000 
O 4.8900000000 0.2400000000 8.7600000000 
H 5.1700000000 0.2400000000 9.7000000000 
H 5.1600000000 1.1200000000 8.5200000000 
O 8.4300000000 9.1100000000 9.5600000000 
H 8.4600000000 8.9200000000 8.6500000000 
H 9.4200000000 8.9900000000 9.7800000000 
O 0.3600000000 1.7600000000 4.2000000000 
H 0.1800000000 1.8800000000 3.2300000000 
H 9.3600000000 1.4900000000 4.5500000000 
O 5.4900000000 7.6900000000 7.5800000000 
H 6.4700000000 7.8400000000 7.2700000000 
H 5.1700000000 8.5700000000 8.0200000000 
O 7.7200000000 9.3700000000 2.4800000000 
H 8.4900000000 0.1100000000 2.2700000000 
H 7.5000000000 8.9400000000 1.6200000000 
O 2.1200000000 1.3000000000 0.1300000000 
H 2.9800000000 0.8600000000 9.7900000000 
H 2.4700000000 2.1600000000 0.3600000000 
O 3.9600000000 9.4300000000 5.2400000000 
H 3.5700000000 0.2500000000 4.6300000000 
H 4.8700000000 9.7200000000 5.5700000000 
O 6.3300000000 0.1200000000 6.0900000000 
H 6.7500000000 0.9600000000 5.7200000000 
H 6.0500000000 0.4100000000 6.9900000000 
O 0.4400000000 6.5300000000 4.5600000000 
H 9.4100000000 6.8900000000 4.3900000000 
H 0.3100000000 5.6200000000 4.2300000000 
O 6.1000000000 4.4200000000 1.5300000000 
H 6.6800000000 3.7200000000 1.2400000000 
H 6.3000000000 5.1600000000 0.8200000000 
O 1.1200000000 6.4900000000 7.1700000000 
H 1.0200000000 6.1200000000 6.2700000000 
H 1.4300000000 7.4300000000 6.9700000000 
O 3.4300000000 3.7300000000 0.4700000000 
H 3.0500000000 4.6200000000 0.5300000000 
H 4.3600000000 3.9200000000 0.8100000000 
O 5.7300000000 2.5900000000 7.5500000000 
H 6.4800000000 3.0000000000 7.0400000000 
H 4.9700000000 2.9700000000 7.0300000000 
O 6.9600000000 5.9800000000 9.3100000000 
H 6.3800000000 6.4700000000 8.6400000000 
H 7.8900000000 6.0300000000 9.0200000000 
O 9.4900000000 5.1200000000 8.9200000000 
H 0.3600000000 5.5900000000 8.4500000000 
H 9.3000000000 4.4800000000 8.2800000000 
O 7.3700000000 2.5000000000 9.7200000000 
H 6.6700000000 2.9000000000 9.1500000000 
H 7.4800000000 1.6000000000 9.2200000000 
O 1.4300000000 9.2900000000 6.8300000000 
H 2.3700000000 9.5700000000 6.8100000000 
H 0.9400000000 0.0800000000 6.3500000000 
O 2.8200000000 7.4800000000 3.0500000000 
H 3.2700000000 7.8700000000 3.8300000000 
H 1.9200000000 7.8400000000 3.1700000000 
O 7.9000000000 2.8600000000 5.9900000000 
H 7.9500000000 3.2900000000 5.1200000000 
H 8.8800000000 3.0300000000 6.1900000000 
O 9.4500000000 1.5600000000 1.4500000000 
H 0.3500000000 1.5000000000 0.7000000000 
H 8.7900000000 2.1200000000 1.0100000000 
O 0.1100000000 4.7600000000 1.5500000000 
H 9.6700000000 4.8200000000 0.6200000000 
H 0.9100000000 5.3300000000 1.5200000000 
O 5.2500000000 0.7600000000 1.5900000000 
H 4.6000000000 0.6900000000 2.3800000000 
H 6.0200000000 0.8300000000 2.2300000000 

