&CONTROL
/
&SYSTEM
   ntyp             = 2
   nat              = 96
   ibrav            = 0
/
&ELECTRONS
/
&IONS
/
&CELL
/

ATOMIC_SPECIES
O 15.999 None
H 1.008 None

K_POINTS gamma

CELL_PARAMETERS angstrom
9.86520000000000 0.00000000000000 0.00000000000000
0.00000000000000 9.86520000000000 0.00000000000000
0.00000000000000 0.00000000000000 9.86520000000000

ATOMIC_POSITIONS angstrom
O 4.1000000000 9.0700000000 8.8500000000 
H 3.7400000000 0.1100000000 8.6900000000 
H 3.8200000000 8.7200000000 7.9600000000 
O 0.4900000000 0.6500000000 6.2100000000 
H 0.1600000000 1.2500000000 5.4600000000 
H 1.2400000000 0.2400000000 5.8100000000 
O 5.6800000000 6.3900000000 5.1400000000 
H 5.3800000000 5.9700000000 4.3100000000 
H 6.3800000000 7.0900000000 4.7700000000 
O 9.5400000000 3.3500000000 3.9300000000 
H 9.6500000000 3.9300000000 3.1600000000 
H 0.4100000000 2.7500000000 3.8200000000 
O 4.8400000000 5.3300000000 2.4600000000 
H 4.2900000000 6.1400000000 2.1200000000 
H 5.1800000000 4.9700000000 1.5700000000 
O 4.9900000000 4.5700000000 9.5300000000 
H 4.4900000000 3.8700000000 9.0400000000 
H 5.3700000000 5.0600000000 8.6400000000 
O 8.3500000000 3.4600000000 6.4800000000 
H 7.6300000000 2.8300000000 6.2400000000 
H 8.7600000000 3.5900000000 5.6000000000 
O 0.9700000000 9.1300000000 1.5100000000 
H 1.6500000000 8.4900000000 1.7300000000 
H 0.8300000000 8.7800000000 0.6200000000 
O 1.2300000000 6.4700000000 9.1900000000 
H 1.4200000000 6.1600000000 8.2700000000 
H 0.5200000000 7.0300000000 8.8900000000 
O 7.9700000000 6.6000000000 1.7300000000 
H 8.4300000000 5.7300000000 1.3900000000 
H 7.5000000000 7.0300000000 0.9300000000 
O 3.4700000000 8.1400000000 6.2100000000 
H 3.2900000000 8.6800000000 5.3800000000 
H 3.9600000000 7.4000000000 5.8600000000 
O 6.6400000000 5.4700000000 7.4800000000 
H 7.2800000000 4.8100000000 7.2600000000 
H 6.5600000000 5.9000000000 6.5700000000 
O 8.6100000000 0.1800000000 2.7600000000 
H 8.7600000000 1.0600000000 2.3900000000 
H 9.2900000000 9.4800000000 2.3700000000 
O 3.6300000000 1.5900000000 1.4600000000 
H 4.4700000000 2.0100000000 1.2400000000 
H 3.2700000000 1.2600000000 0.6100000000 
O 6.0700000000 2.3600000000 1.1600000000 
H 7.0400000000 2.2700000000 1.2500000000 
H 6.1300000000 3.2500000000 0.7400000000 
O 3.4800000000 2.0800000000 8.5600000000 
H 2.5000000000 2.2900000000 8.6100000000 
H 3.6300000000 2.2200000000 7.6000000000 
O 3.7100000000 8.8400000000 3.5900000000 
H 3.6100000000 8.7600000000 2.6200000000 
H 4.5600000000 9.2500000000 3.6200000000 
O 3.3000000000 7.3200000000 0.9300000000 
H 3.7100000000 7.9100000000 0.1900000000 
H 2.6200000000 6.8900000000 0.3600000000 
O 3.5300000000 2.9200000000 5.7700000000 
H 3.4000000000 3.8500000000 6.0700000000 
H 2.8500000000 2.8200000000 5.1100000000 
O 1.9200000000 1.7700000000 3.5100000000 
H 2.5000000000 2.1500000000 2.8300000000 
H 2.0900000000 0.8000000000 3.2300000000 
O 8.1300000000 7.7700000000 4.3600000000 
H 8.4100000000 8.6400000000 3.9700000000 
H 7.8100000000 7.3800000000 3.5200000000 
O 2.5700000000 5.3900000000 6.3500000000 
H 1.6100000000 5.2200000000 6.2000000000 
H 2.5300000000 6.3300000000 6.6200000000 
O 6.0400000000 0.4100000000 3.5000000000 
H 6.9900000000 0.2700000000 3.4000000000 
H 5.7900000000 1.0600000000 2.8200000000 
O 9.5200000000 8.5800000000 8.2100000000 
H 9.8600000000 9.1800000000 7.5400000000 
H 8.7300000000 9.1600000000 8.5400000000 
O 0.3600000000 4.7700000000 1.4600000000 
H 1.0000000000 5.0600000000 0.7000000000 
H 0.9900000000 4.7400000000 2.2200000000 
O 9.7300000000 6.5200000000 6.3100000000 
H 9.5100000000 7.0600000000 7.1400000000 
H 9.2500000000 7.0200000000 5.6200000000 
O 5.8000000000 1.4700000000 6.1200000000 
H 5.7300000000 0.7300000000 5.5500000000 
H 4.9800000000 2.0300000000 5.9000000000 
O 8.7700000000 2.5100000000 1.0600000000 
H 9.0700000000 3.4100000000 1.3000000000 
H 9.4500000000 2.2300000000 0.3300000000 
O 7.1800000000 0.6500000000 8.5700000000 
H 6.4800000000 0.7800000000 9.2700000000 
H 6.6500000000 1.0200000000 7.8400000000 
O 6.4500000000 7.4300000000 9.3500000000 
H 6.5100000000 6.7000000000 8.6700000000 
H 5.7300000000 7.9300000000 8.9300000000 
O 0.8200000000 2.5900000000 8.5900000000 
H 0.5800000000 2.1600000000 7.7500000000 
H 0.4100000000 3.4800000000 8.4300000000 
O 2.3800000000 4.9600000000 3.4300000000 
H 2.5500000000 5.4800000000 4.1800000000 
H 3.3300000000 4.8100000000 3.1100000000 

