&CONTROL
/
&SYSTEM
   ntyp             = 2
   nat              = 96
   ibrav            = 0
/
&ELECTRONS
/
&IONS
/
&CELL
/

ATOMIC_SPECIES
O 15.999 None
H 1.008 None

K_POINTS gamma

CELL_PARAMETERS angstrom
9.86520000000000 0.00000000000000 0.00000000000000
0.00000000000000 9.86520000000000 0.00000000000000
0.00000000000000 0.00000000000000 9.86520000000000

ATOMIC_POSITIONS angstrom
O 7.0100000000 7.0800000000 0.3600000000 
H 6.4200000000 7.5500000000 9.6300000000 
H 7.6200000000 6.7400000000 9.5800000000 
O 4.3000000000 1.6900000000 7.5200000000 
H 5.1400000000 1.2200000000 7.4000000000 
H 4.1100000000 1.6800000000 8.4700000000 
O 5.8300000000 1.5000000000 0.8400000000 
H 6.4100000000 2.2300000000 0.6400000000 
H 6.4700000000 0.7700000000 0.9900000000 
O 2.7500000000 7.3600000000 3.3100000000 
H 3.2200000000 7.1800000000 2.4400000000 
H 2.9400000000 6.5500000000 3.8600000000 
O 6.5700000000 4.3700000000 1.6200000000 
H 6.3900000000 5.3700000000 1.5700000000 
H 7.0600000000 4.1800000000 0.7900000000 
O 3.5800000000 4.7000000000 4.1400000000 
H 3.8000000000 4.7600000000 5.0700000000 
H 4.0600000000 3.8700000000 3.9200000000 
O 5.7300000000 8.3600000000 8.3100000000 
H 5.6400000000 8.3100000000 7.3600000000 
H 6.1000000000 9.3000000000 8.3300000000 
O 6.9900000000 0.7000000000 7.4800000000 
H 7.5300000000 0.4300000000 6.7700000000 
H 7.4500000000 1.2700000000 8.1300000000 
O 1.3600000000 4.7900000000 7.2800000000 
H 1.1100000000 5.7100000000 7.0400000000 
H 2.3600000000 4.8400000000 7.2000000000 
O 0.6500000000 8.5300000000 8.6300000000 
H 0.4200000000 8.0900000000 9.5000000000 
H 1.3300000000 9.1900000000 8.8400000000 
O 0.5500000000 7.8100000000 1.5400000000 
H 9.8400000000 7.3800000000 2.2400000000 
H 1.5100000000 7.6400000000 1.7400000000 
O 3.9900000000 7.4900000000 0.4200000000 
H 4.4800000000 7.8700000000 9.5400000000 
H 4.0800000000 6.5800000000 0.3600000000 
O 6.4600000000 7.7200000000 3.3400000000 
H 6.5500000000 7.9800000000 2.3900000000 
H 7.1200000000 7.0200000000 3.3600000000 
O 4.6000000000 5.4400000000 6.9600000000 
H 4.5500000000 6.3700000000 6.5200000000 
H 5.5600000000 5.2900000000 6.9000000000 
O 8.1700000000 9.6700000000 1.1900000000 
H 8.7900000000 0.4200000000 0.6800000000 
H 8.7600000000 8.9100000000 1.3900000000 
O 0.5600000000 4.3300000000 2.5200000000 
H 0.7100000000 4.2700000000 1.5500000000 
H 0.7300000000 3.4100000000 2.8000000000 
O 5.2800000000 2.3800000000 3.5400000000 
H 6.0500000000 2.9200000000 3.6700000000 
H 5.4500000000 1.8800000000 2.7100000000 
O 1.6700000000 8.9800000000 5.3800000000 
H 1.9200000000 8.5600000000 4.5000000000 
H 2.4400000000 9.5200000000 5.5700000000 
O 3.9000000000 0.7100000000 5.2200000000 
H 3.9200000000 1.3700000000 5.9200000000 
H 4.2500000000 1.2700000000 4.4300000000 
O 0.5900000000 1.3500000000 0.5800000000 
H 0.7900000000 2.2600000000 0.2000000000 
H 1.4900000000 0.9500000000 0.6200000000 
O 7.8700000000 3.8400000000 4.2200000000 
H 7.8700000000 4.0200000000 3.2500000000 
H 8.5900000000 3.2300000000 4.4200000000 
O 3.2900000000 0.5300000000 0.6000000000 
H 3.4400000000 9.4600000000 0.6500000000 
H 4.1700000000 0.9500000000 0.7100000000 
O 1.6700000000 3.6900000000 9.7700000000 
H 1.6900000000 4.0300000000 8.8300000000 
H 2.5400000000 3.9300000000 0.2500000000 
O 9.3200000000 2.5400000000 7.1600000000 
H 9.4700000000 2.3000000000 6.2300000000 
H 0.2200000000 3.1700000000 7.3200000000 
O 5.2100000000 8.2800000000 5.8100000000 
H 5.6900000000 7.9900000000 5.0200000000 
H 4.8300000000 9.1600000000 5.5100000000 
O 3.8200000000 4.5700000000 1.3600000000 
H 3.4200000000 4.8100000000 2.2700000000 
H 4.7000000000 4.2400000000 1.6900000000 
O 9.1600000000 6.3800000000 3.5100000000 
H 9.7500000000 5.6800000000 3.1000000000 
H 9.0400000000 5.9700000000 4.3600000000 
O 9.7900000000 1.7200000000 4.5900000000 
H 0.8200000000 1.3700000000 4.3100000000 
H 9.2600000000 0.8500000000 4.7100000000 
O 9.8000000000 7.1300000000 6.1600000000 
H 9.8500000000 7.5400000000 7.0600000000 
H 0.7700000000 7.6100000000 5.7600000000 
O 8.3300000000 9.3500000000 5.3800000000 
H 7.9700000000 8.8400000000 4.5900000000 
H 8.7400000000 8.5500000000 5.7800000000 
O 7.8800000000 3.5400000000 9.2600000000 
H 8.5900000000 3.1300000000 8.7700000000 
H 7.4400000000 4.0800000000 8.6200000000 
O 7.4100000000 5.4300000000 6.6500000000 
H 8.4000000000 5.7900000000 6.5800000000 
H 7.5100000000 4.8800000000 5.8100000000 

