&CONTROL
/
&SYSTEM
   ntyp             = 2
   nat              = 96
   ibrav            = 0
/
&ELECTRONS
/
&IONS
/
&CELL
/

ATOMIC_SPECIES
O 15.999 None
H 1.008 None

K_POINTS gamma

CELL_PARAMETERS angstrom
9.86520000000000 0.00000000000000 0.00000000000000
0.00000000000000 9.86520000000000 0.00000000000000
0.00000000000000 0.00000000000000 9.86520000000000

ATOMIC_POSITIONS angstrom
O 0.2100000000 6.4700000000 2.3500000000 
H 1.0500000000 6.9000000000 2.5400000000 
H 0.3400000000 5.5900000000 2.7200000000 
O 9.2100000000 8.2000000000 8.6100000000 
H 9.8500000000 7.8500000000 7.9400000000 
H 8.3600000000 7.7500000000 8.4000000000 
O 8.3700000000 8.5500000000 1.7500000000 
H 8.8000000000 7.7000000000 1.9700000000 
H 9.1400000000 8.9000000000 1.2400000000 
O 2.6200000000 6.5700000000 4.9100000000 
H 3.5300000000 6.4600000000 4.5700000000 
H 2.1300000000 5.8100000000 4.4900000000 
O 7.5100000000 2.2200000000 0.5700000000 
H 8.1800000000 2.0700000000 1.2700000000 
H 7.0800000000 3.1100000000 0.8900000000 
O 9.5100000000 1.2900000000 7.1700000000 
H 9.2400000000 0.3900000000 7.4800000000 
H 8.6400000000 1.6400000000 7.0100000000 
O 7.3500000000 3.7400000000 3.8000000000 
H 7.8900000000 4.0300000000 4.4700000000 
H 8.0900000000 3.4600000000 3.2100000000 
O 3.0200000000 5.1400000000 9.3100000000 
H 3.2000000000 5.7300000000 0.2200000000 
H 2.0600000000 5.2700000000 9.1700000000 
O 0.3800000000 5.4400000000 9.5000000000 
H 0.0100000000 5.8600000000 0.4300000000 
H 9.5600000000 5.4900000000 8.8100000000 
O 1.1900000000 8.7000000000 5.7900000000 
H 1.9600000000 9.3100000000 5.6600000000 
H 1.6300000000 7.8300000000 5.8800000000 
O 5.7700000000 8.6100000000 0.7700000000 
H 6.0200000000 8.7000000000 9.6600000000 
H 6.6000000000 8.7600000000 1.2400000000 
O 1.5900000000 4.4300000000 3.6200000000 
H 2.1400000000 4.0400000000 2.9200000000 
H 1.3500000000 3.6700000000 4.2700000000 
O 3.5700000000 0.2400000000 5.2100000000 
H 4.5400000000 0.5200000000 5.0500000000 
H 3.6100000000 0.3700000000 6.2100000000 
O 0.7500000000 3.8400000000 6.7700000000 
H 1.7400000000 3.7600000000 6.6900000000 
H 0.4100000000 3.0000000000 6.5000000000 
O 3.7200000000 0.4100000000 2.2000000000 
H 3.9500000000 0.0100000000 3.0400000000 
H 4.3800000000 0.1300000000 1.5600000000 
O 8.6700000000 9.4700000000 4.4500000000 
H 9.5200000000 9.0500000000 4.8100000000 
H 8.5100000000 9.1400000000 3.5100000000 
O 1.1600000000 1.6000000000 4.7000000000 
H 1.9200000000 1.0200000000 4.5100000000 
H 0.6200000000 1.0800000000 5.3100000000 
O 3.8900000000 1.4500000000 7.5900000000 
H 3.6200000000 2.3600000000 7.2700000000 
H 3.5400000000 1.4200000000 8.5200000000 
O 2.9400000000 3.0700000000 1.6000000000 
H 2.5000000000 2.5700000000 0.9300000000 
H 3.3900000000 2.3700000000 2.0500000000 
O 1.4200000000 2.3300000000 9.4500000000 
H 1.6100000000 3.2000000000 9.0100000000 
H 0.7500000000 1.9900000000 8.8400000000 
O 6.3100000000 1.1500000000 4.8200000000 
H 7.1500000000 0.6900000000 4.5100000000 
H 6.6600000000 2.0400000000 4.6400000000 
O 5.2300000000 5.6100000000 3.9400000000 
H 5.7100000000 6.2900000000 4.4600000000 
H 5.7200000000 4.8300000000 4.3400000000 
O 7.1000000000 5.0500000000 8.8600000000 
H 6.5700000000 4.4700000000 9.4100000000 
H 6.9600000000 5.9200000000 9.2400000000 
O 3.6700000000 6.8900000000 1.8900000000 
H 4.0700000000 6.2000000000 2.4400000000 
H 4.3600000000 7.5200000000 1.6100000000 
O 6.9500000000 1.3800000000 8.0500000000 
H 7.2000000000 1.4600000000 9.0400000000 
H 5.9700000000 1.5700000000 8.0400000000 
O 9.4700000000 2.5000000000 2.4800000000 
H 0.2700000000 2.3700000000 3.2900000000 
H 0.1900000000 2.5800000000 1.6400000000 
O 3.4300000000 4.1700000000 6.6500000000 
H 3.6700000000 4.8900000000 6.0100000000 
H 3.4700000000 4.6800000000 7.5300000000 
O 1.2000000000 9.3300000000 1.5700000000 
H 1.5100000000 8.4900000000 1.2100000000 
H 1.9200000000 9.6200000000 2.1200000000 
O 8.1400000000 5.2700000000 6.3500000000 
H 7.6700000000 5.1800000000 7.2100000000 
H 9.0100000000 4.6800000000 6.4700000000 
O 6.6500000000 7.4300000000 5.4100000000 
H 7.1700000000 6.8500000000 5.9700000000 
H 7.2000000000 8.2400000000 5.1800000000 
O 5.6700000000 4.1700000000 1.2700000000 
H 5.6400000000 4.3300000000 2.2200000000 
H 4.8100000000 3.6700000000 1.2000000000 
O 6.6100000000 8.3800000000 8.1600000000 
H 6.8100000000 9.2700000000 7.8100000000 
H 5.9900000000 8.0200000000 7.4500000000 

