&CONTROL
/
&SYSTEM
   ntyp             = 2
   nat              = 96
   ibrav            = 0
/
&ELECTRONS
/
&IONS
/
&CELL
/

ATOMIC_SPECIES
O 15.999 None
H 1.008 None

K_POINTS gamma

CELL_PARAMETERS angstrom
9.86520000000000 0.00000000000000 0.00000000000000
0.00000000000000 9.86520000000000 0.00000000000000
0.00000000000000 0.00000000000000 9.86520000000000

ATOMIC_POSITIONS angstrom
O 3.2000000000 2.7000000000 6.0800000000 
H 2.4300000000 2.1300000000 6.3700000000 
H 3.9000000000 2.0600000000 5.8900000000 
O 9.3200000000 4.3900000000 1.3600000000 
H 9.7300000000 3.8300000000 1.9900000000 
H 0.0900000000 5.1200000000 1.4300000000 
O 8.7300000000 2.5600000000 5.3000000000 
H 9.0300000000 3.1100000000 4.5400000000 
H 9.1300000000 3.0200000000 6.0100000000 
O 0.3700000000 9.0300000000 0.4500000000 
H 9.8600000000 9.4200000000 9.5500000000 
H 1.3200000000 8.9800000000 0.0900000000 
O 1.1400000000 3.1600000000 3.2300000000 
H 1.2900000000 2.2900000000 2.8300000000 
H 1.8500000000 3.1300000000 3.8400000000 
O 3.5400000000 1.3000000000 1.6000000000 
H 4.3200000000 1.8700000000 1.9300000000 
H 3.8300000000 1.0700000000 0.7100000000 
O 7.1900000000 6.3900000000 6.1000000000 
H 6.4500000000 6.3200000000 5.4200000000 
H 8.0600000000 6.6500000000 5.5700000000 
O 9.6100000000 7.3100000000 5.1000000000 
H 9.2000000000 8.2600000000 5.0100000000 
H 0.1600000000 7.2100000000 4.2700000000 
O 1.4000000000 0.6400000000 6.4600000000 
H 1.8200000000 9.6400000000 6.2200000000 
H 0.6400000000 0.7200000000 5.8600000000 
O 1.3800000000 2.2800000000 8.8300000000 
H 2.2500000000 2.1800000000 9.2300000000 
H 1.3600000000 1.5600000000 8.1500000000 
O 4.4500000000 1.1100000000 8.7500000000 
H 4.4400000000 2.0800000000 9.0700000000 
H 5.3100000000 1.0000000000 8.2600000000 
O 6.9500000000 3.7400000000 8.1200000000 
H 7.7200000000 4.3200000000 8.1300000000 
H 6.2700000000 4.5100000000 8.2300000000 
O 8.5700000000 9.7900000000 4.5200000000 
H 8.1800000000 0.2200000000 3.6300000000 
H 8.4700000000 0.7500000000 5.0800000000 
O 2.6400000000 8.7000000000 9.0400000000 
H 3.3700000000 9.4300000000 8.8400000000 
H 2.4700000000 8.2800000000 8.0900000000 
O 7.3900000000 0.4800000000 1.6900000000 
H 7.7000000000 0.9600000000 0.9100000000 
H 7.0100000000 1.2100000000 2.2200000000 
O 3.0900000000 5.4000000000 6.4700000000 
H 3.0500000000 4.5400000000 6.0000000000 
H 3.2600000000 5.0600000000 7.3300000000 
O 7.3200000000 9.5800000000 7.6200000000 
H 7.8100000000 0.3400000000 8.1800000000 
H 7.9500000000 8.9400000000 7.4900000000 
O 8.4900000000 1.6500000000 9.4000000000 
H 9.3900000000 2.0600000000 9.4300000000 
H 7.9000000000 2.4000000000 9.1000000000 
O 0.2700000000 7.1000000000 2.4000000000 
H 0.3800000000 7.7600000000 1.6200000000 
H 9.1900000000 6.9500000000 2.5800000000 
O 5.1900000000 6.3200000000 4.3800000000 
H 4.3300000000 5.8800000000 4.1200000000 
H 4.8700000000 7.1700000000 4.6000000000 
O 2.7600000000 8.0600000000 6.3600000000 
H 3.3800000000 8.2500000000 5.6200000000 
H 2.8400000000 7.0700000000 6.5000000000 
O 2.7900000000 5.7600000000 3.1100000000 
H 3.2600000000 5.9500000000 2.2200000000 
H 1.8000000000 5.8100000000 2.9600000000 
O 5.9000000000 1.5900000000 5.7100000000 
H 6.1300000000 0.8600000000 6.2900000000 
H 6.3000000000 2.3400000000 6.0800000000 
O 4.1600000000 6.6400000000 0.6500000000 
H 4.9300000000 6.7400000000 0.0300000000 
H 3.6600000000 7.4800000000 0.6600000000 
O 6.5600000000 4.6700000000 1.1100000000 
H 7.5500000000 4.6500000000 0.8800000000 
H 6.4400000000 5.4800000000 1.5000000000 
O 4.3500000000 3.6200000000 9.7500000000 
H 5.0400000000 3.9900000000 0.4200000000 
H 3.8200000000 4.4200000000 9.6400000000 
O 4.5000000000 9.3800000000 4.5400000000 
H 3.5600000000 9.5500000000 4.1800000000 
H 4.9800000000 0.3700000000 4.6300000000 
O 1.8400000000 0.2800000000 3.3600000000 
H 2.5100000000 0.7700000000 2.7900000000 
H 1.2200000000 9.7700000000 2.7300000000 
O 5.7300000000 7.1200000000 8.3900000000 
H 6.1300000000 6.7300000000 7.6200000000 
H 5.9100000000 8.0500000000 8.1900000000 
O 7.4500000000 7.4600000000 2.4000000000 
H 6.6600000000 7.4500000000 3.0600000000 
H 7.4900000000 8.4100000000 2.1000000000 
O 9.4900000000 4.4000000000 7.5200000000 
H 0.4100000000 4.1100000000 8.0200000000 
H 9.7700000000 5.2200000000 7.1100000000 
O 5.8200000000 2.5700000000 2.6300000000 
H 5.6000000000 3.0300000000 3.4800000000 
H 6.0300000000 3.3700000000 2.0400000000 

