&CONTROL
/
&SYSTEM
   ntyp             = 2
   nat              = 96
   ibrav            = 0
/
&ELECTRONS
/
&IONS
/
&CELL
/

ATOMIC_SPECIES
O 15.999 None
H 1.008 None

K_POINTS gamma

CELL_PARAMETERS angstrom
9.86520000000000 0.00000000000000 0.00000000000000
0.00000000000000 9.86520000000000 0.00000000000000
0.00000000000000 0.00000000000000 9.86520000000000

ATOMIC_POSITIONS angstrom
O 9.1400000000 7.3300000000 5.5200000000 
H 9.0300000000 6.5300000000 6.1000000000 
H 9.8100000000 7.8400000000 6.0100000000 
O 1.3300000000 9.0000000000 6.1800000000 
H 0.8300000000 9.7600000000 5.7800000000 
H 0.8900000000 8.9400000000 7.0400000000 
O 9.6700000000 8.8000000000 8.2300000000 
H 0.0700000000 8.9900000000 9.1300000000 
H 8.8100000000 9.2800000000 8.1800000000 
O 5.5200000000 7.4100000000 4.1600000000 
H 4.6900000000 7.1000000000 3.7300000000 
H 5.4800000000 7.2500000000 5.1500000000 
O 3.6700000000 4.4200000000 0.2900000000 
H 4.4600000000 4.3700000000 0.8900000000 
H 3.2800000000 3.5000000000 0.3100000000 
O 1.2300000000 2.3400000000 2.4300000000 
H 1.7200000000 2.1200000000 1.5800000000 
H 0.2200000000 2.2400000000 2.1300000000 
O 2.5000000000 1.8100000000 0.0300000000 
H 2.4500000000 1.9200000000 8.8500000000 
H 2.8700000000 0.9000000000 0.2300000000 
O 7.8700000000 2.7100000000 5.5700000000 
H 7.4300000000 2.3800000000 4.7200000000 
H 7.1900000000 2.5800000000 6.3200000000 
O 3.4600000000 5.6700000000 3.0500000000 
H 2.7000000000 5.3200000000 2.5100000000 
H 4.3500000000 5.2200000000 2.8500000000 
O 4.7500000000 3.9500000000 7.6300000000 
H 4.6100000000 2.9700000000 7.4300000000 
H 4.1900000000 4.0500000000 8.4100000000 
O 7.6900000000 6.2700000000 2.2900000000 
H 6.9500000000 6.6100000000 2.7700000000 
H 7.8400000000 6.8500000000 1.5500000000 
O 5.7000000000 4.3800000000 2.2000000000 
H 5.8000000000 3.7600000000 2.9700000000 
H 6.5900000000 4.7800000000 2.1000000000 
O 0.2200000000 5.7200000000 3.4100000000 
H 9.7800000000 6.3000000000 4.1400000000 
H 9.3600000000 5.8800000000 2.7500000000 
O 9.1400000000 4.6200000000 6.8400000000 
H 8.6700000000 3.9400000000 6.2700000000 
H 0.1500000000 4.5000000000 6.4700000000 
O 7.2900000000 3.3600000000 8.6200000000 
H 8.1100000000 3.8700000000 8.5500000000 
H 6.5800000000 3.9100000000 8.2400000000 
O 3.9900000000 9.1600000000 6.9300000000 
H 4.4500000000 8.3100000000 6.8300000000 
H 3.0600000000 9.0500000000 6.5800000000 
O 4.9200000000 6.5300000000 6.8100000000 
H 5.8000000000 6.7300000000 7.3100000000 
H 4.7900000000 5.5500000000 7.0700000000 
O 5.3800000000 1.5000000000 6.4300000000 
H 4.8900000000 0.6400000000 6.6000000000 
H 4.8200000000 1.8800000000 5.6700000000 
O 1.7300000000 4.4400000000 5.5700000000 
H 1.3700000000 4.6400000000 4.6500000000 
H 2.4800000000 5.0500000000 5.7500000000 
O 4.1200000000 9.8600000000 2.4200000000 
H 4.2400000000 0.0000000000 1.4300000000 
H 3.4300000000 9.1600000000 2.5100000000 
O 0.3700000000 1.4100000000 4.9600000000 
H 0.5100000000 1.7400000000 4.0100000000 
H 9.4100000000 1.8400000000 5.2800000000 
O 1.8400000000 8.1300000000 3.4900000000 
H 1.9100000000 8.2600000000 4.4400000000 
H 2.3900000000 7.4000000000 3.3600000000 
O 7.4400000000 6.7100000000 8.1500000000 
H 7.7200000000 7.3300000000 8.9200000000 
H 8.1700000000 6.0800000000 8.0800000000 
O 7.5000000000 9.0300000000 3.6400000000 
H 8.0900000000 8.3900000000 4.1500000000 
H 6.6300000000 8.6200000000 3.8400000000 
O 6.3700000000 1.6100000000 3.3300000000 
H 6.6000000000 0.6300000000 3.3000000000 
H 5.4400000000 1.5100000000 3.4700000000 
O 0.1700000000 9.4800000000 1.5900000000 
H 0.4400000000 8.7500000000 2.2000000000 
H 0.2100000000 0.4700000000 2.1400000000 
O 7.3300000000 0.5800000000 8.3400000000 
H 6.7300000000 0.6300000000 7.5700000000 
H 7.2300000000 1.4800000000 8.7600000000 
O 8.3200000000 2.7300000000 1.4900000000 
H 7.6700000000 2.2500000000 2.0100000000 
H 7.8400000000 2.9600000000 0.7000000000 
O 7.4800000000 8.6000000000 0.4800000000 
H 7.5400000000 9.3900000000 9.8100000000 
H 8.1000000000 8.8600000000 1.2800000000 
O 3.6300000000 1.9800000000 4.0200000000 
H 2.7500000000 2.3900000000 3.7400000000 
H 3.6500000000 1.2900000000 3.3600000000 
O 2.2700000000 2.3600000000 7.2400000000 
H 2.0800000000 1.7000000000 6.5800000000 
H 2.0700000000 3.2500000000 6.8800000000 
O 4.5600000000 9.3200000000 9.6800000000 
H 4.4200000000 9.4900000000 8.6900000000 
H 5.4900000000 8.8700000000 9.7300000000 

