&CONTROL
/
&SYSTEM
   ntyp             = 2
   nat              = 96
   ibrav            = 0
/
&ELECTRONS
/
&IONS
/
&CELL
/

ATOMIC_SPECIES
O 15.999 None
H 1.008 None

K_POINTS gamma

CELL_PARAMETERS angstrom
9.86520000000000 0.00000000000000 0.00000000000000
0.00000000000000 9.86520000000000 0.00000000000000
0.00000000000000 0.00000000000000 9.86520000000000

ATOMIC_POSITIONS angstrom
O 1.8700000000 5.2300000000 1.5600000000 
H 1.9300000000 4.9800000000 0.5800000000 
H 2.8700000000 5.4600000000 1.6500000000 
O 7.0700000000 3.2100000000 4.7000000000 
H 7.2000000000 2.8400000000 5.5900000000 
H 6.0900000000 3.4100000000 4.5800000000 
O 7.8200000000 8.1700000000 5.2900000000 
H 8.2100000000 7.4800000000 5.9000000000 
H 7.0900000000 7.6000000000 4.8700000000 
O 8.4300000000 7.4900000000 9.5100000000 
H 7.7600000000 8.2400000000 9.5000000000 
H 9.2700000000 8.0400000000 9.7600000000 
O 7.4700000000 5.4900000000 1.3800000000 
H 8.0800000000 6.2300000000 1.2000000000 
H 7.9900000000 4.9000000000 0.8300000000 
O 5.2000000000 7.0800000000 5.1300000000 
H 5.3000000000 7.4300000000 6.0500000000 
H 4.2600000000 7.2700000000 4.8900000000 
O 0.7100000000 2.2900000000 7.9900000000 
H 1.5700000000 1.7600000000 8.3200000000 
H 0.2900000000 1.5700000000 7.3700000000 
O 4.6200000000 9.0200000000 2.4100000000 
H 4.1200000000 8.1900000000 2.2900000000 
H 3.9300000000 9.6300000000 2.0300000000 
O 8.3800000000 3.4800000000 9.5300000000 
H 9.2300000000 3.0400000000 9.1800000000 
H 8.1600000000 2.9400000000 0.4600000000 
O 1.2000000000 8.3600000000 0.4600000000 
H 1.0400000000 7.8800000000 1.3300000000 
H 1.9200000000 7.8700000000 0.0400000000 
O 5.7000000000 7.3800000000 7.6900000000 
H 6.3900000000 6.7400000000 7.4300000000 
H 6.1300000000 8.1400000000 8.1600000000 
O 4.6100000000 5.3700000000 1.4900000000 
H 5.5600000000 5.3900000000 1.2500000000 
H 4.6500000000 4.8700000000 2.3600000000 
O 6.3900000000 1.0300000000 6.5800000000 
H 5.6000000000 0.8500000000 5.9600000000 
H 7.1600000000 0.6000000000 6.2200000000 
O 8.3200000000 5.7300000000 4.3100000000 
H 7.6800000000 5.5800000000 3.5800000000 
H 8.1900000000 4.7900000000 4.6500000000 
O 7.2600000000 9.2300000000 2.4500000000 
H 7.0000000000 8.9400000000 3.3500000000 
H 6.5000000000 8.7900000000 2.0400000000 
O 2.4700000000 7.3600000000 4.4100000000 
H 2.1900000000 6.5300000000 4.9900000000 
H 1.5100000000 7.6200000000 4.1500000000 
O 3.2800000000 1.1900000000 8.6700000000 
H 3.4500000000 0.4600000000 8.0600000000 
H 4.2300000000 1.4900000000 8.7600000000 
O 1.8200000000 4.6800000000 5.3600000000 
H 1.6600000000 4.1300000000 6.0900000000 
H 1.4200000000 4.1400000000 4.5700000000 
O 5.5200000000 2.7900000000 9.3200000000 
H 5.0200000000 3.5300000000 8.9400000000 
H 6.5200000000 2.9600000000 9.2300000000 
O 9.5500000000 0.6700000000 6.0100000000 
H 0.4700000000 0.8100000000 5.3500000000 
H 9.1400000000 9.6900000000 5.7500000000 
O 4.6600000000 4.3800000000 7.1700000000 
H 5.2000000000 4.1700000000 6.3700000000 
H 4.8000000000 5.3600000000 7.0800000000 
O 2.6900000000 0.7200000000 1.4100000000 
H 2.0400000000 0.0400000000 1.1300000000 
H 2.9100000000 1.0500000000 0.5000000000 
O 4.5500000000 4.4700000000 4.1200000000 
H 3.6600000000 4.5700000000 4.4900000000 
H 4.9600000000 5.3500000000 4.4100000000 
O 2.5300000000 4.3100000000 8.7500000000 
H 1.9000000000 3.5600000000 8.4200000000 
H 3.3900000000 4.1700000000 8.2700000000 
O 6.6800000000 9.7300000000 9.1700000000 
H 6.3100000000 0.4300000000 9.8500000000 
H 6.5800000000 0.3200000000 8.3300000000 
O 0.4400000000 3.5000000000 3.2800000000 
H 9.4300000000 3.3700000000 2.8500000000 
H 0.8200000000 4.2300000000 2.6800000000 
O 0.0900000000 8.1900000000 3.2500000000 
H 9.2300000000 8.6600000000 2.7400000000 
H 9.3900000000 7.5800000000 3.6500000000 
O 4.0000000000 0.3200000000 5.3000000000 
H 4.3100000000 0.0100000000 4.4500000000 
H 3.1500000000 0.8000000000 5.1200000000 
O 1.6000000000 1.1500000000 4.2800000000 
H 1.0900000000 1.9700000000 4.0500000000 
H 1.9100000000 0.8500000000 3.3600000000 
O 7.7900000000 2.2100000000 2.2600000000 
H 7.6300000000 2.7100000000 3.1000000000 
H 7.7200000000 1.2200000000 2.3600000000 
O 3.5700000000 7.2600000000 9.5100000000 
H 3.7700000000 6.4500000000 0.1600000000 
H 4.2200000000 7.2800000000 8.7900000000 
O 7.8300000000 5.7300000000 7.6500000000 
H 8.2500000000 4.9400000000 8.0100000000 
H 7.9900000000 6.3000000000 8.4500000000 

