2.865577221924433811e-04 2.765965045294261509e-04 5.559337207232501691e-04
1.950208792008115057e-04 6.210337539748951065e-04 2.922878402995673572e-04
4.037930956568880651e-04 8.174352151872804660e-04 5.923068605613276191e-05
8.152716916000071973e-04 9.360495294392850519e-04 5.758579839955651905e-04
5.649417868832679740e-04 7.306528243077839609e-04 1.336789746361121030e-03
3.648809052036910191e-04 5.837551396481345653e-04 1.281881557912610114e-03
7.946310094032846445e-04 5.697929536530150184e-04 9.348513154432249242e-04
7.477246433083049133e-04 4.502438421765365354e-04 1.433618892791711438e-03
5.777811959380200167e-04 6.486190500467441111e-04 2.175606369531492279e-03
1.017728296076985707e-03 8.784392945490377856e-04 1.932360013637381309e-03
1.208310145750458343e-03 8.419111590289262955e-04 1.262321068613939459e-03
8.113510554587121445e-04 7.199769280472630541e-04 1.685733343664221236e-03
7.166561497890001908e-04 4.062572323832713004e-04 2.121303680560820970e-03
8.695380585867974093e-04 9.721760208000274420e-05 1.636403287893968463e-03
4.410437422831071713e-04 -2.621951443806876418e-04 1.131404598884555145e-03
1.672748187576989800e-04 -4.438268933112584367e-04 1.163285578496118427e-03
6.914363151949288848e-04 -1.484065423638658565e-04 1.644828668445883586e-03
7.413122318039519487e-04 -1.046575484780225187e-04 1.349385150385262440e-03
4.599522666172643076e-04 -3.577126448451318206e-05 5.062014987669667069e-04
8.952615810814185029e-04 2.315328438159064493e-04 8.076193869616497692e-04
1.110194342432833069e-03 3.768270007518029056e-05 1.372003409058387751e-03
6.088244581685637409e-04 -2.686745086636832189e-04 9.785924152151607817e-04
7.319079400489215828e-04 -2.668482873900531382e-04 5.175988104829415837e-04
1.260686211804985454e-03 -1.970953911801208165e-04 7.916306938780837696e-04
1.070642317754896518e-03 -1.798687272718128068e-04 1.266226265452668164e-03
1.127073893400690587e-03 7.933038421022135128e-05 1.093351466626788209e-03
1.790183301960950263e-03 5.367585884342796279e-04 5.844981112040177011e-04
1.766373751270043906e-03 4.318292989924353044e-04 5.361362252132856202e-04
1.365067472006363221e-03 2.285919433758828035e-04 1.154974805113146308e-03
0.000000000000000000e+00 0.000000000000000000e+00 0.000000000000000000e+00
