# # angle Zxx Zyy Zzz
1.000000000000000000e+01 -1.709799999999999931e-01 2.176800000000000124e-01 2.362499999999999878e-01
2.000000000000000000e+01 -1.077000000000000041e-01 2.173700000000000077e-01 2.560499999999999998e-01
3.000000000000000000e+01 -6.508999999999999508e-02 2.356399999999999884e-01 2.732200000000000184e-01
4.000000000000000000e+01 -4.080000000000000293e-02 2.586100000000000065e-01 2.843600000000000017e-01
5.000000000000000000e+01 -2.471999999999999892e-02 2.742800000000000238e-01 2.911500000000000199e-01
6.000000000000000000e+01 -9.249999999999999542e-03 2.798700000000000077e-01 2.959200000000000164e-01
7.000000000000000000e+01 7.729999999999999892e-03 2.795400000000000107e-01 3.006300000000000083e-01
8.000000000000000000e+01 2.777999999999999914e-02 2.772800000000000264e-01 3.061099999999999932e-01
9.000000000000000000e+01 5.143999999999999961e-02 2.757299999999999751e-01 3.129700000000000260e-01
1.000000000000000000e+02 8.054000000000000048e-02 2.759499999999999731e-01 3.212800000000000100e-01
1.100000000000000000e+02 1.173399999999999999e-01 2.788800000000000168e-01 3.311799999999999744e-01
1.200000000000000000e+02 1.641700000000000104e-01 2.858100000000000085e-01 3.427100000000000146e-01
1.300000000000000000e+02 2.217800000000000049e-01 2.980499999999999816e-01 3.553399999999999892e-01
1.400000000000000000e+02 2.899800000000000155e-01 3.168400000000000105e-01 3.685300000000000242e-01
1.500000000000000000e+02 3.656099999999999905e-01 3.420699999999999852e-01 3.813300000000000023e-01
1.600000000000000000e+02 4.396100000000000008e-01 3.701200000000000045e-01 3.922700000000000076e-01
1.700000000000000000e+02 4.955999999999999850e-01 3.933099999999999929e-01 3.997899999999999787e-01
1.800000000000000000e+02 5.165300000000000447e-01 4.025900000000000034e-01 4.025900000000000034e-01
