# # angle Zxx Zyy Zzz
1.000000000000000000e+01 -1.936299999999999966e-01 2.417900000000000049e-01 2.363500000000000045e-01
2.000000000000000000e+01 -1.271200000000000108e-01 2.441699999999999982e-01 2.565200000000000258e-01
3.000000000000000000e+01 -1.811000000000000110e-02 2.009900000000000020e-01 2.740799999999999903e-01
4.000000000000000000e+01 9.077000000000000346e-02 1.378699999999999926e-01 2.852500000000000036e-01
5.000000000000000000e+01 1.711600000000000066e-01 8.466999999999999527e-02 2.916000000000000258e-01
6.000000000000000000e+01 2.194899999999999907e-01 5.372999999999999998e-02 2.958500000000000019e-01
7.000000000000000000e+01 2.459000000000000075e-01 4.200999999999999873e-02 3.002299999999999969e-01
8.000000000000000000e+01 2.619900000000000007e-01 4.295000000000000207e-02 3.057300000000000018e-01
9.000000000000000000e+01 2.757299999999999751e-01 5.143999999999999961e-02 3.129700000000000260e-01
1.000000000000000000e+02 2.921300000000000008e-01 6.635000000000000620e-02 3.219099999999999739e-01
1.100000000000000000e+02 3.139299999999999868e-01 8.927999999999999825e-02 3.324500000000000233e-01
1.200000000000000000e+02 3.423200000000000132e-01 1.229900000000000021e-01 3.443800000000000194e-01
1.300000000000000000e+02 3.774600000000000177e-01 1.680099999999999927e-01 3.570900000000000185e-01
1.400000000000000000e+02 4.171500000000000208e-01 2.237500000000000044e-01 3.699899999999999856e-01
1.500000000000000000e+02 4.567899999999999738e-01 2.855500000000000260e-01 3.822800000000000087e-01
1.600000000000000000e+02 4.901699999999999946e-01 3.438999999999999835e-01 3.927200000000000135e-01
1.700000000000000000e+02 5.104499999999999593e-01 3.866399999999999837e-01 3.999099999999999877e-01
1.800000000000000000e+02 5.174100000000000366e-01 4.025900000000000034e-01 4.025900000000000034e-01
