# wannierによって計算したdipole-moment，pol[0]との差
0 0.0 0.0 0.0
1 -0.00075648 -0.00081023  0.00086391
2 -0.00011806 -0.00048744  0.00045524
3  9.37639719e-06 -5.89534810e-04  8.95112158e-05
4 -0.00072037 -0.00086154  0.00089463
5  0.00011066 -0.00014099  0.0020701 
6 0.00058976 0.00034709 0.00198281
7 0.00022888 0.00025753 0.00144343
8 4.24019428e-05 5.67755895e-05 2.21753035e-03
9 0.00067659 0.00018962 0.00336577
10  0.00059615 -0.0001985   0.00298805
11 -0.00013378 -0.00102242  0.00194987
12  0.00026427 -0.00109589  0.00260556
13  0.00032815 -0.0006487   0.0032809 
14 0.00654931 0.04355365 0.00249628
15  6.06898746e-05 -5.22305922e-04  1.74894110e-03
16  0.00025328 -0.00062452  0.00179763
17  0.00012205 -0.00076647  0.00254146
18 -9.51539921e-05 -1.31817006e-03  2.08625596e-03
19  5.86381373e-05 -1.51023309e-03  7.78675898e-04
20  5.65177453e-05 -1.58813964e-03  1.24177824e-03
21  1.87925488e-05 -1.42958307e-03  2.11663002e-03
22  0.00029907 -0.00102442  0.00151048
23  0.00053214 -0.00078013  0.0007967 
24  0.00100966 -0.00049211  0.00122197
25  0.00079782 -0.00052799  0.00195539
26  0.00093543 -0.00091434  0.00168893
27  0.00098054 -0.00087598  0.00089769
28  0.00098809 -0.00087834  0.00082298
29  0.00095076 -0.00099787  0.00178296
