0 0.0
1 0.0027088744790604597
2 0.0033410674937740005
3 0.003625918724382977
4 0.0042063138606599874
5 0.007184045113053354
6 0.00713586094834175
7 0.0059967804938986305
8 0.007776724740649328
9 0.011129521947752763
10 0.010336379846641014
11 0.007461439516532239
12 0.008652430700936483
13 0.010630795535142797
14 0.009092774214849017
15 0.006555090532945946
16 0.006386787752972825
17 0.009111907544440216
18 0.007797632802766031
19 0.003314187956901651
20 0.005354214656870301
21 0.008782593453809254
22 0.00650378399180497
23 0.005825967459103531
24 0.00903901374573332
25 0.009289613635667122
26 0.007942977257072896
27 0.008616526978962058
28 0.008875129954456263
29 0.008753341845314783
