0 0.0
1 0.006745655084230305
2 0.0032511485190228145
3 0.0028624971218528155
4 0.006891767346309583
5 0.009973472883176045
6 0.010068180916009143
7 0.0071229421207080045
8 0.010649370898351152
9 0.01650365770729423
10 0.014656029775299752
11 0.0105872795881248
12 0.013626796225096051
13 0.016129944687555776
14 0.21174307349682467
15 0.0087659505522009
16 0.009214897315960563
17 0.012754927501387354
18 0.01185401015966389
19 0.00816065740322519
20 0.009680347103866406
21 0.012260151662751169
22 0.008877159132362452
23 0.005930366632115561
24 0.007966674183364986
25 0.010448846086672507
26 0.010253788832417586
27 0.007641712759247031
28 0.007474776435043284
29 0.010816983467378163
